cell | V (mV),INa | xina (nA_per_nF)
-87.1698,-2.25E-06
-87.02,-2.35E-06
-86.8705,-2.52E-06
-86.7212,-2.71E-06
-86.5723,-2.92E-06
-86.4236,-3.14E-06
-86.2752,-3.38E-06
-86.1271,-3.63E-06
-85.9792,-3.91E-06
-85.8317,-4.20E-06
-85.6843,-4.52E-06
-85.5373,-4.85E-06
-85.3904,-5.22E-06
-85.2439,-5.60E-06
-85.0975,-6.02E-06
-84.9515,-6.47E-06
-84.8056,-6.95E-06
-84.66,-7.46E-06
-84.5146,-8.01E-06
-84.3695,-8.60E-06
-84.2245,-9.23E-06
-84.0798,-9.91E-06
-83.9353,-1.06E-05
-83.7911,-1.14E-05
-83.647,-1.22E-05
-83.5032,-1.31E-05
-83.3595,-1.41E-05
-83.2161,-1.51E-05
-83.0729,-1.62E-05
-82.9298,-1.73E-05
-82.787,-1.86E-05
-82.6444,-1.99E-05
-82.5019,-2.13E-05
-82.3596,-2.29E-05
-82.2176,-2.45E-05
-82.0757,-2.63E-05
-81.934,-2.81E-05
-81.7924,-3.01E-05
-81.6511,-3.22E-05
-81.5099,-3.45E-05
-81.3688,-3.69E-05
-81.228,-3.95E-05
-81.0873,-4.23E-05
-80.9468,-4.53E-05
-80.8064,-4.84E-05
-80.6662,-5.18E-05
-80.5261,-5.54E-05
-80.3862,-5.93E-05
-80.2464,-6.34E-05
-80.1068,-6.79E-05
-79.9674,-7.26E-05
-79.828,-7.76E-05
-79.6889,-8.29E-05
-79.5498,-8.86E-05
-79.4109,-9.46E-05
-79.2721,-0.000101059
-79.1335,-0.00010795
-78.995,-0.000115317
-78.8566,-0.000123205
-78.7183,-0.000131667
-78.5802,-0.000140694
-78.4421,-0.000150294
-78.3042,-0.000160481
-78.1664,-0.000171245
-78.0288,-0.000182706
-77.8912,-0.000195019
-77.7537,-0.000208256
-77.6164,-0.000222379
-77.4791,-0.000237336
-77.342,-0.000253088
-77.2049,-0.000269888
-77.068,-0.0002879
-76.9311,-0.000307291
-76.7944,-0.000327962
-76.6577,-0.000349829
-76.5211,-0.000372893
-76.3847,-0.000397404
-76.2483,-0.000423673
-76.1119,-0.000451795
-75.9757,-0.000481772
-75.8396,-0.000513605
-75.7035,-0.000547418
-75.5675,-0.000583376
-75.4316,-0.000621649
-75.2957,-0.000662387
-75.16,-0.000705741
-75.0242,-0.000751876
-74.8886,-0.000800963
-74.753,-0.000853181
-74.6175,-0.000908717
-74.4821,-0.000967781
-74.3467,-0.00103059
-74.2114,-0.00109738
-74.0761,-0.0011684
-73.9409,-0.00124391
-73.8057,-0.00132419
-73.6706,-0.00140954
-73.5356,-0.00150025
-73.4006,-0.00159668
-73.2656,-0.00169916
-73.1307,-0.00180807
-72.9958,-0.00192381
-72.861,-0.00204679
-72.7262,-0.00217746
-72.5914,-0.00231628
-72.4567,-0.00246375
-72.322,-0.0026204
-72.1874,-0.00278679
-72.0528,-0.0029635
-71.9182,-0.00315116
-71.7837,-0.00335045
-71.6492,-0.00356205
-71.5147,-0.00378672
-71.3802,-0.00402524
-71.2458,-0.00427845
-71.1113,-0.00454722
-70.9769,-0.00483251
-70.8426,-0.00513529
-70.7082,-0.0054566
-70.5739,-0.00579758
-70.4395,-0.00615938
-70.3052,-0.00654324
-70.1709,-0.00695049
-70.0366,-0.0073825
-69.9024,-0.00784075
-69.7681,-0.00832681
-69.6338,-0.0088423
-69.4996,-0.00938896
-69.3653,-0.00996866
-69.2311,-0.0105833
-69.0968,-0.011235
-68.9626,-0.0119259
-68.8283,-0.0126583
-68.6941,-0.0134346
-68.5598,-0.0142575
-68.4255,-0.0151295
-68.2913,-0.0160536
-68.157,-0.0170328
-68.0227,-0.0180703
-67.8884,-0.0191694
-67.7541,-0.0203339
-67.6197,-0.0215673
-67.4854,-0.0228738
-67.351,-0.0242575
-67.2166,-0.0257229
-67.0822,-0.0272746
-66.9478,-0.0289178
-66.8133,-0.0306575
-66.6788,-0.0324993
-66.5443,-0.0344491
-66.4097,-0.0365129
-66.2751,-0.0386973
-66.1405,-0.0410091
-66.0059,-0.0434556
-65.8712,-0.0460443
-65.7364,-0.0487834
-65.6017,-0.0516812
-65.4668,-0.0547467
-65.332,-0.0579894
-65.197,-0.0614191
-65.0621,-0.0650463
-64.927,-0.0688822
-64.7919,-0.0729384
-64.6568,-0.0772272
-64.5215,-0.0817617
-64.3863,-0.0865555
-64.2509,-0.0916232
-64.1155,-0.09698
-63.9799,-0.102642
-63.8443,-0.108626
-63.7087,-0.11495
-63.5729,-0.121632
-63.437,-0.128692
-63.3011,-0.136152
-63.165,-0.144033
-63.0288,-0.152358
-62.8925,-0.161152
-62.7561,-0.17044
-62.6196,-0.180249
-62.4829,-0.190608
-62.3461,-0.201547
-62.2092,-0.213098
-62.0721,-0.225294
-61.9348,-0.238171
-61.7974,-0.251765
-61.6598,-0.266117
-61.5221,-0.281268
-61.3841,-0.29726
-61.246,-0.314141
-61.1076,-0.331958
-60.9691,-0.350763
-60.8303,-0.37061
-60.6912,-0.391554
-60.5519,-0.413658
-60.4124,-0.436983
-60.2726,-0.461595
-60.1325,-0.487567
-59.9921,-0.514973
-59.8513,-0.54389
-59.7103,-0.574404
-59.5688,-0.606602
-59.4271,-0.640575
-59.2849,-0.676426
-59.1423,-0.714257
-58.9993,-0.754176
-58.8558,-0.796304
-58.7119,-0.840764
-58.5675,-0.887683
-58.4225,-0.937207
-58.277,-0.989478
-58.131,-1.04465
-57.9843,-1.10291
-57.837,-1.16442
-57.689,-1.22938
-57.5403,-1.29798
-57.3909,-1.37043
-57.2406,-1.44695
-57.0896,-1.52778
-56.9376,-1.61317
-56.7848,-1.70339
-56.631,-1.79876
-56.4761,-1.89958
-56.3202,-2.0062
-56.1631,-2.11897
-56.0048,-2.23827
-55.8453,-2.36452
-55.6844,-2.49816
-55.5221,-2.63964
-55.3583,-2.78952
-55.1929,-2.94832
-55.0258,-3.11665
-54.8569,-3.29515
-54.6861,-3.48449
-54.5134,-3.68545
-54.3385,-3.89883
-54.1614,-4.12554
-53.9818,-4.3665
-53.7998,-4.62278
-53.615,-4.8955
-53.4274,-5.18591
-53.2367,-5.49533
-53.0428,-5.82527
-52.8454,-6.17732
-52.6444,-6.5533
-52.4393,-6.95513
-52.2301,-7.38497
-52.0164,-7.84517
-51.7978,-8.33835
-51.5741,-8.8674
-51.3448,-9.43551
-51.1096,-10.0462
-50.868,-10.7036
-50.6195,-11.4118
-50.3635,-12.176
-50.0996,-13.0016
-49.8269,-13.8947
-49.545,-14.8623
-49.2528,-15.9121
-48.9496,-17.0529
-48.6345,-18.2945
-48.3063,-19.648
-47.9639,-21.1263
-47.606,-22.7435
-47.231,-24.5161
-46.8373,-26.4625
-46.4232,-28.6039
-45.9864,-30.9642
-45.5248,-33.5709
-45.0356,-36.4551
-44.5159,-39.6522
-43.9624,-43.2023
-43.3713,-47.1507
-42.7384,-51.5479
-42.059,-56.4498
-41.3276,-61.9172
-40.5383,-68.0137
-39.6846,-74.7777
-38.7595,-82.2738
-37.7551,-90.6358
-36.6622,-99.9462
-35.4709,-110.282
-34.1707,-121.705
-32.7505,-134.254
-31.1989,-147.924
-29.505,-162.653
-27.6589,-178.293
-25.6527,-194.59
-23.4816,-211.159
-21.1456,-227.474
-18.6505,-242.877
-16.0093,-256.607
-13.2426,-267.876
-10.3788,-275.963
-7.45277,-280.328
-4.50326,-280.696
-1.57034,-277.104
1.30777,-269.878
4.09735,-259.569
6.77089,-246.855
9.30789,-232.451
11.6949,-217.034
13.7778,-201.769
15.7073,-186.503
17.4854,-171.604
19.1171,-157.334
20.6096,-143.864
21.9716,-131.292
23.2121,-119.661
24.3407,-108.972
25.3666,-99.1967
26.2987,-90.2907
27.1456,-82.1978
27.9149,-74.8565
28.6139,-68.2044
29.2493,-62.18
29.8268,-56.7248
30.352,-51.784
30.8298,-47.3073
31.2646,-43.2487
31.6603,-39.5662
32.0204,-36.2224
32.3483,-33.1834
32.6469,-30.419
32.9186,-27.9019
33.1659,-25.6081
33.3909,-23.5158
33.5956,-21.6057
33.7816,-19.8604
33.9506,-18.2645
34.1039,-16.804
34.2429,-15.4665
34.3687,-14.2407
34.4824,-13.1167
34.5849,-12.0853
34.6773,-11.1384
34.7602,-10.2686
34.8345,-9.46916
34.9007,-8.7341
34.9596,-8.05793
35.0116,-7.43567
35.0574,-6.8628
35.0973,-6.33523
35.1319,-5.8492
35.1615,-5.40131
35.1865,-4.98845
35.2072,-4.60778
35.224,-4.2567
35.2371,-3.93284
35.2468,-3.63402
35.2533,-3.35825
35.2569,-3.1037
35.2578,-2.8687
35.2562,-2.65171
35.2522,-2.45133
35.246,-2.26625
35.2378,-2.09529
35.2276,-1.93734
35.2158,-1.79141
35.2022,-1.65656
35.1871,-1.53195
35.1706,-1.41677
35.1527,-1.31032
35.1336,-1.21192
35.1132,-1.12095
35.0918,-1.03684
35.0694,-0.959087
35.0459,-0.887191
35.0216,-0.82071
34.9964,-0.759235
34.9704,-0.702383
34.9436,-0.649807
34.9162,-0.601181
34.888,-0.556207
34.8592,-0.514609
34.8299,-0.476133
34.7999,-0.440543
34.7694,-0.407623
34.7384,-0.377171
34.707,-0.349001
34.675,-0.322943
34.6427,-0.29884
34.6099,-0.27654
34.5767,-0.255905
34.5432,-0.236821
34.5093,-0.219162
34.4751,-0.202819
34.4405,-0.1877
34.4056,-0.17371
34.3704,-0.160762
34.335,-0.14878
34.2992,-0.137693
34.2633,-0.127433
34.227,-0.117937
34.1905,-0.109152
34.1538,-0.101021
34.1168,-0.093497
34.0797,-0.0865349
34.0423,-0.0800927
34.0047,-0.0741306
33.9669,-0.0686127
33.929,-0.0635072
33.8908,-0.0587821
33.8525,-0.0544079
33.814,-0.0503605
33.7753,-0.0466144
33.7365,-0.0431468
33.6975,-0.0399373
33.6584,-0.036967
33.6191,-0.0342177
33.5797,-0.0316731
33.5401,-0.0293191
33.5004,-0.0271408
33.4606,-0.025125
33.4206,-0.023259
33.3805,-0.0215313
33.3403,-0.0199357
33.3,-0.0184597
33.2595,-0.0170936
33.219,-0.0158281
33.1783,-0.0146542
33.1375,-0.0135722
33.0967,-0.0125709
33.0557,-0.0116437
33.0146,-0.0107839
32.9734,-0.00998519
32.9322,-0.00924815
32.8908,-0.00856582
32.8493,-0.00793351
32.8078,-0.00734719
32.7662,-0.00680297
32.7245,-0.00629931
32.6827,-0.005833
32.6408,-0.00540095
32.5989,-0.00500066
32.5569,-0.00462979
32.5148,-0.00428643
32.4727,-0.00396867
32.4304,-0.00367453
32.3882,-0.00340223
32.3458,-0.00315006
32.3034,-0.00291726
32.2609,-0.00270294
32.2184,-0.00250523
32.1758,-0.00232275
32.1332,-0.00215415
32.0905,-0.00199799
32.0478,-0.00185277
32.005,-0.00171688
31.9621,-0.0015947
31.9192,-0.00148337
31.8763,-0.00138091
31.8334,-0.00128628
31.7903,-0.00119838
31.7473,-0.001116
31.7042,-0.00103783
31.6611,-0.000963185
31.618,-0.000899136
31.5748,-0.000839858
31.5316,-0.000784772
31.4883,-0.000733278
31.4451,-0.000684746
31.4018,-0.000638515
31.3585,-0.000593878
31.3151,-0.000551795
31.2718,-0.000514354
31.2284,-0.000479186
31.185,-0.000446109
31.1416,-0.000414962
31.0982,-0.000385602
31.0548,-0.000357903
31.0113,-0.000331752
30.9679,-0.000307229
30.9244,-0.000284287
30.8809,-0.000262813
30.8375,-0.000242779
30.794,-0.000224168
30.7505,-0.000206975
30.707,-0.000191202
30.6635,-0.000176855
30.6201,-0.000163354
30.5766,-0.000150935
30.5331,-0.000139566
30.4896,-0.000129168
30.4462,-0.000119653
30.4027,-0.000110916
30.3593,-0.000102837
30.3159,-9.54E-05
30.2724,-8.91E-05
30.229,-8.33E-05
30.1856,-7.81E-05
30.1423,-7.33E-05
30.0989,-6.88E-05
30.0555,-6.45E-05
30.0122,-6.02E-05
29.9689,-5.62E-05
29.9256,-5.29E-05
29.8824,-4.98E-05
29.8391,-4.69E-05
29.7959,-4.40E-05
29.7527,-4.13E-05
29.7096,-3.85E-05
29.6665,-3.58E-05
29.6234,-3.33E-05
29.5803,-3.08E-05
29.5373,-2.85E-05
29.4943,-2.62E-05
29.4513,-2.41E-05
29.4084,-2.21E-05
29.3655,-2.03E-05
29.3226,-1.87E-05
29.2798,-1.69E-05
29.237,-1.53E-05
29.1942,-1.38E-05
29.1515,-1.24E-05
29.1089,-1.12E-05
29.0663,-1.01E-05
29.0237,-9.22E-06
28.9811,-8.46E-06
28.9387,-7.72E-06
28.8962,-7.09E-06
28.8538,-6.56E-06
28.8115,-6.10E-06
28.7692,-5.71E-06
28.7269,-5.35E-06
28.6847,-5.00E-06
28.6426,-4.75E-06
28.6005,-4.61E-06
28.5585,-4.49E-06
28.5165,-4.40E-06
28.4745,-4.30E-06
28.4327,-4.17E-06
28.3908,-4.01E-06
28.3491,-3.77E-06
28.3074,-3.63E-06
28.2657,-3.49E-06
28.2241,-3.34E-06
28.1826,-3.18E-06
28.1411,-3.00E-06
28.0997,-2.81E-06
28.0584,-2.62E-06
28.0171,-2.42E-06
27.9759,-2.19E-06
27.9347,-1.95E-06
27.8936,-1.72E-06
27.8526,-1.49E-06
27.8116,-1.29E-06
27.7707,-1.11E-06
27.7299,-9.78E-07
27.6891,-8.55E-07
27.6484,-6.99E-07
27.6078,-5.59E-07
27.5672,-4.39E-07
27.5268,-3.40E-07
27.4863,-2.63E-07
27.446,-2.10E-07
27.4057,-1.81E-07
27.3655,-1.66E-07
27.3254,-1.63E-07
27.2853,-1.73E-07
27.2453,-1.93E-07
27.2054,-2.16E-07
27.1656,-2.37E-07
27.1258,-2.49E-07
27.0861,-2.43E-07
27.0465,-2.79E-07
27.007,-3.16E-07
26.9675,-3.50E-07
26.9281,-3.77E-07
26.8888,-3.96E-07
26.8496,-4.03E-07
26.8104,-3.95E-07
26.7713,-3.76E-07
26.7323,-3.66E-07
26.6934,-3.49E-07
26.6546,-3.26E-07
26.6158,-3.00E-07
26.5772,-2.71E-07
26.5386,-2.44E-07
26.5,-2.19E-07
26.4616,-1.89E-07
26.4232,-1.49E-07
26.385,-1.08E-07
26.3468,-7.01E-08
26.3087,-3.59E-08
26.2706,-7.98E-09
26.2327,1.10E-08
26.1948,1.82E-08
26.1571,3.23E-08
26.1194,4.59E-08
26.0818,5.53E-08
26.0442,6.06E-08
26.0068,6.23E-08
25.9695,6.08E-08
25.9322,5.71E-08
25.895,5.16E-08
25.8579,3.94E-08
25.8209,2.52E-08
25.784,9.92E-09
25.7471,-5.23E-09
25.7104,-1.88E-08
25.6737,-2.93E-08
25.6371,-3.47E-08
25.6006,-3.88E-08
25.5642,-4.90E-08
25.5279,-5.77E-08
25.4916,-6.45E-08
25.4555,-6.91E-08
25.4194,-7.14E-08
25.3835,-7.12E-08
25.3476,-6.83E-08
25.3118,-6.39E-08
25.2761,-5.82E-08
25.2405,-5.12E-08
25.2049,-4.35E-08
25.1695,-3.55E-08
25.1341,-2.81E-08
25.0989,-2.22E-08
25.0637,-1.88E-08
25.0286,-3.62E-09
24.9936,1.46E-08
24.9587,3.45E-08
24.9239,5.59E-08
24.8892,7.80E-08
24.8545,1.00E-07
24.82,1.21E-07
24.7855,1.40E-07
24.7512,1.56E-07
24.7169,1.67E-07
24.6827,1.71E-07
24.6486,1.67E-07
24.6146,1.79E-07
24.5806,2.02E-07
24.5468,2.25E-07
24.5131,2.48E-07
24.4794,2.70E-07
24.4459,2.90E-07
24.4124,3.08E-07
24.379,3.22E-07
24.3457,3.31E-07
24.3125,3.35E-07
24.2794,3.32E-07
24.2464,3.20E-07
24.2135,3.11E-07
24.1806,3.17E-07
24.1479,3.22E-07
24.1152,3.26E-07
24.0826,3.28E-07
24.0502,3.29E-07
24.0178,3.27E-07
23.9855,3.23E-07
23.9533,3.17E-07
23.9211,3.08E-07
23.8891,2.96E-07
23.8572,2.80E-07
23.8253,2.62E-07
23.7935,2.50E-07
23.7619,2.38E-07
23.7303,2.24E-07
23.6988,2.11E-07
23.6674,1.97E-07
23.6361,1.83E-07
23.6049,1.69E-07
23.5737,1.55E-07
23.5427,1.42E-07
23.5117,1.30E-07
23.4809,1.19E-07
23.4501,1.09E-07
23.4194,9.70E-08
23.3888,8.49E-08
23.3583,7.34E-08
23.3279,6.26E-08
23.2975,5.27E-08
23.2673,4.36E-08
23.2371,3.54E-08
23.2071,2.84E-08
23.1771,2.25E-08
23.1472,1.78E-08
23.1174,1.44E-08
23.0877,1.25E-08
23.0581,1.06E-08
23.0285,8.81E-09
22.9991,7.79E-09
22.9697,7.42E-09
22.9404,7.62E-09
22.9112,8.28E-09
22.8822,9.26E-09
22.8531,1.04E-08
22.8242,1.16E-08
22.7954,1.26E-08
22.7666,1.33E-08
22.738,1.33E-08
22.7094,1.39E-08
22.6809,1.66E-08
22.6525,1.93E-08
22.6242,2.20E-08
22.5959,2.46E-08
22.5678,2.70E-08
22.5397,2.91E-08
22.5117,3.07E-08
22.4839,3.19E-08
22.456,3.24E-08
22.4283,3.22E-08
22.4007,3.12E-08
22.3731,2.95E-08
22.3457,2.92E-08
22.3183,2.86E-08
22.291,2.77E-08
22.2638,2.66E-08
22.2367,2.52E-08
22.2096,2.36E-08
22.1827,2.19E-08
22.1558,2.01E-08
22.129,1.82E-08
22.1023,1.65E-08
22.0757,1.49E-08
22.0491,1.35E-08
22.0227,1.11E-08
21.9963,8.41E-09
21.97,5.71E-09
21.9438,3.04E-09
21.9177,4.65E-10
21.8916,-1.96E-09
21.8657,-4.16E-09
21.8398,-6.07E-09
21.814,-7.61E-09
21.7883,-8.70E-09
21.7626,-9.23E-09
21.7371,-9.13E-09
21.7116,-9.47E-09
21.6862,-1.03E-08
21.6609,-1.09E-08
21.6357,-1.14E-08
21.6105,-1.16E-08
21.5854,-1.17E-08
21.5604,-1.15E-08
21.5355,-1.13E-08
21.5107,-1.08E-08
21.4859,-1.03E-08
21.4613,-9.64E-09
21.4367,-8.91E-09
21.4122,-8.04E-09
21.3877,-6.87E-09
21.3634,-5.61E-09
21.3391,-4.30E-09
21.3149,-2.97E-09
21.2908,-1.65E-09
21.2667,-3.78E-10
21.2427,7.96E-10
21.2189,1.83E-09
21.195,2.66E-09
21.1713,3.24E-09
21.1476,3.51E-09
21.1241,3.50E-09
21.1006,4.27E-09
21.0771,4.96E-09
21.0538,5.55E-09
21.0305,6.05E-09
21.0073,6.44E-09
20.9842,6.72E-09
20.9611,6.88E-09
20.9382,6.92E-09
20.9153,6.84E-09
20.8924,6.64E-09
20.8697,6.31E-09
20.847,5.86E-09
20.8244,5.39E-09
20.8019,4.85E-09
20.7794,4.25E-09
20.757,3.61E-09
20.7347,2.94E-09
20.7125,2.26E-09
20.6903,1.59E-09
20.6683,9.68E-10
20.6462,4.09E-10
20.6243,-5.09E-11
20.6024,-3.79E-10
20.5806,-5.39E-10
20.5589,-8.66E-10
20.5373,-1.41E-09
20.5157,-1.93E-09
20.4942,-2.40E-09
20.4727,-2.82E-09
20.4514,-3.18E-09
20.4301,-3.47E-09
20.4089,-3.68E-09
20.3877,-3.81E-09
20.3666,-3.85E-09
20.3456,-3.78E-09
20.3247,-3.61E-09
20.3038,-3.40E-09
20.283,-3.32E-09
20.2623,-3.19E-09
20.2416,-3.03E-09
20.221,-2.83E-09
20.2005,-2.59E-09
20.18,-2.33E-09
20.1596,-2.04E-09
20.1393,-1.74E-09
20.1191,-1.41E-09
20.0989,-1.09E-09
20.0788,-7.58E-10
20.0587,-4.37E-10
20.0387,-1.32E-10
20.0188,1.49E-10
19.999,3.97E-10
19.9792,6.02E-10
19.9595,7.53E-10
19.9398,8.39E-10
19.9202,9.51E-10
19.9007,1.33E-09
19.8813,1.71E-09
19.8619,2.08E-09
19.8426,2.44E-09
19.8233,2.79E-09
19.8041,3.13E-09
19.785,3.44E-09
19.7659,3.73E-09
19.7469,3.98E-09
19.728,4.21E-09
19.7091,4.40E-09
19.6903,4.55E-09
19.6716,4.65E-09
19.6529,4.70E-09
19.6343,4.69E-09
19.6158,4.63E-09
19.5973,4.49E-09
19.5789,4.29E-09
19.5605,4.06E-09
19.5422,4.01E-09
19.524,3.94E-09
19.5058,3.85E-09
19.4877,3.74E-09
19.4696,3.61E-09
19.4517,3.46E-09
19.4337,3.30E-09
19.4159,3.13E-09
19.3981,2.94E-09
19.3803,2.75E-09
19.3626,2.55E-09
19.345,2.35E-09
19.3275,2.15E-09
19.31,1.96E-09
19.2925,1.77E-09
19.2751,1.60E-09
19.2578,1.45E-09
19.2405,1.32E-09
19.2233,1.19E-09
19.2062,9.34E-10
19.1891,6.76E-10
19.1721,4.19E-10
19.1551,1.66E-10
19.1382,-8.20E-11
19.1214,-3.22E-10
19.1046,-5.51E-10
19.0878,-7.68E-10
19.0712,-9.69E-10
19.0545,-1.15E-09
19.038,-1.31E-09
19.0215,-1.45E-09
19.005,-1.56E-09
18.9886,-1.64E-09
18.9723,-1.69E-09
18.956,-1.70E-09
18.9398,-1.67E-09
18.9236,-1.59E-09
18.9075,-1.49E-09
18.8914,-1.51E-09
18.8754,-1.53E-09
18.8595,-1.53E-09
18.8436,-1.52E-09
18.8278,-1.49E-09
18.812,-1.46E-09
18.7963,-1.41E-09
18.7806,-1.36E-09
18.765,-1.29E-09
18.7494,-1.22E-09
18.7339,-1.14E-09
18.7185,-1.05E-09
18.7031,-9.65E-10
18.6877,-8.74E-10
18.6724,-7.81E-10
18.6572,-6.90E-10
18.642,-6.02E-10
18.6269,-5.20E-10
18.6118,-4.41E-10
18.5967,-3.05E-10
18.5818,-1.67E-10
18.5668,-2.77E-11
18.552,1.12E-10
18.5371,2.49E-10
18.5224,3.84E-10
18.5077,5.14E-10
18.493,6.38E-10
18.4784,7.54E-10
18.4638,8.60E-10
18.4493,9.55E-10
18.4348,1.04E-09
18.4204,1.10E-09
18.406,1.15E-09
18.3917,1.18E-09
18.3775,1.18E-09
18.3633,1.16E-09
18.3491,1.12E-09
18.335,1.04E-09
18.3209,1.06E-09
18.3069,1.08E-09
18.2929,1.09E-09
18.279,1.09E-09
18.2652,1.08E-09
18.2513,1.07E-09
18.2376,1.05E-09
18.2238,1.02E-09
18.2102,9.84E-10
18.1965,9.45E-10
18.183,9.01E-10
18.1694,8.52E-10
18.1559,7.99E-10
18.1425,7.43E-10
18.1291,6.83E-10
18.1158,6.23E-10
18.1025,5.61E-10
18.0892,4.99E-10
18.076,4.39E-10
18.0629,3.56E-10
18.0498,2.69E-10
18.0367,1.82E-10
18.0237,9.40E-11
18.0107,6.40E-12
17.9978,-8.00E-11
17.9849,-1.64E-10
17.9721,-2.45E-10
17.9593,-3.22E-10
17.9465,-3.93E-10
17.9338,-4.58E-10
17.9212,-5.15E-10
17.9086,-5.63E-10
17.896,-6.01E-10
17.8835,-6.27E-10
17.871,-6.39E-10
17.8586,-6.37E-10
17.8462,-6.18E-10
17.8339,-5.81E-10
17.8215,-5.98E-10
17.8093,-6.17E-10
17.7971,-6.32E-10
17.7849,-6.42E-10
17.7728,-6.48E-10
17.7607,-6.49E-10
17.7486,-6.46E-10
17.7366,-6.38E-10
17.7247,-6.27E-10
17.7128,-6.11E-10
17.7009,-5.91E-10
17.6891,-5.67E-10
17.6773,-5.40E-10
17.6655,-5.10E-10
17.6538,-4.77E-10
17.6422,-4.41E-10
17.6305,-4.03E-10
17.619,-3.63E-10
17.6074,-3.22E-10
17.5959,-2.74E-10
17.5845,-2.23E-10
17.573,-1.72E-10
17.5617,-1.19E-10
17.5503,-6.62E-11
17.539,-1.37E-11
17.5278,3.80E-11
17.5166,8.83E-11
17.5054,1.36E-10
17.4943,1.82E-10
17.4832,2.24E-10
17.4721,2.61E-10
17.4611,2.94E-10
17.4501,3.20E-10
17.4392,3.40E-10
17.4283,3.51E-10
17.4174,3.54E-10
17.4066,3.48E-10
17.3958,3.30E-10
17.385,3.41E-10
17.3743,3.57E-10
17.3637,3.71E-10
17.353,3.83E-10
17.3424,3.92E-10
17.3319,3.97E-10
17.3214,4.01E-10
17.3109,4.01E-10
17.3004,3.98E-10
17.29,3.93E-10
17.2797,3.85E-10
17.2693,3.74E-10
17.259,3.61E-10
17.2488,3.44E-10
17.2386,3.26E-10
17.2284,3.05E-10
17.2182,2.81E-10
17.2081,2.56E-10
17.198,2.29E-10
17.188,2.00E-10
17.178,1.71E-10
17.168,1.40E-10
17.1581,1.09E-10
17.1482,7.74E-11
17.1383,4.56E-11
17.1285,1.40E-11
17.1187,-1.71E-11
17.109,-4.71E-11
17.0992,-7.57E-11
17.0895,-1.02E-10
17.0799,-1.27E-10
17.0703,-1.48E-10
17.0607,-1.66E-10
17.0511,-1.81E-10
17.0416,-1.90E-10
17.0322,-1.95E-10
17.0227,-1.93E-10
17.0133,-1.86E-10
17.0039,-1.92E-10
16.9946,-2.05E-10
16.9853,-2.17E-10
16.976,-2.27E-10
16.9667,-2.35E-10
16.9575,-2.42E-10
16.9484,-2.47E-10
16.9392,-2.50E-10
16.9301,-2.51E-10
16.921,-2.51E-10
16.912,-2.48E-10
16.903,-2.44E-10
16.894,-2.37E-10
16.885,-2.29E-10
16.8761,-2.19E-10
16.8672,-2.07E-10
16.8584,-1.93E-10
16.8496,-1.77E-10
16.8408,-1.59E-10
16.832,-1.42E-10
16.8233,-1.25E-10
16.8146,-1.07E-10
16.8059,-8.84E-11
16.7973,-6.95E-11
16.7887,-5.03E-11
16.7801,-3.11E-11
16.7716,-1.20E-11
16.7631,6.56E-12
16.7546,2.44E-11
16.7461,4.14E-11
16.7377,5.70E-11
16.7293,7.11E-11
16.721,8.33E-11
16.7127,9.33E-11
16.7044,1.01E-10
16.6961,1.05E-10
16.6879,1.06E-10
16.6797,1.03E-10
16.6715,1.07E-10
16.6633,1.17E-10
16.6552,1.26E-10
16.6471,1.34E-10
16.6391,1.41E-10
16.631,1.47E-10
16.623,1.51E-10
16.6151,1.55E-10
16.6071,1.58E-10
16.5992,1.59E-10
16.5913,1.59E-10
16.5835,1.57E-10
16.5757,1.55E-10
16.5679,1.51E-10
16.5601,1.45E-10
16.5523,1.38E-10
16.5446,1.30E-10
16.5369,1.20E-10
16.5293,1.09E-10
16.5216,9.82E-11
16.514,8.84E-11
16.5065,7.80E-11
16.4989,6.72E-11
16.4914,5.60E-11
16.4839,4.45E-11
16.4764,3.29E-11
16.469,2.13E-11
16.4616,9.89E-12
16.4542,-1.23E-12
16.4468,-1.19E-11
16.4395,-2.18E-11
16.4322,-3.10E-11
16.4249,-3.91E-11
16.4177,-4.59E-11
16.4105,-5.13E-11
16.4033,-5.49E-11
16.3961,-5.66E-11
16.3889,-5.61E-11
16.3818,-5.87E-11
16.3747,-6.56E-11
16.3676,-7.21E-11
16.3606,-7.80E-11
16.3536,-8.33E-11
16.3466,-8.80E-11
16.3396,-9.21E-11
16.3327,-9.54E-11
16.3258,-9.80E-11
16.3189,-9.98E-11
16.312,-1.01E-10
16.3052,-1.01E-10
16.2984,-9.99E-11
16.2916,-9.81E-11
16.2848,-9.53E-11
16.2781,-9.14E-11
16.2713,-8.66E-11
16.2647,-8.06E-11
16.258,-7.35E-11
16.2513,-6.68E-11
16.2447,-6.13E-11
16.2381,-5.53E-11
16.2316,-4.90E-11
16.225,-4.24E-11
16.2185,-3.56E-11
16.212,-2.87E-11
16.2055,-2.17E-11
16.1991,-1.47E-11
16.1926,-7.85E-12
16.1862,-1.21E-12
16.1799,5.10E-12
16.1735,1.10E-11
16.1672,1.63E-11
16.1609,2.09E-11
16.1546,2.47E-11
16.1483,2.75E-11
16.1421,2.92E-11
16.1358,2.96E-11
16.1296,3.13E-11
16.1235,3.61E-11
16.1173,4.07E-11
16.1112,4.50E-11
16.1051,4.89E-11
16.099,5.24E-11
16.093,5.56E-11
16.0869,5.83E-11
16.0809,6.05E-11
16.0749,6.23E-11
16.0689,6.34E-11
16.063,6.40E-11
16.0571,6.40E-11
16.0512,6.33E-11
16.0453,6.20E-11
16.0394,5.99E-11
16.0336,5.71E-11
16.0277,5.35E-11
16.0219,4.91E-11
16.0162,4.49E-11
16.0104,4.18E-11
16.0047,3.84E-11
15.999,3.48E-11
15.9933,3.10E-11
15.9876,2.70E-11
15.982,2.29E-11
15.9763,1.87E-11
15.9707,1.44E-11
15.9651,1.02E-11
15.9596,6.13E-12
15.954,2.16E-12
15.9485,-1.58E-12
15.943,-5.02E-12
15.9375,-8.09E-12
15.932,-1.07E-11
15.9266,-1.28E-11
15.9212,-1.42E-11
15.9158,-1.50E-11
15.9104,-1.60E-11
15.905,-1.94E-11
15.8997,-2.25E-11
15.8944,-2.55E-11
15.889,-2.83E-11
15.8838,-3.09E-11
15.8785,-3.33E-11
15.8733,-3.54E-11
15.868,-3.71E-11
15.8628,-3.86E-11
15.8576,-3.97E-11
15.8525,-4.04E-11
15.8473,-4.07E-11
15.8422,-4.06E-11
15.8371,-4.00E-11
15.832,-3.90E-11
15.8269,-3.74E-11
15.8219,-3.53E-11
15.8168,-3.26E-11
15.8118,-2.98E-11
15.8068,-2.81E-11
15.8018,-2.63E-11
15.7969,-2.42E-11
15.7919,-2.20E-11
15.787,-1.97E-11
15.7821,-1.73E-11
15.7772,-1.48E-11
15.7724,-1.23E-11
15.7675,-9.71E-12
15.7627,-7.18E-12
15.7579,-4.72E-12
15.7531,-2.35E-12
15.7483,-1.36E-13
15.7435,1.89E-12
15.7388,3.67E-12
15.7341,5.15E-12
15.7293,6.28E-12
15.7247,7.01E-12
15.72,7.73E-12
15.7153,9.98E-12
15.7107,1.21E-11
15.7061,1.42E-11
15.7015,1.62E-11
15.6969,1.80E-11
15.6923,1.97E-11
15.6878,2.12E-11
15.6832,2.26E-11
15.6787,2.37E-11
15.6742,2.46E-11
15.6697,2.53E-11
15.6653,2.57E-11
15.6608,2.59E-11
15.6564,2.57E-11
15.652,2.52E-11
15.6476,2.43E-11
15.6432,2.31E-11
15.6388,2.14E-11
15.6345,1.96E-11
15.6302,1.88E-11
15.6259,1.77E-11
15.6216,1.66E-11
15.6173,1.54E-11
15.613,1.41E-11
15.6088,1.27E-11
15.6045,1.12E-11
15.6003,9.67E-12
15.5961,8.13E-12
15.5919,6.59E-12
15.5877,5.07E-12
15.5836,3.59E-12
15.5794,2.17E-12
15.5753,8.57E-13
15.5712,-3.34E-13
15.5671,-1.37E-12
15.563,-2.21E-12
15.559,-2.83E-12
15.5549,-3.33E-12
15.5509,-4.83E-12
15.5469,-6.30E-12
15.5429,-7.71E-12
15.5389,-9.07E-12
15.5349,-1.03E-11
15.531,-1.15E-11
15.5271,-1.26E-11
15.5231,-1.36E-11
15.5192,-1.45E-11
15.5153,-1.52E-11
15.5114,-1.58E-11
15.5076,-1.61E-11
15.5037,-1.63E-11
15.4999,-1.63E-11
15.4961,-1.61E-11
15.4923,-1.57E-11
15.4885,-1.50E-11
15.4847,-1.40E-11
15.4809,-1.28E-11
15.4772,-1.24E-11
15.4735,-1.19E-11
15.4697,-1.13E-11
15.466,-1.06E-11
15.4624,-9.83E-12
15.4587,-9.03E-12
15.455,-8.18E-12
15.4514,-7.29E-12
15.4477,-6.37E-12
15.4441,-5.44E-12
15.4405,-4.51E-12
15.4369,-3.59E-12
15.4333,-2.69E-12
15.4298,-1.85E-12
15.4262,-1.06E-12
15.4227,-3.51E-13
15.4192,2.56E-13
15.4157,7.43E-13
15.4122,1.10E-12
15.4087,2.09E-12
15.4052,3.07E-12
15.4018,4.02E-12
15.3983,4.95E-12
15.3949,5.83E-12
15.3915,6.66E-12
15.3881,7.43E-12
15.3847,8.13E-12
15.3813,8.75E-12
15.378,9.29E-12
15.3746,9.73E-12
15.3713,1.01E-11
15.368,1.03E-11
15.3647,1.03E-11
15.3614,1.03E-11
15.3581,1.01E-11
15.3548,9.67E-12
15.3515,9.10E-12
15.3483,8.34E-12
15.3451,8.11E-12
15.3418,7.85E-12
15.3386,7.54E-12
15.3354,7.18E-12
15.3323,6.77E-12
15.3291,6.32E-12
15.3259,5.84E-12
15.3228,5.32E-12
15.3197,4.79E-12
15.3165,4.23E-12
15.3134,3.66E-12
15.3103,3.10E-12
15.3073,2.54E-12
15.3042,2.00E-12
15.3011,1.48E-12
15.2981,1.01E-12
15.2951,5.79E-13
15.292,2.15E-13
15.289,-7.34E-14
15.286,-6.92E-13
15.283,-1.34E-12
15.2801,-1.98E-12
15.2771,-2.60E-12
15.2742,-3.19E-12
15.2712,-3.76E-12
15.2683,-4.30E-12
15.2654,-4.79E-12
15.2625,-5.23E-12
15.2596,-5.62E-12
15.2567,-5.95E-12
15.2538,-6.21E-12
15.251,-6.40E-12
15.2481,-6.49E-12
15.2453,-6.50E-12
15.2425,-6.40E-12
15.2397,-6.19E-12
15.2369,-5.87E-12
15.2341,-5.41E-12
15.2313,-5.27E-12
15.2285,-5.16E-12
15.2258,-5.01E-12
15.223,-4.82E-12
15.2203,-4.61E-12
15.2176,-4.36E-12
15.2149,-4.10E-12
15.2122,-3.80E-12
15.2095,-3.49E-12
15.2068,-3.16E-12
15.2041,-2.82E-12
15.2015,-2.48E-12
15.1988,-2.13E-12
15.1962,-1.79E-12
15.1936,-1.46E-12
15.191,-1.14E-12
15.1884,-8.47E-13
15.1858,-5.84E-13
15.1832,-3.59E-13
15.1806,2.55E-14
15.1781,4.51E-13
15.1755,8.72E-13
15.173,1.28E-12
15.1704,1.69E-12
15.1679,2.07E-12
15.1654,2.44E-12
15.1629,2.78E-12
15.1604,3.09E-12
15.158,3.37E-12
15.1555,3.61E-12
15.153,3.80E-12
15.1506,3.95E-12
15.1482,4.05E-12
15.1457,4.08E-12
15.1433,4.05E-12
15.1409,3.94E-12
15.1385,3.76E-12
15.1361,3.49E-12
15.1337,3.41E-12
15.1314,3.37E-12
15.129,3.32E-12
15.1267,3.25E-12
15.1243,3.15E-12
15.122,3.04E-12
15.1197,2.92E-12
15.1174,2.78E-12
15.1151,2.62E-12
15.1128,2.46E-12
15.1105,2.29E-12
15.1083,2.12E-12
15.106,1.94E-12
15.1038,1.77E-12
15.1015,1.61E-12
15.0993,1.45E-12
15.0971,1.31E-12
15.0949,1.18E-12
15.0927,1.08E-12
15.0905,8.91E-13
15.0883,6.56E-13
15.0861,4.21E-13
15.0839,1.87E-13
15.0818,-4.18E-14
15.0796,-2.64E-13
15.0775,-4.78E-13
15.0754,-6.81E-13
15.0733,-8.70E-13
15.0711,-1.04E-12
15.069,-1.20E-12
15.067,-1.33E-12
15.0649,-1.43E-12
15.0628,-1.51E-12
15.0607,-1.56E-12
15.0587,-1.57E-12
15.0566,-1.55E-12
15.0546,-1.48E-12
15.0526,-1.37E-12
15.0505,-1.33E-12
15.0485,-1.34E-12
15.0465,-1.34E-12
15.0445,-1.33E-12
15.0426,-1.30E-12
15.0406,-1.26E-12
15.0386,-1.21E-12
15.0367,-1.15E-12
15.0347,-1.09E-12
15.0328,-1.01E-12
15.0308,-9.31E-13
15.0289,-8.43E-13
15.027,-7.50E-13
15.0251,-6.55E-13
15.0232,-5.58E-13
15.0213,-4.62E-13
15.0194,-3.67E-13
15.0175,-2.77E-13
15.0157,-1.92E-13
15.0138,-3.49E-14
15.012,1.81E-13
15.0101,4.09E-13
15.0083,6.48E-13
15.0065,8.96E-13
15.0047,1.15E-12
15.0028,1.42E-12
15.001,1.69E-12
14.9993,1.96E-12
14.9975,2.24E-12
14.9957,2.51E-12
14.9939,2.79E-12
14.9922,3.06E-12
14.9904,3.32E-12
14.9887,3.58E-12
14.9869,3.82E-12
14.9852,4.05E-12
14.9835,4.26E-12
14.9818,4.45E-12
14.9801,4.62E-12
14.9784,4.76E-12
14.9767,4.87E-12
14.975,4.95E-12
14.9733,4.98E-12
14.9717,4.97E-12
14.97,4.92E-12
14.9684,4.81E-12
14.9667,4.65E-12
14.9651,4.42E-12
14.9635,4.27E-12
14.9618,4.46E-12
14.9602,4.65E-12
14.9586,4.84E-12
14.957,5.02E-12
14.9554,5.20E-12
14.9539,5.37E-12
14.9523,5.54E-12
14.9507,5.70E-12
14.9492,5.86E-12
14.9476,6.00E-12
14.9461,6.14E-12
14.9445,6.26E-12
14.943,6.37E-12
14.9415,6.47E-12
14.94,6.55E-12
14.9385,6.61E-12
14.937,6.66E-12
14.9355,6.68E-12
14.934,6.68E-12
14.9325,6.66E-12
14.931,6.61E-12
14.9296,6.54E-12
14.9281,6.43E-12
14.9267,6.29E-12
14.9252,6.11E-12
14.9238,5.90E-12
14.9223,5.64E-12
14.9209,5.35E-12
14.9195,5.01E-12
14.9181,4.94E-12
14.9167,4.89E-12
14.9153,4.82E-12
14.9139,4.76E-12
14.9125,4.69E-12
14.9112,4.61E-12
14.9098,4.53E-12
14.9084,4.45E-12
14.9071,4.36E-12
14.9057,4.27E-12
14.9044,4.18E-12
14.9031,4.08E-12
14.9017,3.98E-12
14.9004,3.88E-12
14.8991,3.77E-12
14.8978,3.66E-12
14.8965,3.54E-12
14.8952,3.43E-12
14.8939,3.31E-12
14.8926,3.19E-12
14.8914,3.06E-12
14.8901,2.93E-12
14.8888,2.80E-12
14.8876,2.67E-12
14.8863,2.54E-12
14.8851,2.40E-12
14.8839,2.27E-12
14.8826,2.13E-12
14.8814,1.98E-12
14.8802,1.85E-12
14.879,1.73E-12
14.8778,1.61E-12
14.8766,1.49E-12
14.8754,1.37E-12
14.8742,1.25E-12
14.873,1.13E-12
14.8719,1.02E-12
14.8707,9.11E-13
14.8695,8.04E-13
14.8684,7.01E-13
14.8672,6.02E-13
14.8661,5.06E-13
14.865,4.15E-13
14.8638,3.28E-13
14.8627,2.46E-13
14.8616,1.69E-13
14.8605,9.74E-14
14.8594,3.15E-14
14.8583,-2.85E-14
14.8572,-8.23E-14
14.8561,-1.29E-13
14.855,-1.70E-13
14.854,-2.03E-13
14.8529,-2.29E-13
14.8518,-2.47E-13
14.8508,-2.57E-13
14.8497,-2.59E-13
14.8487,-2.52E-13
14.8477,-2.49E-13
14.8466,-2.69E-13
14.8456,-2.86E-13
14.8446,-3.00E-13
14.8436,-3.10E-13
14.8425,-3.17E-13
14.8415,-3.21E-13
14.8405,-3.23E-13
14.8396,-3.21E-13
14.8386,-3.17E-13
14.8376,-3.10E-13
14.8366,-3.01E-13
14.8356,-2.90E-13
14.8347,-2.77E-13
14.8337,-2.62E-13
14.8328,-2.46E-13
14.8318,-2.29E-13
14.8309,-2.11E-13
14.83,-1.92E-13
14.829,-1.72E-13
14.8281,-1.53E-13
14.8272,-1.34E-13
14.8263,-1.15E-13
14.8254,-9.78E-14
14.8245,-8.14E-14
14.8236,-6.66E-14
14.8227,-5.38E-14
14.8218,-4.33E-14
14.8209,-3.56E-14
14.82,-3.10E-14
14.8192,2.59E-15
14.8183,3.76E-14
14.8174,7.29E-14
14.8166,1.08E-13
14.8157,1.44E-13
14.8149,1.79E-13
14.8141,2.14E-13
14.8132,2.49E-13
14.8124,2.82E-13
14.8116,3.15E-13
14.8108,3.47E-13
14.8099,3.77E-13
14.8091,4.06E-13
14.8083,4.32E-13
14.8075,4.57E-13
14.8067,4.80E-13
14.806,5.01E-13
14.8052,5.18E-13
14.8044,5.33E-13
14.8036,5.44E-13
14.8029,5.53E-13
14.8021,5.57E-13
14.8014,5.58E-13
14.8006,5.54E-13
14.7999,5.46E-13
14.7991,5.34E-13
14.7984,5.16E-13
14.7977,4.93E-13
14.7969,4.65E-13
14.7962,4.53E-13
14.7955,4.52E-13
14.7948,4.49E-13
14.7941,4.46E-13
14.7934,4.41E-13
14.7927,4.34E-13
14.792,4.27E-13
14.7913,4.19E-13
14.7906,4.09E-13
14.79,3.98E-13
14.7893,3.87E-13
14.7886,3.74E-13
14.788,3.61E-13
14.7873,3.47E-13
14.7866,3.32E-13
14.786,3.17E-13
14.7854,3.02E-13
14.7847,2.86E-13
14.7841,2.69E-13
14.7835,2.53E-13
14.7828,2.37E-13
14.7822,2.21E-13
14.7816,2.05E-13
14.781,1.89E-13
14.7804,1.75E-13
14.7798,1.61E-13
14.7792,1.47E-13
14.7786,1.35E-13
14.778,1.24E-13
14.7774,1.07E-13
14.7768,7.04E-14
14.7763,3.28E-14
14.7757,-6.16E-15
14.7751,-4.63E-14
14.7746,-8.75E-14
14.774,-1.30E-13
14.7735,-1.73E-13
14.7729,-2.17E-13
14.7724,-2.62E-13
14.7718,-3.07E-13
14.7713,-3.53E-13
14.7708,-3.99E-13
14.7703,-4.45E-13
14.7697,-4.92E-13
14.7692,-5.38E-13
14.7687,-5.84E-13
14.7682,-6.30E-13
14.7677,-6.75E-13
14.7672,-7.19E-13
14.7667,-7.63E-13
14.7662,-8.05E-13
14.7657,-8.46E-13
14.7653,-8.86E-13
14.7648,-9.23E-13
14.7643,-9.59E-13
14.7638,-9.93E-13
14.7634,-1.02E-12
14.7629,-1.05E-12
14.7625,-1.08E-12
14.762,-1.10E-12
14.7616,-1.12E-12
14.7611,-1.13E-12
14.7607,-1.15E-12
14.7603,-1.15E-12
14.7598,-1.15E-12
14.7594,-1.15E-12
14.759,-1.14E-12
14.7586,-1.13E-12
14.7581,-1.11E-12
14.7577,-1.08E-12
14.7573,-1.05E-12
14.7569,-1.01E-12
14.7565,-9.66E-13
14.7561,-9.11E-13
14.7558,-8.77E-13
14.7554,-9.06E-13
14.755,-9.34E-13
14.7546,-9.62E-13
14.7542,-9.90E-13
14.7539,-1.02E-12
14.7535,-1.04E-12
14.7531,-1.07E-12
14.7528,-1.10E-12
14.7524,-1.12E-12
14.7521,-1.15E-12
14.7517,-1.17E-12
14.7514,-1.20E-12
14.7511,-1.22E-12
14.7507,-1.24E-12
14.7504,-1.26E-12
14.7501,-1.28E-12
14.7497,-1.30E-12
14.7494,-1.32E-12
14.7491,-1.34E-12
14.7488,-1.35E-12
14.7485,-1.36E-12
14.7482,-1.38E-12
14.7479,-1.39E-12
14.7476,-1.39E-12
14.7473,-1.40E-12
14.747,-1.40E-12
14.7467,-1.40E-12
14.7465,-1.40E-12
14.7462,-1.40E-12
14.7459,-1.39E-12
14.7456,-1.38E-12
14.7454,-1.37E-12
14.7451,-1.36E-12
14.7449,-1.34E-12
14.7446,-1.32E-12
14.7443,-1.29E-12
14.7441,-1.26E-12
14.7439,-1.23E-12
14.7436,-1.19E-12
14.7434,-1.15E-12
14.7431,-1.11E-12
14.7429,-1.06E-12
14.7427,-1.00E-12
14.7425,-9.45E-13
14.7423,-8.97E-13
14.742,-8.87E-13
14.7418,-8.77E-13
14.7416,-8.67E-13
14.7414,-8.56E-13
14.7412,-8.45E-13
14.741,-8.33E-13
14.7408,-8.22E-13
14.7406,-8.10E-13
14.7404,-7.97E-13
14.7403,-7.85E-13
14.7401,-7.72E-13
14.7399,-7.59E-13
14.7397,-7.45E-13
14.7396,-7.32E-13
14.7394,-7.18E-13
14.7392,-7.04E-13
14.7391,-6.90E-13
14.7389,-6.75E-13
14.7388,-6.60E-13
14.7386,-6.45E-13
14.7385,-6.30E-13
14.7383,-6.15E-13
14.7382,-5.99E-13
14.7381,-5.84E-13
14.7379,-5.68E-13
14.7378,-5.52E-13
14.7377,-5.36E-13
14.7376,-5.20E-13
14.7374,-5.03E-13
14.7373,-4.87E-13
14.7372,-4.70E-13
14.7371,-4.53E-13
14.737,-4.36E-13
14.7369,-4.19E-13
14.7368,-4.02E-13
14.7367,-3.84E-13
14.7366,-3.67E-13
14.7365,-3.49E-13
14.7364,-3.32E-13
14.7364,-3.14E-13
14.7363,-2.96E-13
14.7362,-2.78E-13
14.7361,-2.60E-13
14.7361,-2.42E-13
14.736,-2.25E-13
14.7359,-2.10E-13
14.7359,-1.95E-13
14.7358,-1.81E-13
14.7358,-1.67E-13
14.7357,-1.53E-13
14.7357,-1.39E-13
14.7356,-1.25E-13
14.7356,-1.12E-13
14.7355,-9.90E-14
14.7355,-8.63E-14
14.7355,-7.40E-14
14.7354,-6.19E-14
14.7354,-5.02E-14
14.7354,-3.89E-14
14.7354,-2.80E-14
14.7353,-1.74E-14
14.7353,-7.19E-15
14.7353,2.60E-15
14.7353,1.20E-14
14.7353,2.09E-14
14.7353,2.94E-14
14.7353,3.75E-14
14.7353,4.51E-14
14.7353,5.22E-14
14.7353,5.89E-14
14.7353,6.50E-14
14.7354,7.07E-14
14.7354,7.58E-14
14.7354,8.04E-14
14.7354,8.45E-14
14.7354,8.80E-14
14.7355,9.09E-14
14.7355,9.33E-14
14.7355,9.51E-14
14.7356,9.63E-14
14.7356,9.69E-14
14.7357,9.69E-14
14.7357,9.63E-14
14.7358,9.50E-14
14.7358,9.31E-14
14.7359,9.06E-14
14.7359,8.74E-14
14.736,8.35E-14
14.7361,7.90E-14
14.7361,7.51E-14
14.7362,7.43E-14
14.7363,7.32E-14
14.7364,7.20E-14
14.7364,7.04E-14
14.7365,6.86E-14
14.7366,6.67E-14
14.7367,6.44E-14
14.7368,6.20E-14
14.7369,5.94E-14
14.737,5.66E-14
14.7371,5.37E-14
14.7372,5.06E-14
14.7373,4.73E-14
14.7374,4.39E-14
14.7375,4.04E-14
14.7376,3.68E-14
14.7377,3.32E-14
14.7378,2.94E-14
14.738,2.56E-14
14.7381,2.18E-14
14.7382,1.79E-14
14.7383,1.41E-14
14.7385,1.02E-14
14.7386,6.43E-15
14.7387,2.68E-15
14.7389,-9.97E-16
14.739,-4.59E-15
14.7392,-8.06E-15
14.7393,-1.14E-14
14.7394,-1.46E-14
14.7396,-1.76E-14
14.7398,-2.04E-14
14.7399,-2.31E-14
14.7401,-2.54E-14
14.7402,-2.75E-14
14.7404,-2.93E-14
14.7406,-3.08E-14
14.7407,-3.20E-14
14.7409,-3.28E-14
14.7411,-3.33E-14
14.7413,-3.33E-14
14.7414,-3.29E-14
14.7416,-3.20E-14
14.7418,-3.06E-14
14.742,-3.03E-14
14.7422,-3.41E-14
14.7424,-3.79E-14
14.7426,-4.17E-14
14.7428,-4.54E-14
14.743,-4.91E-14
14.7432,-5.27E-14
14.7434,-5.62E-14
14.7436,-5.97E-14
14.7438,-6.31E-14
14.744,-6.63E-14
14.7442,-6.95E-14
14.7444,-7.26E-14
14.7447,-7.55E-14
14.7449,-7.83E-14
14.7451,-8.10E-14
14.7453,-8.36E-14
14.7456,-8.60E-14
14.7458,-8.83E-14
14.746,-9.04E-14
14.7463,-9.23E-14
14.7465,-9.40E-14
14.7467,-9.56E-14
14.747,-9.70E-14
14.7472,-9.82E-14
14.7475,-9.92E-14
14.7477,-9.99E-14
14.748,-1.00E-13
14.7482,-1.01E-13
14.7485,-1.01E-13
14.7488,-1.01E-13
14.749,-1.00E-13
14.7493,-9.96E-14
14.7495,-9.86E-14
14.7498,-9.74E-14
14.7501,-9.59E-14
14.7504,-9.41E-14
14.7506,-9.20E-14
14.7509,-8.96E-14
14.7512,-8.69E-14
14.7515,-8.38E-14
14.7518,-8.05E-14
14.7521,-7.68E-14
14.7523,-7.27E-14
14.7526,-6.83E-14
14.7529,-6.43E-14
14.7532,-6.26E-14
14.7535,-6.08E-14
14.7538,-5.89E-14
14.7541,-5.69E-14
14.7544,-5.48E-14
14.7547,-5.27E-14
14.755,-5.05E-14
14.7554,-4.83E-14
14.7557,-4.59E-14
14.756,-4.36E-14
14.7563,-4.12E-14
14.7566,-3.87E-14
14.757,-3.63E-14
14.7573,-3.38E-14
14.7576,-3.12E-14
14.7579,-2.87E-14
14.7583,-2.62E-14
14.7586,-2.36E-14
14.7589,-2.11E-14
14.7593,-1.86E-14
14.7596,-1.61E-14
14.7599,-1.36E-14
14.7603,-1.12E-14
14.7606,-8.81E-15
14.761,-6.48E-15
14.7613,-4.22E-15
14.7617,-2.03E-15
14.762,8.28E-17
14.7624,2.10E-15
14.7628,4.02E-15
14.7631,5.83E-15
14.7635,7.51E-15
14.7638,9.07E-15
14.7642,1.05E-14
14.7646,1.18E-14
14.765,1.29E-14
14.7653,1.38E-14
14.7657,1.45E-14
14.7661,1.51E-14
14.7665,1.54E-14
14.7668,1.56E-14
14.7672,1.55E-14
14.7676,1.51E-14
14.768,1.45E-14
14.7684,1.43E-14
14.7688,1.63E-14
14.7692,1.81E-14
14.7696,2.00E-14
14.77,2.18E-14
14.7704,2.36E-14
14.7708,2.53E-14
14.7712,2.70E-14
14.7716,2.87E-14
14.772,3.03E-14
14.7724,3.18E-14
14.7728,3.33E-14
14.7732,3.47E-14
14.7736,3.61E-14
14.774,3.74E-14
14.7744,3.86E-14
14.7749,3.98E-14
14.7753,4.09E-14
14.7757,4.19E-14
14.7761,4.28E-14
14.7766,4.37E-14
14.777,4.44E-14
14.7774,4.51E-14
14.7779,4.57E-14
14.7783,4.62E-14
14.7787,4.66E-14
14.7792,4.69E-14
14.7796,4.70E-14
14.7801,4.71E-14
14.7805,4.71E-14
14.7809,4.70E-14
14.7814,4.67E-14
14.7818,4.63E-14
14.7823,4.58E-14
14.7827,4.52E-14
14.7832,4.45E-14
14.7837,4.36E-14
14.7841,4.26E-14
14.7846,4.14E-14
14.785,4.02E-14
14.7855,3.87E-14
14.786,3.71E-14
14.7864,3.54E-14
14.7869,3.35E-14
14.7874,3.15E-14
14.7879,2.96E-14
14.7883,2.88E-14
14.7888,2.78E-14
14.7893,2.69E-14
14.7898,2.59E-14
14.7902,2.49E-14
14.7907,2.38E-14
14.7912,2.27E-14
14.7917,2.16E-14
14.7922,2.05E-14
14.7927,1.93E-14
14.7932,1.82E-14
14.7937,1.70E-14
14.7942,1.58E-14
14.7947,1.46E-14
14.7952,1.34E-14
14.7957,1.22E-14
14.7962,1.10E-14
14.7967,9.75E-15
14.7972,8.54E-15
14.7977,7.35E-15
14.7982,6.17E-15
14.7987,5.01E-15
14.7992,3.87E-15
14.7997,2.76E-15
14.8003,1.67E-15
14.8008,6.19E-16
14.8013,-3.96E-16
14.8018,-1.37E-15
14.8023,-2.30E-15
14.8029,-3.17E-15
14.8034,-4.00E-15
14.8039,-4.76E-15
14.8044,-5.46E-15
14.805,-6.09E-15
14.8055,-6.65E-15
14.806,-7.13E-15
14.8066,-7.52E-15
14.8071,-7.83E-15
14.8076,-8.04E-15
14.8082,-8.16E-15
14.8087,-8.17E-15
14.8093,-8.07E-15
14.8098,-7.85E-15
14.8104,-7.52E-15
14.8109,-7.35E-15
14.8115,-8.18E-15
14.812,-8.99E-15
14.8126,-9.78E-15
14.8131,-1.06E-14
14.8137,-1.13E-14
14.8142,-1.20E-14
14.8148,-1.27E-14
14.8154,-1.34E-14
14.8159,-1.41E-14
14.8165,-1.47E-14
14.8171,-1.53E-14
14.8176,-1.59E-14
14.8182,-1.65E-14
14.8188,-1.70E-14
14.8193,-1.75E-14
14.8199,-1.80E-14
14.8205,-1.84E-14
14.8211,-1.88E-14
14.8216,-1.91E-14
14.8222,-1.95E-14
14.8228,-1.97E-14
14.8234,-2.00E-14
14.824,-2.02E-14
14.8245,-2.04E-14
14.8251,-2.05E-14
14.8257,-2.06E-14
14.8263,-2.06E-14
14.8269,-2.06E-14
14.8275,-2.05E-14
14.8281,-2.04E-14
14.8287,-2.03E-14
14.8293,-2.01E-14
14.8299,-1.98E-14
14.8305,-1.95E-14
14.8311,-1.92E-14
14.8317,-1.88E-14
14.8323,-1.83E-14
14.8329,-1.78E-14
14.8335,-1.72E-14
14.8341,-1.66E-14
14.8347,-1.59E-14
14.8353,-1.52E-14
14.8359,-1.44E-14
14.8366,-1.35E-14
14.8372,-1.27E-14
14.8378,-1.22E-14
14.8384,-1.18E-14
14.839,-1.13E-14
14.8396,-1.08E-14
14.8403,-1.03E-14
14.8409,-9.82E-15
14.8415,-9.30E-15
14.8421,-8.76E-15
14.8428,-8.22E-15
14.8434,-7.67E-15
14.844,-7.12E-15
14.8447,-6.56E-15
14.8453,-5.99E-15
14.8459,-5.43E-15
14.8466,-4.86E-15
14.8472,-4.29E-15
14.8478,-3.72E-15
14.8485,-3.16E-15
14.8491,-2.60E-15
14.8498,-2.05E-15
14.8504,-1.51E-15
14.8511,-9.80E-16
14.8517,-4.60E-16
14.8523,4.63E-17
14.853,5.37E-16
14.8536,1.01E-15
14.8543,1.46E-15
14.8549,1.90E-15
14.8556,2.31E-15
14.8563,2.69E-15
14.8569,3.05E-15
14.8576,3.38E-15
14.8582,3.67E-15
14.8589,3.93E-15
14.8596,4.16E-15
14.8602,4.35E-15
14.8609,4.49E-15
14.8616,4.60E-15
14.8622,4.66E-15
14.8629,4.67E-15
14.8636,4.63E-15
14.8642,4.54E-15
14.8649,4.39E-15
14.8656,4.19E-15
14.8662,4.04E-15
14.8669,4.39E-15
14.8676,4.72E-15
14.8683,5.04E-15
14.869,5.36E-15
14.8696,5.66E-15
14.8703,5.96E-15
14.871,6.24E-15
14.8717,6.51E-15
14.8724,6.78E-15
14.8731,7.03E-15
14.8738,7.26E-15
14.8744,7.49E-15
14.8751,7.70E-15
14.8758,7.90E-15
14.8765,8.08E-15
14.8772,8.25E-15
14.8779,8.41E-15
14.8786,8.55E-15
14.8793,8.68E-15
14.88,8.79E-15
14.8807,8.88E-15
14.8814,8.96E-15
14.8821,9.02E-15
14.8828,9.06E-15
14.8835,9.08E-15
14.8842,9.09E-15
14.8849,9.08E-15
14.8856,9.05E-15
14.8863,9.00E-15
14.8871,8.93E-15
14.8878,8.84E-15
14.8885,8.73E-15
14.8892,8.61E-15
14.8899,8.46E-15
14.8906,8.29E-15
14.8913,8.10E-15
14.8921,7.88E-15
14.8928,7.65E-15
14.8935,7.39E-15
14.8942,7.11E-15
14.8949,6.81E-15
14.8957,6.49E-15
14.8964,6.14E-15
14.8971,5.77E-15
14.8978,5.42E-15
14.8986,5.25E-15
14.8993,5.08E-15
14.9,4.90E-15
14.9008,4.72E-15
14.9015,4.53E-15
14.9022,4.33E-15
14.903,4.13E-15
14.9037,3.93E-15
14.9044,3.72E-15
14.9052,3.50E-15
14.9059,3.29E-15
14.9067,3.07E-15
14.9074,2.85E-15
14.9081,2.62E-15
14.9089,2.39E-15
14.9096,2.16E-15
14.9104,1.93E-15
14.9111,1.70E-15
14.9119,1.47E-15
14.9126,1.23E-15
14.9134,9.96E-16
14.9141,7.61E-16
14.9149,5.26E-16
14.9156,2.92E-16
14.9164,5.86E-17
14.9171,-1.73E-16
14.9179,-4.03E-16
14.9186,-6.30E-16
14.9194,-8.55E-16
14.9202,-1.08E-15
14.9209,-1.30E-15
14.9217,-1.51E-15
14.9224,-1.72E-15
14.9232,-1.93E-15
14.924,-2.13E-15
14.9247,-2.32E-15
14.9255,-2.51E-15
14.9263,-2.70E-15
14.927,-2.87E-15
14.9278,-3.04E-15
14.9286,-3.21E-15
14.9293,-3.36E-15
14.9301,-3.51E-15
14.9309,-3.64E-15
14.9317,-3.77E-15
14.9324,-3.89E-15
14.9332,-4.00E-15
14.934,-4.09E-15
14.9348,-4.18E-15
14.9355,-4.25E-15
14.9363,-4.31E-15
14.9371,-4.36E-15
14.9379,-4.40E-15
14.9387,-4.42E-15
14.9395,-4.43E-15
14.9402,-4.42E-15
14.941,-4.40E-15
14.9418,-4.37E-15
14.9426,-4.31E-15
14.9434,-4.24E-15
14.9442,-4.16E-15
14.945,-4.05E-15
14.9458,-3.93E-15
14.9465,-3.79E-15
14.9473,-3.63E-15
14.9481,-3.45E-15
14.9489,-3.25E-15
14.9497,-3.11E-15
14.9505,-3.21E-15
14.9513,-3.30E-15
14.9521,-3.39E-15
14.9529,-3.47E-15
14.9537,-3.55E-15
14.9545,-3.63E-15
14.9553,-3.71E-15
14.9561,-3.78E-15
14.9569,-3.85E-15
14.9577,-3.92E-15
14.9585,-3.98E-15
14.9593,-4.04E-15
14.9601,-4.10E-15
14.9609,-4.16E-15
14.9618,-4.21E-15
14.9626,-4.26E-15
14.9634,-4.30E-15
14.9642,-4.34E-15
14.965,-4.38E-15
14.9658,-4.41E-15
14.9666,-4.44E-15
14.9674,-4.47E-15
14.9683,-4.50E-15
14.9691,-4.52E-15
14.9699,-4.53E-15
14.9707,-4.55E-15
14.9715,-4.56E-15
14.9723,-4.56E-15
14.9732,-4.56E-15
14.974,-4.56E-15
14.9748,-4.56E-15
14.9756,-4.55E-15
14.9765,-4.54E-15
14.9773,-4.52E-15
14.9781,-4.50E-15
14.9789,-4.48E-15
14.9798,-4.45E-15
14.9806,-4.42E-15
14.9814,-4.39E-15
14.9822,-4.35E-15
14.9831,-4.31E-15
14.9839,-4.26E-15
14.9847,-4.21E-15
14.9856,-4.16E-15
14.9864,-4.10E-15
14.9872,-4.04E-15
14.9881,-3.98E-15
14.9889,-3.91E-15
14.9897,-3.84E-15
14.9906,-3.77E-15
14.9914,-3.69E-15
14.9923,-3.60E-15
14.9931,-3.52E-15
14.9939,-3.43E-15
14.9948,-3.34E-15
14.9956,-3.24E-15
14.9965,-3.14E-15
14.9973,-3.04E-15
14.9982,-2.93E-15
14.999,-2.82E-15
14.9998,-2.71E-15
15.0007,-2.59E-15
15.0015,-2.47E-15
15.0024,-2.35E-15
15.0032,-2.22E-15
15.0041,-2.09E-15
15.0049,-1.96E-15
15.0058,-1.84E-15
15.0066,-1.73E-15
15.0075,-1.63E-15
15.0083,-1.53E-15
15.0092,-1.42E-15
15.0101,-1.31E-15
15.0109,-1.21E-15
15.0118,-1.10E-15
15.0126,-9.91E-16
15.0135,-8.83E-16
15.0143,-7.74E-16
15.0152,-6.66E-16
15.0161,-5.57E-16
15.0169,-4.48E-16
15.0178,-3.40E-16
15.0186,-2.32E-16
15.0195,-1.24E-16
15.0204,-1.72E-17
15.0212,8.92E-17
15.0221,1.95E-16
15.023,3.00E-16
15.0238,4.03E-16
15.0247,5.06E-16
15.0256,6.07E-16
15.0264,7.07E-16
15.0273,8.05E-16
15.0282,9.02E-16
15.029,9.97E-16
15.0299,1.09E-15
15.0308,1.18E-15
15.0317,1.27E-15
15.0325,1.36E-15
15.0334,1.44E-15
15.0343,1.52E-15
15.0352,1.60E-15
15.036,1.67E-15
15.0369,1.75E-15
15.0378,1.82E-15
15.0387,1.88E-15
15.0395,1.94E-15
15.0404,2.00E-15
15.0413,2.06E-15
15.0422,2.11E-15
15.0431,2.15E-15
15.0439,2.20E-15
15.0448,2.23E-15
15.0457,2.27E-15
15.0466,2.30E-15
15.0475,2.32E-15
15.0484,2.34E-15
15.0492,2.35E-15
15.0501,2.36E-15
15.051,2.36E-15
15.0519,2.36E-15
15.0528,2.35E-15
15.0537,2.33E-15
15.0546,2.31E-15
15.0555,2.28E-15
15.0563,2.25E-15
15.0572,2.21E-15
15.0581,2.16E-15
15.059,2.10E-15
15.0599,2.04E-15
15.0608,1.97E-15
15.0617,1.89E-15
15.0626,1.80E-15
15.0635,1.71E-15
15.0644,1.60E-15
15.0653,1.54E-15
15.0662,1.56E-15
15.0671,1.58E-15
15.068,1.60E-15
15.0689,1.61E-15
15.0698,1.63E-15
15.0707,1.64E-15
15.0716,1.65E-15
15.0725,1.67E-15
15.0734,1.68E-15
15.0743,1.69E-15
15.0752,1.69E-15
15.0761,1.70E-15
15.077,1.71E-15
15.0779,1.71E-15
15.0788,1.71E-15
15.0797,1.72E-15
15.0806,1.72E-15
15.0815,1.72E-15
15.0824,1.71E-15
15.0833,1.71E-15
15.0842,1.71E-15
15.0851,1.70E-15
15.0861,1.70E-15
15.087,1.69E-15
15.0879,1.68E-15
15.0888,1.67E-15
15.0897,1.66E-15
15.0906,1.65E-15
15.0915,1.64E-15
15.0924,1.62E-15
15.0933,1.61E-15
15.0943,1.59E-15
15.0952,1.58E-15
15.0961,1.56E-15
15.097,1.54E-15
15.0979,1.52E-15
15.0988,1.50E-15
15.0998,1.48E-15
15.1007,1.46E-15
15.1016,1.43E-15
15.1025,1.41E-15
15.1034,1.38E-15
15.1044,1.36E-15
15.1053,1.33E-15
15.1062,1.30E-15
15.1071,1.28E-15
15.108,1.25E-15
15.109,1.22E-15
15.1099,1.19E-15
15.1108,1.16E-15
15.1117,1.13E-15
15.1127,1.09E-15
15.1136,1.06E-15
15.1145,1.03E-15
15.1154,9.96E-16
15.1164,9.62E-16
15.1173,9.28E-16
15.1182,8.94E-16
15.1191,8.59E-16
15.1201,8.23E-16
15.121,7.88E-16
15.1219,7.52E-16
15.1229,7.16E-16
15.1238,6.80E-16
15.1247,6.43E-16
15.1256,6.07E-16
15.1266,5.70E-16
15.1275,5.32E-16
15.1284,4.92E-16
15.1294,4.51E-16
15.1303,4.10E-16
15.1312,3.70E-16
15.1322,3.29E-16
15.1331,2.88E-16
15.134,2.47E-16
15.135,2.06E-16
15.1359,1.66E-16
15.1369,1.25E-16
15.1378,8.43E-17
15.1387,4.40E-17
15.1397,3.85E-18
15.1406,-3.60E-17
15.1415,-7.56E-17
15.1425,-1.15E-16
15.1434,-1.54E-16
15.1444,-1.92E-16
15.1453,-2.30E-16
15.1462,-2.68E-16
15.1472,-3.05E-16
15.1481,-3.41E-16
15.1491,-3.77E-16
15.15,-4.12E-16
15.151,-4.46E-16
15.1519,-4.80E-16
15.1528,-5.12E-16
15.1538,-5.44E-16
15.1547,-5.75E-16
15.1557,-6.06E-16
15.1566,-6.35E-16
15.1576,-6.63E-16
15.1585,-6.90E-16
15.1595,-7.16E-16
15.1604,-7.40E-16
15.1614,-7.64E-16
15.1623,-7.86E-16
15.1633,-8.07E-16
15.1642,-8.27E-16
15.1652,-8.45E-16
15.1661,-8.62E-16
15.1671,-8.77E-16
15.168,-8.90E-16
15.169,-9.02E-16
15.1699,-9.13E-16
15.1709,-9.21E-16
15.1718,-9.28E-16
15.1728,-9.33E-16
15.1737,-9.36E-16
15.1747,-9.38E-16
15.1756,-9.37E-16
15.1766,-9.34E-16
15.1775,-9.29E-16
15.1785,-9.22E-16
15.1794,-9.13E-16
15.1804,-9.01E-16
15.1814,-8.88E-16
15.1823,-8.71E-16
15.1833,-8.53E-16
15.1842,-8.32E-16
15.1852,-8.08E-16
15.1861,-7.82E-16
15.1871,-7.53E-16
15.1881,-7.22E-16
15.189,-6.88E-16
15.19,-6.50E-16
15.1909,-6.10E-16
15.1919,-5.90E-16
15.1928,-5.92E-16
15.1938,-5.93E-16
15.1948,-5.94E-16
15.1957,-5.94E-16
15.1967,-5.94E-16
15.1977,-5.94E-16
15.1986,-5.93E-16
15.1996,-5.91E-16
15.2005,-5.90E-16
15.2015,-5.87E-16
15.2025,-5.85E-16
15.2034,-5.82E-16
15.2044,-5.78E-16
15.2054,-5.75E-16
15.2063,-5.70E-16
15.2073,-5.66E-16
15.2083,-5.61E-16
15.2092,-5.56E-16
15.2102,-5.50E-16
15.2112,-5.44E-16
15.2121,-5.38E-16
15.2131,-5.31E-16
15.2141,-5.24E-16
15.215,-5.17E-16
15.216,-5.09E-16
15.217,-5.02E-16
15.2179,-4.93E-16
15.2189,-4.85E-16
15.2199,-4.77E-16
15.2208,-4.68E-16
15.2218,-4.59E-16
15.2228,-4.50E-16
15.2237,-4.40E-16
15.2247,-4.30E-16
15.2257,-4.21E-16
15.2267,-4.11E-16
15.2276,-4.01E-16
15.2286,-3.90E-16
15.2296,-3.80E-16
15.2305,-3.70E-16
15.2315,-3.59E-16
15.2325,-3.49E-16
15.2335,-3.38E-16
15.2344,-3.27E-16
15.2354,-3.17E-16
15.2364,-3.06E-16
15.2374,-2.96E-16
15.2383,-2.85E-16
15.2393,-2.74E-16
15.2403,-2.64E-16
15.2413,-2.53E-16
15.2422,-2.43E-16
15.2432,-2.33E-16
15.2442,-2.23E-16
15.2452,-2.13E-16
15.2461,-2.03E-16
15.2471,-1.94E-16
15.2481,-1.84E-16
15.2491,-1.75E-16
15.2501,-1.67E-16
15.251,-1.58E-16
15.252,-1.50E-16
15.253,-1.42E-16
15.254,-1.34E-16
15.2549,-1.27E-16
15.2559,-1.20E-16
15.2569,-1.14E-16
15.2579,-1.03E-16
15.2589,-8.90E-17
15.2598,-7.48E-17
15.2608,-6.06E-17
15.2618,-4.64E-17
15.2628,-3.23E-17
15.2638,-1.82E-17
15.2647,-4.18E-18
15.2657,9.78E-18
15.2667,2.37E-17
15.2677,3.74E-17
15.2687,5.11E-17
15.2697,6.47E-17
15.2706,7.81E-17
15.2716,9.14E-17
15.2726,1.04E-16
15.2736,1.17E-16
15.2746,1.30E-16
15.2756,1.43E-16
15.2765,1.55E-16
15.2775,1.67E-16
15.2785,1.79E-16
15.2795,1.91E-16
15.2805,2.02E-16
15.2815,2.14E-16
15.2825,2.24E-16
15.2834,2.35E-16
15.2844,2.45E-16
15.2854,2.55E-16
15.2864,2.65E-16
15.2874,2.74E-16
15.2884,2.83E-16
15.2894,2.91E-16
15.2904,2.99E-16
15.2913,3.07E-16
15.2923,3.14E-16
15.2933,3.21E-16
15.2943,3.27E-16
15.2953,3.33E-16
15.2963,3.38E-16
15.2973,3.43E-16
15.2983,3.47E-16
15.2992,3.51E-16
15.3002,3.54E-16
15.3012,3.57E-16
15.3022,3.59E-16
15.3032,3.61E-16
15.3042,3.61E-16
15.3052,3.62E-16
15.3062,3.61E-16
15.3072,3.60E-16
15.3082,3.59E-16
15.3091,3.56E-16
15.3101,3.53E-16
15.3111,3.49E-16
15.3121,3.45E-16
15.3131,3.39E-16
15.3141,3.33E-16
15.3151,3.26E-16
15.3161,3.18E-16
15.3171,3.10E-16
15.3181,3.00E-16
15.3191,2.90E-16
15.3201,2.79E-16
15.321,2.67E-16
15.322,2.54E-16
15.323,2.40E-16
15.324,2.26E-16
15.325,2.19E-16
15.326,2.18E-16
15.327,2.16E-16
15.328,2.14E-16
15.329,2.12E-16
15.33,2.10E-16
15.331,2.08E-16
15.332,2.06E-16
15.333,2.04E-16
15.334,2.01E-16
15.335,1.98E-16
15.336,1.96E-16
15.337,1.93E-16
15.338,1.90E-16
15.3389,1.86E-16
15.3399,1.83E-16
15.3409,1.80E-16
15.3419,1.76E-16
15.3429,1.73E-16
15.3439,1.69E-16
15.3449,1.65E-16
15.3459,1.61E-16
15.3469,1.57E-16
15.3479,1.53E-16
15.3489,1.49E-16
15.3499,1.45E-16
15.3509,1.41E-16
15.3519,1.37E-16
15.3529,1.32E-16
15.3539,1.28E-16
15.3549,1.24E-16
15.3559,1.19E-16
15.3569,1.15E-16
15.3579,1.11E-16
15.3589,1.06E-16
15.3599,1.02E-16
15.3609,9.74E-17
15.3619,9.31E-17
15.3629,8.87E-17
15.3639,8.44E-17
15.3649,8.02E-17
15.3659,7.59E-17
15.3669,7.18E-17
15.3679,6.77E-17
15.3689,6.37E-17
15.3699,5.97E-17
15.3709,5.58E-17
15.3719,5.21E-17
15.3729,4.84E-17
15.3739,4.48E-17
15.3749,4.14E-17
15.3759,3.81E-17
15.3769,3.49E-17
15.3779,3.19E-17
15.3789,2.90E-17
15.3799,2.63E-17
15.3809,2.38E-17
15.3819,2.14E-17
15.3829,1.93E-17
15.3839,1.73E-17
15.3849,1.56E-17
15.3859,1.40E-17
15.3869,1.27E-17
15.3879,1.17E-17
15.3889,1.08E-17
15.3899,1.03E-17
15.3909,9.99E-18
15.3919,9.98E-18
15.3929,6.84E-18
15.3939,2.09E-18
15.3949,-2.63E-18
15.3959,-7.33E-18
15.3969,-1.20E-17
15.3979,-1.66E-17
15.3989,-2.12E-17
15.3999,-2.58E-17
15.4009,-3.03E-17
15.4019,-3.48E-17
15.4029,-3.92E-17
15.4039,-4.36E-17
15.4049,-4.79E-17
15.4059,-5.21E-17
15.4069,-5.63E-17
15.4079,-6.04E-17
15.4089,-6.45E-17
15.4099,-6.85E-17
15.4109,-7.23E-17
15.4119,-7.61E-17
15.4129,-7.99E-17
15.4139,-8.35E-17
15.4149,-8.70E-17
15.4159,-9.04E-17
15.4169,-9.38E-17
15.4179,-9.70E-17
15.4189,-1.00E-16
15.4199,-1.03E-16
15.4209,-1.06E-16
15.422,-1.09E-16
15.423,-1.11E-16
15.424,-1.14E-16
15.425,-1.16E-16
15.426,-1.18E-16
15.427,-1.20E-16
15.428,-1.22E-16
15.429,-1.24E-16
15.43,-1.26E-16
15.431,-1.27E-16
15.432,-1.28E-16
15.433,-1.30E-16
15.434,-1.30E-16
15.435,-1.31E-16
15.436,-1.32E-16
15.437,-1.32E-16
15.438,-1.32E-16
15.439,-1.32E-16
15.44,-1.32E-16
15.441,-1.32E-16
15.442,-1.31E-16
15.443,-1.30E-16
15.444,-1.29E-16
15.445,-1.28E-16
15.446,-1.27E-16
15.447,-1.25E-16
15.448,-1.23E-16
15.449,-1.21E-16
15.45,-1.18E-16
15.451,-1.16E-16
15.4521,-1.13E-16
15.4531,-1.09E-16
15.4541,-1.06E-16
15.4551,-1.02E-16
15.4561,-9.83E-17
15.4571,-9.40E-17
15.4581,-8.95E-17
15.4591,-8.46E-17
15.4601,-7.95E-17
15.4611,-7.74E-17
15.4621,-7.63E-17
15.4631,-7.51E-17
15.4641,-7.39E-17
15.4651,-7.27E-17
15.4661,-7.14E-17
15.4671,-7.01E-17
15.4681,-6.87E-17
15.4691,-6.72E-17
15.4701,-6.58E-17
15.4711,-6.43E-17
15.4721,-6.27E-17
15.4731,-6.12E-17
15.4741,-5.95E-17
15.4751,-5.79E-17
15.4761,-5.62E-17
15.4771,-5.45E-17
15.4782,-5.28E-17
15.4792,-5.10E-17
15.4802,-4.93E-17
15.4812,-4.75E-17
15.4822,-4.57E-17
15.4832,-4.39E-17
15.4842,-4.20E-17
15.4852,-4.02E-17
15.4862,-3.84E-17
15.4872,-3.65E-17
15.4882,-3.47E-17
15.4892,-3.28E-17
15.4902,-3.10E-17
15.4912,-2.91E-17
15.4922,-2.73E-17
15.4932,-2.55E-17
15.4942,-2.37E-17
15.4952,-2.19E-17
15.4962,-2.01E-17
15.4972,-1.84E-17
15.4982,-1.67E-17
15.4992,-1.50E-17
15.5002,-1.33E-17
15.5012,-1.17E-17
15.5022,-1.02E-17
15.5032,-8.63E-18
15.5042,-7.15E-18
15.5052,-5.71E-18
15.5062,-4.33E-18
15.5072,-3.00E-18
15.5082,-1.73E-18
15.5092,-5.24E-19
15.5102,6.16E-19
15.5113,1.69E-18
15.5123,2.68E-18
15.5133,3.61E-18
15.5143,4.45E-18
15.5153,5.20E-18
15.5163,5.87E-18
15.5173,6.45E-18
15.5183,6.93E-18
15.5193,7.32E-18
15.5203,7.60E-18
15.5213,7.77E-18
15.5223,7.83E-18
15.5233,7.78E-18
15.5243,7.61E-18
15.5253,7.32E-18
15.5263,6.90E-18
15.5273,6.36E-18
15.5283,5.67E-18
15.5293,6.72E-18
15.5303,8.22E-18
15.5313,9.71E-18
15.5323,1.12E-17
15.5333,1.26E-17
15.5343,1.41E-17
15.5353,1.55E-17
15.5363,1.69E-17
15.5373,1.83E-17
15.5383,1.96E-17
15.5393,2.10E-17
15.5403,2.23E-17
15.5413,2.36E-17
15.5423,2.49E-17
15.5433,2.61E-17
15.5443,2.73E-17
15.5453,2.85E-17
15.5463,2.97E-17
15.5473,3.08E-17
15.5483,3.19E-17
15.5493,3.29E-17
15.5503,3.40E-17
15.5513,3.49E-17
15.5523,3.59E-17
15.5533,3.68E-17
15.5543,3.77E-17
15.5553,3.85E-17
15.5563,3.94E-17
15.5573,4.01E-17
15.5583,4.08E-17
15.5593,4.15E-17
15.5603,4.21E-17
15.5613,4.27E-17
15.5623,4.33E-17
15.5633,4.38E-17
15.5643,4.42E-17
15.5653,4.46E-17
15.5663,4.49E-17
15.5673,4.52E-17
15.5683,4.55E-17
15.5693,4.57E-17
15.5703,4.58E-17
15.5713,4.59E-17
15.5723,4.59E-17
15.5733,4.59E-17
15.5743,4.58E-17
15.5753,4.56E-17
15.5763,4.54E-17
15.5773,4.51E-17
15.5782,4.48E-17
15.5792,4.44E-17
15.5802,4.39E-17
15.5812,4.34E-17
15.5822,4.27E-17
15.5832,4.21E-17
15.5842,4.13E-17
15.5852,4.05E-17
15.5862,3.96E-17
15.5872,3.87E-17
15.5882,3.76E-17
15.5892,3.65E-17
15.5902,3.54E-17
15.5912,3.41E-17
15.5922,3.28E-17
15.5932,3.13E-17
15.5942,2.99E-17
15.5952,2.83E-17
15.5962,2.66E-17
15.5972,2.59E-17
15.5982,2.54E-17
15.5992,2.48E-17
15.6001,2.42E-17
15.6011,2.36E-17
15.6021,2.30E-17
15.6031,2.24E-17
15.6041,2.17E-17
15.6051,2.11E-17
15.6061,2.04E-17
15.6071,1.97E-17
15.6081,1.91E-17
15.6091,1.84E-17
15.6101,1.77E-17
15.6111,1.70E-17
15.6121,1.62E-17
15.6131,1.55E-17
15.6141,1.48E-17
15.615,1.41E-17
15.616,1.33E-17
15.617,1.26E-17
15.618,1.18E-17
15.619,1.11E-17
15.62,1.04E-17
15.621,9.62E-18
15.622,8.88E-18
15.623,8.15E-18
15.624,7.42E-18
15.625,6.69E-18
15.6259,5.98E-18
15.6269,5.27E-18
15.6279,4.57E-18
15.6289,3.88E-18
15.6299,3.20E-18
15.6309,2.53E-18
15.6319,1.87E-18
15.6329,1.23E-18
15.6339,6.05E-19
15.6349,-4.91E-21
15.6358,-5.97E-19
15.6368,-1.17E-18
15.6378,-1.72E-18
15.6388,-2.25E-18
15.6398,-2.76E-18
15.6408,-3.25E-18
15.6418,-3.71E-18
15.6428,-4.14E-18
15.6437,-4.55E-18
15.6447,-4.92E-18
15.6457,-5.27E-18
15.6467,-5.58E-18
15.6477,-5.87E-18
15.6487,-6.11E-18
15.6497,-6.33E-18
15.6507,-6.50E-18
15.6516,-6.64E-18
15.6526,-6.73E-18
15.6536,-6.79E-18
15.6546,-6.80E-18
15.6556,-6.77E-18
15.6566,-6.69E-18
15.6576,-6.57E-18
15.6585,-6.39E-18
15.6595,-6.17E-18
15.6605,-5.89E-18
15.6615,-5.57E-18
15.6625,-5.18E-18
15.6635,-4.74E-18
15.6644,-5.12E-18
15.6654,-5.57E-18
15.6664,-6.02E-18
15.6674,-6.45E-18
15.6684,-6.88E-18
15.6694,-7.31E-18
15.6703,-7.72E-18
15.6713,-8.13E-18
15.6723,-8.53E-18
15.6733,-8.91E-18
15.6743,-9.30E-18
15.6752,-9.67E-18
15.6762,-1.00E-17
15.6772,-1.04E-17
15.6782,-1.07E-17
15.6792,-1.11E-17
15.6802,-1.14E-17
15.6811,-1.17E-17
15.6821,-1.20E-17
15.6831,-1.23E-17
15.6841,-1.26E-17
15.6851,-1.28E-17
15.686,-1.31E-17
15.687,-1.33E-17
15.688,-1.35E-17
15.689,-1.38E-17
15.6899,-1.40E-17
15.6909,-1.42E-17
15.6919,-1.43E-17
15.6929,-1.45E-17
15.6939,-1.47E-17
15.6948,-1.48E-17
15.6958,-1.49E-17
15.6968,-1.50E-17
15.6978,-1.51E-17
15.6987,-1.52E-17
15.6997,-1.53E-17
15.7007,-1.53E-17
15.7017,-1.53E-17
15.7026,-1.54E-17
15.7036,-1.54E-17
15.7046,-1.53E-17
15.7056,-1.53E-17
15.7065,-1.53E-17
15.7075,-1.52E-17
15.7085,-1.51E-17
15.7095,-1.50E-17
15.7104,-1.49E-17
15.7114,-1.48E-17
15.7124,-1.46E-17
15.7134,-1.44E-17
15.7143,-1.42E-17
15.7153,-1.40E-17
15.7163,-1.38E-17
15.7173,-1.36E-17
15.7182,-1.33E-17
15.7192,-1.30E-17
15.7202,-1.27E-17
15.7211,-1.24E-17
15.7221,-1.20E-17
15.7231,-1.17E-17
15.7241,-1.13E-17
15.725,-1.09E-17
15.726,-1.05E-17
15.727,-1.00E-17
15.7279,-9.56E-18
15.7289,-9.07E-18
15.7299,-8.57E-18
15.7308,-8.42E-18
15.7318,-8.27E-18
15.7328,-8.13E-18
15.7338,-7.98E-18
15.7347,-7.82E-18
15.7357,-7.67E-18
15.7367,-7.51E-18
15.7376,-7.34E-18
15.7386,-7.18E-18
15.7396,-7.01E-18
15.7405,-6.84E-18
15.7415,-6.67E-18
15.7425,-6.49E-18
15.7434,-6.32E-18
15.7444,-6.14E-18
15.7454,-5.96E-18
15.7463,-5.77E-18
15.7473,-5.59E-18
15.7482,-5.40E-18
15.7492,-5.22E-18
15.7502,-5.03E-18
15.7511,-4.84E-18
15.7521,-4.65E-18
15.7531,-4.46E-18
15.754,-4.27E-18
15.755,-4.08E-18
15.756,-3.89E-18
15.7569,-3.70E-18
15.7579,-3.50E-18
15.7588,-3.31E-18
15.7598,-3.12E-18
15.7608,-2.93E-18
15.7617,-2.74E-18
15.7627,-2.55E-18
15.7636,-2.36E-18
15.7646,-2.17E-18
15.7656,-1.98E-18
15.7665,-1.79E-18
15.7675,-1.61E-18
15.7684,-1.43E-18
15.7694,-1.24E-18
15.7704,-1.06E-18
15.7713,-8.84E-19
15.7723,-7.08E-19
15.7732,-5.33E-19
15.7742,-3.61E-19
15.7751,-1.91E-19
15.7761,-2.42E-20
15.7771,1.40E-19
15.778,3.02E-19
15.779,4.61E-19
15.7799,6.16E-19
15.7809,7.69E-19
15.7818,9.18E-19
15.7828,1.06E-18
15.7838,1.20E-18
15.7847,1.34E-18
15.7857,1.48E-18
15.7866,1.61E-18
15.7876,1.73E-18
15.7885,1.85E-18
15.7895,1.97E-18
15.7904,2.08E-18
15.7914,2.19E-18
15.7923,2.29E-18
15.7933,2.39E-18
15.7942,2.48E-18
15.7952,2.57E-18
15.7961,2.65E-18
15.7971,2.73E-18
15.798,2.80E-18
15.799,2.86E-18
15.7999,2.92E-18
15.8009,2.97E-18
15.8018,3.02E-18
15.8028,3.06E-18
15.8037,3.09E-18
15.8047,3.12E-18
15.8056,3.13E-18
15.8066,3.15E-18
15.8075,3.15E-18
15.8085,3.15E-18
15.8094,3.14E-18
15.8104,3.13E-18
15.8113,3.10E-18
15.8123,3.07E-18
15.8132,3.03E-18
15.8141,2.98E-18
15.8151,2.93E-18
15.816,2.86E-18
15.817,2.79E-18
15.8179,2.71E-18
15.8189,2.62E-18
15.8198,2.52E-18
15.8208,2.41E-18
15.8217,2.30E-18
15.8226,2.17E-18
15.8236,2.04E-18
15.8245,1.89E-18
15.8255,1.74E-18
15.8264,1.58E-18
15.8274,1.40E-18
15.8283,1.36E-18
15.8292,1.41E-18
15.8302,1.45E-18
15.8311,1.49E-18
15.8321,1.52E-18
15.833,1.56E-18
15.8339,1.59E-18
15.8349,1.62E-18
15.8358,1.65E-18
15.8367,1.68E-18
15.8377,1.71E-18
15.8386,1.73E-18
15.8396,1.76E-18
15.8405,1.78E-18
15.8414,1.80E-18
15.8424,1.82E-18
15.8433,1.83E-18
15.8442,1.85E-18
15.8452,1.86E-18
15.8461,1.87E-18
15.847,1.88E-18
15.848,1.89E-18
15.8489,1.90E-18
15.8498,1.90E-18
15.8508,1.91E-18
15.8517,1.91E-18
15.8526,1.91E-18
15.8536,1.91E-18
15.8545,1.90E-18
15.8554,1.90E-18
15.8564,1.90E-18
15.8573,1.89E-18
15.8582,1.88E-18
15.8592,1.87E-18
15.8601,1.86E-18
15.861,1.85E-18
15.8619,1.83E-18
15.8629,1.82E-18
15.8638,1.80E-18
15.8647,1.79E-18
15.8657,1.77E-18
15.8666,1.75E-18
15.8675,1.73E-18
15.8684,1.71E-18
15.8694,1.69E-18
15.8703,1.66E-18
15.8712,1.64E-18
15.8721,1.61E-18
15.8731,1.59E-18
15.874,1.56E-18
15.8749,1.53E-18
15.8758,1.50E-18
15.8768,1.47E-18
15.8777,1.44E-18
15.8786,1.41E-18
15.8795,1.38E-18
15.8805,1.35E-18
15.8814,1.31E-18
15.8823,1.28E-18
15.8832,1.25E-18
15.8841,1.21E-18
15.8851,1.18E-18
15.886,1.14E-18
15.8869,1.11E-18
15.8878,1.07E-18
15.8887,1.04E-18
15.8897,1.00E-18
15.8906,9.67E-19
15.8915,9.31E-19
15.8924,8.95E-19
15.8933,8.60E-19
15.8942,8.24E-19
15.8952,7.88E-19
15.8961,7.53E-19
15.897,7.18E-19
15.8979,6.83E-19
15.8988,6.48E-19
15.8997,6.14E-19
15.9007,5.81E-19
15.9016,5.47E-19
15.9025,5.15E-19
15.9034,4.83E-19
15.9043,4.52E-19
15.9052,4.21E-19
15.9061,3.91E-19
15.907,3.63E-19
15.908,3.35E-19
15.9089,3.08E-19
15.9098,2.82E-19
15.9107,2.57E-19
15.9116,2.33E-19
15.9125,2.10E-19
15.9134,1.89E-19
15.9143,1.69E-19
15.9152,1.50E-19
15.9161,1.33E-19
15.9171,1.18E-19
15.918,1.04E-19
15.9189,9.13E-20
15.9198,8.06E-20
15.9207,7.17E-20
15.9216,6.46E-20
15.9225,4.20E-20
15.9234,-2.86E-20
15.9243,-9.96E-20
15.9252,-1.71E-19
15.9261,-2.42E-19
15.927,-3.14E-19
15.9279,-3.86E-19
15.9288,-4.58E-19
15.9297,-5.30E-19
15.9306,-6.02E-19
15.9315,-6.74E-19
15.9324,-7.46E-19
15.9333,-8.18E-19
15.9342,-8.90E-19
15.9351,-9.61E-19
15.936,-1.03E-18
15.9369,-1.10E-18
15.9378,-1.18E-18
15.9387,-1.25E-18
15.9396,-1.32E-18
15.9405,-1.39E-18
15.9414,-1.46E-18
15.9423,-1.53E-18
15.9432,-1.60E-18
15.9441,-1.66E-18
15.945,-1.73E-18
15.9459,-1.80E-18
15.9468,-1.87E-18
15.9477,-1.93E-18
15.9486,-2.00E-18
15.9495,-2.06E-18
15.9504,-2.12E-18
15.9513,-2.19E-18
15.9522,-2.25E-18
15.9531,-2.31E-18
15.9539,-2.37E-18
15.9548,-2.43E-18
15.9557,-2.49E-18
15.9566,-2.54E-18
15.9575,-2.60E-18
15.9584,-2.65E-18
15.9593,-2.71E-18
15.9602,-2.76E-18
15.9611,-2.81E-18
15.962,-2.86E-18
15.9628,-2.91E-18
15.9637,-2.95E-18
15.9646,-3.00E-18
15.9655,-3.04E-18
15.9664,-3.08E-18
15.9673,-3.12E-18
15.9682,-3.16E-18
15.969,-3.20E-18
15.9699,-3.23E-18
15.9708,-3.27E-18
15.9717,-3.30E-18
15.9726,-3.33E-18
15.9735,-3.35E-18
15.9744,-3.38E-18
15.9752,-3.40E-18
15.9761,-3.42E-18
15.977,-3.44E-18
15.9779,-3.46E-18
15.9788,-3.47E-18
15.9796,-3.49E-18
15.9805,-3.49E-18
15.9814,-3.50E-18
15.9823,-3.51E-18
15.9832,-3.51E-18
15.984,-3.51E-18
15.9849,-3.51E-18
15.9858,-3.50E-18
15.9867,-3.49E-18
15.9875,-3.48E-18
15.9884,-3.47E-18
15.9893,-3.45E-18
15.9902,-3.43E-18
15.991,-3.41E-18
15.9919,-3.39E-18
15.9928,-3.36E-18
15.9937,-3.33E-18
15.9945,-3.29E-18
15.9954,-3.26E-18
15.9963,-3.21E-18
15.9972,-3.17E-18
15.998,-3.12E-18
15.9989,-3.07E-18
15.9998,-3.02E-18
16.0006,-2.96E-18
16.0015,-2.90E-18
16.0024,-2.83E-18
16.0032,-2.77E-18
16.0041,-2.69E-18
16.005,-2.62E-18
16.0058,-2.54E-18
16.0067,-2.45E-18
16.0076,-2.37E-18
16.0084,-2.28E-18
16.0093,-2.18E-18
16.0102,-2.08E-18
16.011,-1.98E-18
16.0119,-1.87E-18
16.0128,-1.76E-18
16.0136,-1.74E-18
16.0145,-1.74E-18
16.0154,-1.73E-18
16.0162,-1.73E-18
16.0171,-1.72E-18
16.0179,-1.72E-18
16.0188,-1.71E-18
16.0197,-1.71E-18
16.0205,-1.70E-18
16.0214,-1.69E-18
16.0222,-1.68E-18
16.0231,-1.68E-18
16.024,-1.67E-18
16.0248,-1.66E-18
16.0257,-1.65E-18
16.0265,-1.64E-18
16.0274,-1.63E-18
16.0283,-1.62E-18
16.0291,-1.61E-18
16.03,-1.60E-18
16.0308,-1.59E-18
16.0317,-1.58E-18
16.0325,-1.56E-18
16.0334,-1.55E-18
16.0342,-1.54E-18
16.0351,-1.53E-18
16.0359,-1.51E-18
16.0368,-1.50E-18
16.0376,-1.49E-18
16.0385,-1.47E-18
16.0393,-1.46E-18
16.0402,-1.45E-18
16.041,-1.43E-18
16.0419,-1.42E-18
16.0427,-1.40E-18
16.0436,-1.39E-18
16.0444,-1.37E-18
16.0453,-1.36E-18
16.0461,-1.34E-18
16.047,-1.33E-18
16.0478,-1.31E-18
16.0487,-1.30E-18
16.0495,-1.28E-18
16.0504,-1.26E-18
16.0512,-1.25E-18
16.052,-1.23E-18
16.0529,-1.21E-18
16.0537,-1.20E-18
16.0546,-1.18E-18
16.0554,-1.16E-18
16.0563,-1.15E-18
16.0571,-1.13E-18
16.0579,-1.11E-18
16.0588,-1.09E-18
16.0596,-1.08E-18
16.0604,-1.06E-18
16.0613,-1.04E-18
16.0621,-1.03E-18
16.063,-1.01E-18
16.0638,-9.92E-19
16.0646,-9.75E-19
16.0655,-9.58E-19
16.0663,-9.41E-19
16.0671,-9.24E-19
16.068,-9.07E-19
16.0688,-8.90E-19
16.0696,-8.73E-19
16.0705,-8.56E-19
16.0713,-8.40E-19
16.0721,-8.23E-19
16.073,-8.07E-19
16.0738,-7.91E-19
16.0746,-7.75E-19
16.0755,-7.59E-19
16.0763,-7.44E-19
16.0771,-7.28E-19
16.078,-7.13E-19
16.0788,-6.98E-19
16.0796,-6.83E-19
16.0804,-6.68E-19
16.0813,-6.54E-19
16.0821,-6.40E-19
16.0829,-6.26E-19
16.0837,-6.13E-19
16.0846,-5.99E-19
16.0854,-5.87E-19
16.0862,-5.74E-19
16.087,-5.62E-19
16.0879,-5.50E-19
16.0887,-5.38E-19
16.0895,-5.27E-19
16.0903,-5.16E-19
16.0912,-5.06E-19
16.092,-4.96E-19
16.0928,-4.86E-19
16.0936,-4.77E-19
16.0944,-4.68E-19
16.0953,-4.60E-19
16.0961,-4.52E-19
16.0969,-4.45E-19
16.0977,-4.38E-19
16.0985,-4.32E-19
16.0993,-4.18E-19
16.1002,-3.98E-19
16.101,-3.78E-19
16.1018,-3.58E-19
16.1026,-3.38E-19
16.1034,-3.19E-19
16.1042,-2.99E-19
16.105,-2.79E-19
16.1059,-2.60E-19
16.1067,-2.40E-19
16.1075,-2.21E-19
16.1083,-2.02E-19
16.1091,-1.83E-19
16.1099,-1.64E-19
16.1107,-1.45E-19
16.1115,-1.26E-19
16.1123,-1.07E-19
16.1131,-8.87E-20
16.114,-7.03E-20
16.1148,-5.21E-20
16.1156,-3.40E-20
16.1164,-1.61E-20
16.1172,1.69E-21
16.118,1.93E-20
16.1188,3.67E-20
16.1196,5.39E-20
16.1204,7.09E-20
16.1212,8.77E-20
16.122,1.04E-19
16.1228,1.21E-19
16.1236,1.37E-19
16.1244,1.53E-19
16.1252,1.68E-19
16.126,1.84E-19
16.1268,1.99E-19
16.1276,2.14E-19
16.1284,2.29E-19
16.1292,2.43E-19
16.13,2.57E-19
16.1308,2.71E-19
16.1316,2.85E-19
16.1324,2.98E-19
16.1332,3.11E-19
16.134,3.24E-19
16.1348,3.36E-19
16.1356,3.48E-19
16.1364,3.60E-19
16.1372,3.71E-19
16.1379,3.82E-19
16.1387,3.93E-19
16.1395,4.04E-19
16.1403,4.14E-19
16.1411,4.23E-19
16.1419,4.32E-19
16.1427,4.41E-19
16.1435,4.50E-19
16.1443,4.58E-19
16.1451,4.66E-19
16.1458,4.73E-19
16.1466,4.80E-19
16.1474,4.86E-19
16.1482,4.92E-19
16.149,4.98E-19
16.1498,5.03E-19
16.1506,5.07E-19
16.1513,5.12E-19
16.1521,5.15E-19
16.1529,5.19E-19
16.1537,5.22E-19
16.1545,5.24E-19
16.1552,5.26E-19
16.156,5.27E-19
16.1568,5.28E-19
16.1576,5.28E-19
16.1584,5.28E-19
16.1591,5.27E-19
16.1599,5.26E-19
16.1607,5.24E-19
16.1615,5.22E-19
16.1623,5.19E-19
16.163,5.16E-19
16.1638,5.12E-19
16.1646,5.07E-19
16.1654,5.02E-19
16.1661,4.96E-19
16.1669,4.90E-19
16.1677,4.83E-19
16.1684,4.75E-19
16.1692,4.67E-19
16.17,4.58E-19
16.1708,4.49E-19
16.1715,4.39E-19
16.1723,4.28E-19
16.1731,4.17E-19
16.1738,4.05E-19
16.1746,3.92E-19
16.1754,3.79E-19
16.1761,3.65E-19
16.1769,3.51E-19
16.1777,3.35E-19
16.1784,3.19E-19
16.1792,3.02E-19
16.18,2.88E-19
16.1807,2.88E-19
16.1815,2.87E-19
16.1823,2.86E-19
16.183,2.85E-19
16.1838,2.83E-19
16.1845,2.82E-19
16.1853,2.81E-19
16.1861,2.79E-19
16.1868,2.77E-19
16.1876,2.76E-19
16.1883,2.74E-19
16.1891,2.72E-19
16.1898,2.70E-19
16.1906,2.68E-19
16.1914,2.65E-19
16.1921,2.63E-19
16.1929,2.61E-19
16.1936,2.58E-19
16.1944,2.56E-19
16.1951,2.53E-19
16.1959,2.50E-19
16.1966,2.47E-19
16.1974,2.44E-19
16.1981,2.41E-19
16.1989,2.38E-19
16.1996,2.35E-19
16.2004,2.32E-19
16.2011,2.29E-19
16.2019,2.26E-19
16.2026,2.22E-19
16.2034,2.19E-19
16.2041,2.15E-19
16.2049,2.12E-19
16.2056,2.08E-19
16.2064,2.05E-19
16.2071,2.01E-19
16.2079,1.97E-19
16.2086,1.94E-19
16.2093,1.90E-19
16.2101,1.86E-19
16.2108,1.83E-19
16.2116,1.79E-19
16.2123,1.75E-19
16.213,1.71E-19
16.2138,1.67E-19
16.2145,1.63E-19
16.2153,1.60E-19
16.216,1.56E-19
16.2167,1.52E-19
16.2175,1.48E-19
16.2182,1.44E-19
16.2189,1.40E-19
16.2197,1.37E-19
16.2204,1.33E-19
16.2211,1.29E-19
16.2219,1.25E-19
16.2226,1.22E-19
16.2233,1.18E-19
16.2241,1.14E-19
16.2248,1.11E-19
16.2255,1.07E-19
16.2263,1.04E-19
16.227,1.00E-19
16.2277,9.67E-20
16.2285,9.33E-20
16.2292,9.00E-20
16.2299,8.68E-20
16.2306,8.36E-20
16.2314,8.05E-20
16.2321,7.75E-20
16.2328,7.45E-20
16.2335,7.16E-20
16.2343,6.88E-20
16.235,6.61E-20
16.2357,6.35E-20
16.2364,6.10E-20
16.2372,5.86E-20
16.2379,5.62E-20
16.2386,5.40E-20
16.2393,5.19E-20
16.24,4.99E-20
16.2408,4.81E-20
16.2415,4.63E-20
16.2422,4.47E-20
16.2429,4.32E-20
16.2436,4.18E-20
16.2443,4.06E-20
16.245,3.95E-20
16.2458,3.86E-20
16.2465,3.78E-20
16.2472,3.72E-20
16.2479,3.67E-20
16.2486,3.64E-20
16.2493,3.62E-20
16.25,3.62E-20
16.2508,3.64E-20
16.2515,3.68E-20
16.2522,3.73E-20
16.2529,3.80E-20
16.2536,3.89E-20
16.2543,4.00E-20
16.255,4.13E-20
16.2557,3.82E-20
16.2564,3.42E-20
16.2571,3.02E-20
16.2578,2.62E-20
16.2585,2.23E-20
16.2592,1.83E-20
16.2599,1.44E-20
16.2606,1.05E-20
16.2613,6.60E-21
16.262,2.74E-21
16.2627,-1.09E-21
16.2634,-4.90E-21
16.2641,-8.69E-21
16.2648,-1.24E-20
16.2655,-1.62E-20
16.2662,-1.99E-20
16.2669,-2.35E-20
16.2676,-2.71E-20
16.2683,-3.07E-20
16.269,-3.43E-20
16.2697,-3.78E-20
16.2704,-4.13E-20
16.2711,-4.47E-20
16.2718,-4.81E-20
16.2725,-5.15E-20
16.2732,-5.48E-20
16.2739,-5.80E-20
16.2746,-6.12E-20
16.2753,-6.44E-20
16.2759,-6.75E-20
16.2766,-7.06E-20
16.2773,-7.36E-20
16.278,-7.66E-20
16.2787,-7.95E-20
16.2794,-8.23E-20
16.2801,-8.51E-20
16.2808,-8.78E-20
16.2814,-9.05E-20
16.2821,-9.31E-20
16.2828,-9.56E-20
16.2835,-9.81E-20
16.2842,-1.01E-19
16.2849,-1.03E-19
16.2855,-1.05E-19
16.2862,-1.07E-19
16.2869,-1.09E-19
16.2876,-1.12E-19
16.2882,-1.14E-19
16.2889,-1.15E-19
16.2896,-1.17E-19
16.2903,-1.19E-19
16.291,-1.21E-19
16.2916,-1.22E-19
16.2923,-1.24E-19
16.293,-1.25E-19
16.2937,-1.27E-19
16.2943,-1.28E-19
16.295,-1.29E-19
16.2957,-1.30E-19
16.2963,-1.31E-19
16.297,-1.32E-19
16.2977,-1.33E-19
16.2984,-1.34E-19
16.299,-1.34E-19
16.2997,-1.35E-19
16.3004,-1.35E-19
16.301,-1.36E-19
16.3017,-1.36E-19
16.3024,-1.36E-19
16.303,-1.36E-19
16.3037,-1.36E-19
16.3044,-1.36E-19
16.305,-1.36E-19
16.3057,-1.35E-19
16.3063,-1.35E-19
16.307,-1.34E-19
16.3077,-1.33E-19
16.3083,-1.33E-19
16.309,-1.32E-19
16.3096,-1.31E-19
16.3103,-1.30E-19
16.311,-1.28E-19
16.3116,-1.27E-19
16.3123,-1.25E-19
16.3129,-1.24E-19
16.3136,-1.22E-19
16.3142,-1.20E-19
16.3149,-1.18E-19
16.3156,-1.16E-19
16.3162,-1.14E-19
16.3169,-1.11E-19
16.3175,-1.09E-19
16.3182,-1.06E-19
16.3188,-1.04E-19
16.3195,-1.01E-19
16.3201,-9.76E-20
16.3208,-9.44E-20
16.3214,-9.11E-20
16.3221,-8.77E-20
16.3227,-8.42E-20
16.3234,-8.05E-20
16.324,-7.66E-20
16.3246,-7.42E-20
16.3253,-7.35E-20
16.3259,-7.28E-20
16.3266,-7.21E-20
16.3272,-7.13E-20
16.3279,-7.05E-20
16.3285,-6.97E-20
16.3291,-6.89E-20
16.3298,-6.80E-20
16.3304,-6.72E-20
16.3311,-6.63E-20
16.3317,-6.54E-20
16.3323,-6.44E-20
16.333,-6.35E-20
16.3336,-6.25E-20
16.3342,-6.15E-20
16.3349,-6.05E-20
16.3355,-5.95E-20
16.3362,-5.84E-20
16.3368,-5.74E-20
16.3374,-5.63E-20
16.338,-5.52E-20
16.3387,-5.42E-20
16.3393,-5.31E-20
16.3399,-5.19E-20
16.3406,-5.08E-20
16.3412,-4.97E-20
16.3418,-4.85E-20
16.3425,-4.74E-20
16.3431,-4.62E-20
16.3437,-4.51E-20
16.3443,-4.39E-20
16.345,-4.27E-20
16.3456,-4.16E-20
16.3462,-4.04E-20
16.3468,-3.92E-20
16.3475,-3.80E-20
16.3481,-3.68E-20
16.3487,-3.56E-20
16.3493,-3.45E-20
16.3499,-3.33E-20
16.3506,-3.21E-20
16.3512,-3.09E-20
16.3518,-2.97E-20
16.3524,-2.86E-20
16.353,-2.74E-20
16.3536,-2.63E-20
16.3543,-2.51E-20
16.3549,-2.40E-20
16.3555,-2.28E-20
16.3561,-2.17E-20
16.3567,-2.06E-20
16.3573,-1.95E-20
16.3579,-1.84E-20
16.3585,-1.74E-20
16.3592,-1.63E-20
16.3598,-1.53E-20
16.3604,-1.43E-20
16.361,-1.33E-20
16.3616,-1.23E-20
16.3622,-1.13E-20
16.3628,-1.04E-20
16.3634,-9.46E-21
16.364,-8.57E-21
16.3646,-7.69E-21
16.3652,-6.84E-21
16.3658,-6.02E-21
16.3664,-5.22E-21
16.367,-4.45E-21
16.3676,-3.71E-21
16.3682,-3.00E-21
16.3688,-2.32E-21
16.3694,-1.67E-21
16.37,-1.05E-21
16.3706,-4.69E-22
16.3712,7.95E-23
16.3718,5.93E-22
16.3724,1.07E-21
16.373,1.51E-21
16.3736,1.91E-21
16.3742,2.27E-21
16.3748,2.59E-21
16.3754,2.86E-21
16.376,3.10E-21
16.3766,3.29E-21
16.3772,3.44E-21
16.3778,3.53E-21
16.3784,3.59E-21
16.3789,3.59E-21
16.3795,3.55E-21
16.3801,3.45E-21
16.3807,3.30E-21
16.3813,3.10E-21
16.3819,2.85E-21
16.3825,2.54E-21
16.383,2.18E-21
16.3836,1.76E-21
16.3842,1.28E-21
16.3848,7.45E-22
16.3854,1.48E-22
16.386,-5.11E-22
16.3865,-1.23E-21
16.3871,-1.80E-21
16.3877,-9.12E-22
16.3883,-2.90E-23
16.3889,8.48E-22
16.3894,1.72E-21
16.39,2.58E-21
16.3906,3.44E-21
16.3912,4.29E-21
16.3917,5.14E-21
16.3923,5.97E-21
16.3929,6.80E-21
16.3935,7.63E-21
16.394,8.44E-21
16.3946,9.24E-21
16.3952,1.00E-20
16.3957,1.08E-20
16.3963,1.16E-20
16.3969,1.24E-20
16.3974,1.31E-20
16.398,1.39E-20
16.3986,1.46E-20
16.3991,1.54E-20
16.3997,1.61E-20
16.4003,1.68E-20
16.4008,1.75E-20
16.4014,1.82E-20
16.402,1.88E-20
16.4025,1.95E-20
16.4031,2.01E-20
16.4036,2.08E-20
16.4042,2.14E-20
16.4048,2.20E-20
16.4053,2.26E-20
16.4059,2.32E-20
16.4064,2.38E-20
16.407,2.43E-20
16.4076,2.49E-20
16.4081,2.54E-20
16.4087,2.59E-20
16.4092,2.64E-20
16.4098,2.69E-20
16.4103,2.74E-20
16.4109,2.78E-20
16.4114,2.83E-20
16.412,2.87E-20
16.4125,2.91E-20
16.4131,2.95E-20
16.4136,2.99E-20
16.4142,3.02E-20
16.4147,3.06E-20
16.4153,3.09E-20
16.4158,3.12E-20
16.4164,3.15E-20
16.4169,3.18E-20
16.4174,3.20E-20
16.418,3.23E-20
16.4185,3.25E-20
16.4191,3.27E-20
16.4196,3.29E-20
16.4202,3.30E-20
16.4207,3.32E-20
16.4212,3.33E-20
16.4218,3.34E-20
16.4223,3.35E-20
16.4228,3.35E-20
16.4234,3.36E-20
16.4239,3.36E-20
16.4245,3.36E-20
16.425,3.36E-20
16.4255,3.35E-20
16.4261,3.35E-20
16.4266,3.34E-20
16.4271,3.33E-20
16.4276,3.31E-20
16.4282,3.30E-20
16.4287,3.28E-20
16.4292,3.26E-20
16.4298,3.24E-20
16.4303,3.22E-20
16.4308,3.19E-20
16.4313,3.16E-20
16.4319,3.13E-20
16.4324,3.10E-20
16.4329,3.06E-20
16.4334,3.02E-20
16.434,2.98E-20
16.4345,2.94E-20
16.435,2.89E-20
16.4355,2.84E-20
16.436,2.79E-20
16.4366,2.74E-20
16.4371,2.69E-20
16.4376,2.63E-20
16.4381,2.57E-20
16.4386,2.50E-20
16.4392,2.44E-20
16.4397,2.37E-20
16.4402,2.30E-20
16.4407,2.22E-20
16.4412,2.15E-20
16.4417,2.07E-20
16.4422,1.99E-20
16.4427,1.90E-20
16.4433,1.86E-20
16.4438,1.84E-20
16.4443,1.81E-20
16.4448,1.79E-20
16.4453,1.76E-20
16.4458,1.73E-20
16.4463,1.71E-20
16.4468,1.68E-20
16.4473,1.65E-20
16.4478,1.62E-20
16.4483,1.59E-20
16.4488,1.56E-20
16.4493,1.53E-20
16.4498,1.50E-20
16.4503,1.47E-20
16.4508,1.44E-20
16.4513,1.41E-20
16.4518,1.38E-20
16.4523,1.35E-20
16.4528,1.32E-20
16.4533,1.28E-20
16.4538,1.25E-20
16.4543,1.22E-20
16.4548,1.19E-20
16.4553,1.15E-20
16.4558,1.12E-20
16.4563,1.09E-20
16.4568,1.06E-20
16.4573,1.02E-20
16.4578,9.89E-21
16.4582,9.55E-21
16.4587,9.22E-21
16.4592,8.89E-21
16.4597,8.55E-21
16.4602,8.22E-21
16.4607,7.89E-21
16.4612,7.56E-21
16.4616,7.23E-21
16.4621,6.90E-21
16.4626,6.57E-21
16.4631,6.24E-21
16.4636,5.92E-21
16.4641,5.60E-21
16.4645,5.28E-21
16.465,4.96E-21
16.4655,4.65E-21
16.466,4.34E-21
16.4665,4.03E-21
16.4669,3.73E-21
16.4674,3.43E-21
16.4679,3.13E-21
16.4684,2.84E-21
16.4688,2.55E-21
16.4693,2.27E-21
16.4698,1.99E-21
16.4703,1.72E-21
16.4707,1.45E-21
16.4712,1.19E-21
16.4717,9.33E-22
16.4721,6.83E-22
16.4726,4.40E-22
16.4731,2.03E-22
16.4735,-2.69E-23
16.474,-2.50E-22
16.4745,-4.65E-22
16.4749,-6.73E-22
16.4754,-8.73E-22
16.4759,-1.07E-21
16.4763,-1.25E-21
16.4768,-1.42E-21
16.4772,-1.59E-21
16.4777,-1.75E-21
16.4782,-1.90E-21
16.4786,-2.03E-21
16.4791,-2.16E-21
16.4795,-2.28E-21
16.48,-2.39E-21
16.4805,-2.49E-21
16.4809,-2.57E-21
16.4814,-2.65E-21
16.4818,-2.71E-21
16.4823,-2.76E-21
16.4827,-2.80E-21
16.4832,-2.83E-21
16.4836,-2.85E-21
16.4841,-2.85E-21
16.4845,-2.84E-21
16.485,-2.82E-21
16.4854,-2.78E-21
16.4859,-2.73E-21
16.4863,-2.67E-21
16.4868,-2.59E-21
16.4872,-2.50E-21
16.4877,-2.39E-21
16.4881,-2.27E-21
16.4885,-2.13E-21
16.489,-1.97E-21
16.4894,-1.80E-21
16.4899,-1.62E-21
16.4903,-1.41E-21
16.4907,-1.19E-21
16.4912,-9.58E-22
16.4916,-8.92E-22
16.4921,-1.09E-21
16.4925,-1.28E-21
16.4929,-1.47E-21
16.4934,-1.66E-21
16.4938,-1.84E-21
16.4942,-2.03E-21
16.4947,-2.21E-21
16.4951,-2.39E-21
16.4955,-2.57E-21
16.496,-2.74E-21
16.4964,-2.92E-21
16.4968,-3.09E-21
16.4973,-3.26E-21
16.4977,-3.43E-21
16.4981,-3.59E-21
16.4985,-3.75E-21
16.499,-3.91E-21
16.4994,-4.07E-21
16.4998,-4.22E-21
16.5002,-4.37E-21
16.5007,-4.52E-21
16.5011,-4.67E-21
16.5015,-4.81E-21
16.5019,-4.95E-21
16.5023,-5.09E-21
16.5028,-5.22E-21
16.5032,-5.36E-21
16.5036,-5.49E-21
16.504,-5.61E-21
16.5044,-5.73E-21
16.5048,-5.85E-21
16.5053,-5.97E-21
16.5057,-6.08E-21
16.5061,-6.19E-21
16.5065,-6.30E-21
16.5069,-6.40E-21
16.5073,-6.50E-21
16.5077,-6.60E-21
16.5081,-6.70E-21
16.5086,-6.79E-21
16.509,-6.87E-21
16.5094,-6.96E-21
16.5098,-7.04E-21
16.5102,-7.11E-21
16.5106,-7.18E-21
16.511,-7.25E-21
16.5114,-7.32E-21
16.5118,-7.38E-21
16.5122,-7.44E-21
16.5126,-7.49E-21
16.513,-7.54E-21
16.5134,-7.59E-21
16.5138,-7.63E-21
16.5142,-7.67E-21
16.5146,-7.71E-21
16.515,-7.74E-21
16.5154,-7.76E-21
16.5158,-7.79E-21
16.5162,-7.80E-21
16.5166,-7.82E-21
16.517,-7.83E-21
16.5174,-7.84E-21
16.5178,-7.84E-21
16.5181,-7.84E-21
16.5185,-7.83E-21
16.5189,-7.82E-21
16.5193,-7.80E-21
16.5197,-7.79E-21
16.5201,-7.76E-21
16.5205,-7.73E-21
16.5209,-7.70E-21
16.5213,-7.67E-21
16.5216,-7.63E-21
16.522,-7.58E-21
16.5224,-7.53E-21
16.5228,-7.48E-21
16.5232,-7.42E-21
16.5236,-7.35E-21
16.5239,-7.28E-21
16.5243,-7.21E-21
16.5247,-7.13E-21
16.5251,-7.05E-21
16.5254,-6.97E-21
16.5258,-6.87E-21
16.5262,-6.78E-21
16.5266,-6.68E-21
16.5269,-6.57E-21
16.5273,-6.46E-21
16.5277,-6.35E-21
16.5281,-6.23E-21
16.5284,-6.10E-21
16.5288,-5.97E-21
16.5292,-5.84E-21
16.5295,-5.70E-21
16.5299,-5.55E-21
16.5303,-5.40E-21
16.5306,-5.25E-21
16.531,-5.09E-21
16.5314,-4.93E-21
16.5317,-4.76E-21
16.5321,-4.58E-21
16.5325,-4.41E-21
16.5328,-4.34E-21
16.5332,-4.26E-21
16.5336,-4.19E-21
16.5339,-4.11E-21
16.5343,-4.04E-21
16.5346,-3.96E-21
16.535,-3.88E-21
16.5353,-3.80E-21
16.5357,-3.72E-21
16.5361,-3.64E-21
16.5364,-3.56E-21
16.5368,-3.48E-21
16.5371,-3.40E-21
16.5375,-3.31E-21
16.5378,-3.23E-21
16.5382,-3.14E-21
16.5385,-3.06E-21
16.5389,-2.97E-21
16.5392,-2.89E-21
16.5396,-2.80E-21
16.5399,-2.71E-21
16.5403,-2.62E-21
16.5406,-2.54E-21
16.541,-2.45E-21
16.5413,-2.36E-21
16.5416,-2.27E-21
16.542,-2.18E-21
16.5423,-2.10E-21
16.5427,-2.01E-21
16.543,-1.92E-21
16.5434,-1.83E-21
16.5437,-1.74E-21
16.544,-1.66E-21
16.5444,-1.57E-21
16.5447,-1.48E-21
16.545,-1.40E-21
16.5454,-1.31E-21
16.5457,-1.23E-21
16.546,-1.14E-21
16.5464,-1.06E-21
16.5467,-9.72E-22
16.547,-8.90E-22
16.5474,-8.08E-22
16.5477,-7.26E-22
16.548,-6.46E-22
16.5484,-5.67E-22
16.5487,-4.88E-22
16.549,-4.11E-22
16.5493,-3.35E-22
16.5497,-2.60E-22
16.55,-1.86E-22
16.5503,-1.14E-22
16.5506,-4.25E-23
16.551,2.73E-23
16.5513,9.55E-23
16.5516,1.62E-22
16.5519,2.27E-22
16.5522,2.91E-22
16.5526,3.53E-22
16.5529,4.13E-22
16.5532,4.71E-22
16.5535,5.28E-22
16.5538,5.82E-22
16.5541,6.34E-22
16.5545,6.85E-22
16.5548,7.33E-22
16.5551,7.79E-22
16.5554,8.23E-22
16.5557,8.65E-22
16.556,9.04E-22
16.5563,9.41E-22
16.5566,9.75E-22
16.5569,1.01E-21
16.5572,1.04E-21
16.5575,1.06E-21
16.5579,1.09E-21
16.5582,1.11E-21
16.5585,1.13E-21
16.5588,1.14E-21
16.5591,1.15E-21
16.5594,1.16E-21
16.5597,1.17E-21
16.56,1.17E-21
16.5603,1.17E-21
16.5606,1.17E-21
16.5609,1.16E-21
16.5612,1.15E-21
16.5615,1.14E-21
16.5618,1.12E-21
16.562,1.10E-21
16.5623,1.07E-21
16.5626,1.04E-21
16.5629,1.01E-21
16.5632,9.76E-22
16.5635,9.36E-22
16.5638,8.92E-22
16.5641,8.44E-22
16.5644,7.92E-22
16.5647,7.35E-22
16.565,6.75E-22
16.5652,6.10E-22
16.5655,5.40E-22
16.5658,5.47E-22
16.5661,5.88E-22
16.5664,6.28E-22
16.5667,6.67E-22
16.5669,7.06E-22
16.5672,7.44E-22
16.5675,7.82E-22
16.5678,8.19E-22
16.5681,8.56E-22
16.5683,8.92E-22
16.5686,9.28E-22
16.5689,9.62E-22
16.5692,9.97E-22
16.5694,1.03E-21
16.5697,1.06E-21
16.57,1.10E-21
16.5703,1.13E-21
16.5705,1.16E-21
16.5708,1.19E-21
16.5711,1.22E-21
16.5713,1.25E-21
16.5716,1.28E-21
16.5719,1.31E-21
16.5721,1.33E-21
16.5724,1.36E-21
16.5727,1.38E-21
16.5729,1.41E-21
16.5732,1.43E-21
16.5735,1.46E-21
16.5737,1.48E-21
16.574,1.50E-21
16.5742,1.53E-21
16.5745,1.55E-21
16.5748,1.57E-21
16.575,1.59E-21
16.5753,1.60E-21
16.5755,1.62E-21
16.5758,1.64E-21
16.576,1.66E-21
16.5763,1.67E-21
16.5765,1.69E-21
16.5768,1.70E-21
16.5771,1.71E-21
16.5773,1.73E-21
16.5776,1.74E-21
16.5778,1.75E-21
16.5781,1.76E-21
16.5783,1.77E-21
16.5785,1.78E-21
16.5788,1.79E-21
16.579,1.79E-21
16.5793,1.80E-21
16.5795,1.81E-21
16.5798,1.81E-21
16.58,1.81E-21
16.5803,1.82E-21
16.5805,1.82E-21
16.5807,1.82E-21
16.581,1.82E-21
16.5812,1.82E-21
16.5815,1.82E-21
16.5817,1.82E-21
16.5819,1.82E-21
16.5822,1.81E-21
16.5824,1.81E-21
16.5826,1.80E-21
16.5829,1.80E-21
16.5831,1.79E-21
16.5833,1.78E-21
16.5836,1.77E-21
16.5838,1.76E-21
16.584,1.75E-21
16.5842,1.74E-21
16.5845,1.73E-21
16.5847,1.72E-21
16.5849,1.70E-21
16.5851,1.69E-21
16.5854,1.67E-21
16.5856,1.66E-21
16.5858,1.64E-21
16.586,1.62E-21
16.5863,1.60E-21
16.5865,1.59E-21
16.5867,1.56E-21
16.5869,1.54E-21
16.5871,1.52E-21
16.5874,1.50E-21
16.5876,1.47E-21
16.5878,1.45E-21
16.588,1.42E-21
16.5882,1.40E-21
16.5884,1.37E-21
16.5886,1.34E-21
16.5888,1.31E-21
16.5891,1.28E-21
16.5893,1.25E-21
16.5895,1.22E-21
16.5897,1.19E-21
16.5899,1.15E-21
16.5901,1.12E-21
16.5903,1.09E-21
16.5905,1.05E-21
16.5907,1.02E-21
16.5909,9.99E-22
16.5911,9.78E-22
16.5913,9.58E-22
16.5915,9.37E-22
16.5917,9.16E-22
16.5919,8.95E-22
16.5921,8.74E-22
16.5923,8.52E-22
16.5925,8.31E-22
16.5927,8.09E-22
16.5929,7.87E-22
16.5931,7.65E-22
16.5933,7.43E-22
16.5935,7.20E-22
16.5937,6.98E-22
16.5939,6.75E-22
16.5941,6.53E-22
16.5943,6.30E-22
16.5944,6.07E-22
16.5946,5.84E-22
16.5948,5.62E-22
16.595,5.39E-22
16.5952,5.16E-22
16.5954,4.93E-22
16.5956,4.70E-22
16.5957,4.47E-22
16.5959,4.25E-22
16.5961,4.02E-22
16.5963,3.79E-22
16.5965,3.57E-22
16.5967,3.34E-22
16.5968,3.12E-22
16.597,2.90E-22
16.5972,2.67E-22
16.5974,2.45E-22
16.5975,2.24E-22
16.5977,2.02E-22
16.5979,1.80E-22
16.5981,1.59E-22
16.5982,1.38E-22
16.5984,1.17E-22
16.5986,9.64E-23
16.5987,7.59E-23
16.5989,5.58E-23
16.5991,3.59E-23
16.5992,1.63E-23
16.5994,-3.05E-24
16.5996,-2.20E-23
16.5997,-4.07E-23
16.5999,-5.91E-23
16.6001,-7.70E-23
16.6002,-9.47E-23
16.6004,-1.12E-22
16.6006,-1.29E-22
16.6007,-1.45E-22
16.6009,-1.61E-22
16.601,-1.77E-22
16.6012,-1.92E-22
16.6013,-2.07E-22
16.6015,-2.21E-22
16.6017,-2.34E-22
16.6018,-2.48E-22
16.602,-2.60E-22
16.6021,-2.72E-22
16.6023,-2.84E-22
16.6024,-2.95E-22
16.6026,-3.05E-22
16.6027,-3.15E-22
16.6029,-3.24E-22
16.603,-3.33E-22
16.6032,-3.41E-22
16.6033,-3.48E-22
16.6035,-3.55E-22
16.6036,-3.61E-22
16.6037,-3.66E-22
16.6039,-3.71E-22
16.604,-3.75E-22
16.6042,-3.78E-22
16.6043,-3.80E-22
16.6045,-3.82E-22
16.6046,-3.82E-22
16.6047,-3.82E-22
16.6049,-3.82E-22
16.605,-3.80E-22
16.6051,-3.77E-22
16.6053,-3.74E-22
16.6054,-3.70E-22
16.6055,-3.65E-22
16.6057,-3.58E-22
16.6058,-3.51E-22
16.6059,-3.44E-22
16.6061,-3.35E-22
16.6062,-3.25E-22
16.6063,-3.14E-22
16.6065,-3.02E-22
16.6066,-2.89E-22
16.6067,-2.76E-22
16.6068,-2.61E-22
16.607,-2.45E-22
16.6071,-2.28E-22
16.6072,-2.09E-22
16.6073,-1.90E-22
16.6074,-1.98E-22
16.6076,-2.06E-22
16.6077,-2.15E-22
16.6078,-2.23E-22
16.6079,-2.30E-22
16.608,-2.38E-22
16.6082,-2.45E-22
16.6083,-2.53E-22
16.6084,-2.60E-22
16.6085,-2.67E-22
16.6086,-2.74E-22
16.6087,-2.81E-22
16.6088,-2.87E-22
16.6089,-2.94E-22
16.6091,-3.00E-22
16.6092,-3.06E-22
16.6093,-3.12E-22
16.6094,-3.18E-22
16.6095,-3.24E-22
16.6096,-3.29E-22
16.6097,-3.35E-22
16.6098,-3.40E-22
16.6099,-3.45E-22
16.61,-3.50E-22
16.6101,-3.54E-22
16.6102,-3.59E-22
16.6103,-3.63E-22
16.6104,-3.68E-22
16.6105,-3.72E-22
16.6106,-3.75E-22
16.6107,-3.79E-22
16.6108,-3.83E-22
16.6109,-3.86E-22
16.611,-3.89E-22
16.6111,-3.92E-22
16.6112,-3.95E-22
16.6113,-3.98E-22
16.6113,-4.01E-22
16.6114,-4.03E-22
16.6115,-4.05E-22
16.6116,-4.07E-22
16.6117,-4.09E-22
16.6118,-4.11E-22
16.6119,-4.13E-22
16.612,-4.14E-22
16.612,-4.15E-22
16.6121,-4.16E-22
16.6122,-4.17E-22
16.6123,-4.18E-22
16.6124,-4.19E-22
16.6125,-4.19E-22
16.6125,-4.19E-22
16.6126,-4.19E-22
16.6127,-4.19E-22
16.6128,-4.19E-22
16.6128,-4.19E-22
16.6129,-4.18E-22
16.613,-4.17E-22
16.6131,-4.16E-22
16.6131,-4.15E-22
16.6132,-4.14E-22
16.6133,-4.13E-22
16.6133,-4.11E-22
16.6134,-4.09E-22
16.6135,-4.07E-22
16.6136,-4.05E-22
16.6136,-4.03E-22
16.6137,-4.01E-22
16.6138,-3.98E-22
16.6138,-3.96E-22
16.6139,-3.93E-22
16.6139,-3.90E-22
16.614,-3.87E-22
16.6141,-3.83E-22
16.6141,-3.80E-22
16.6142,-3.76E-22
16.6142,-3.73E-22
16.6143,-3.69E-22
16.6144,-3.65E-22
16.6144,-3.61E-22
16.6145,-3.56E-22
16.6145,-3.52E-22
16.6146,-3.47E-22
16.6146,-3.42E-22
16.6147,-3.37E-22
16.6147,-3.32E-22
16.6148,-3.27E-22
16.6148,-3.22E-22
16.6149,-3.16E-22
16.6149,-3.11E-22
16.615,-3.05E-22
16.615,-2.99E-22
16.6151,-2.93E-22
16.6151,-2.87E-22
16.6152,-2.81E-22
16.6152,-2.74E-22
16.6152,-2.68E-22
16.6153,-2.61E-22
16.6153,-2.54E-22
16.6154,-2.47E-22
16.6154,-2.40E-22
16.6154,-2.33E-22
16.6155,-2.27E-22
16.6155,-2.21E-22
16.6155,-2.15E-22
16.6156,-2.09E-22
16.6156,-2.03E-22
16.6156,-1.97E-22
16.6157,-1.90E-22
16.6157,-1.84E-22
16.6157,-1.78E-22
16.6158,-1.71E-22
16.6158,-1.65E-22
16.6158,-1.58E-22
16.6158,-1.52E-22
16.6159,-1.45E-22
16.6159,-1.39E-22
16.6159,-1.32E-22
16.6159,-1.25E-22
16.616,-1.18E-22
16.616,-1.11E-22
16.616,-1.05E-22
16.616,-9.76E-23
16.616,-9.06E-23
16.6161,-8.36E-23
16.6161,-7.65E-23
16.6161,-6.95E-23
16.6161,-6.24E-23
16.6161,-5.52E-23
16.6161,-4.81E-23
16.6162,-4.09E-23
16.6162,-3.37E-23
16.6162,-2.65E-23
16.6162,-1.93E-23
16.6162,-1.20E-23
16.6162,-4.78E-24
16.6162,2.48E-24
16.6162,9.75E-24
16.6162,1.70E-23
16.6162,2.43E-23
16.6162,3.16E-23
16.6162,3.89E-23
16.6162,4.61E-23
16.6163,5.34E-23
16.6163,6.07E-23
16.6163,6.79E-23
16.6163,7.51E-23
16.6163,8.24E-23
16.6163,8.96E-23
16.6162,9.67E-23
16.6162,1.04E-22
16.6162,1.11E-22
16.6162,1.18E-22
16.6162,1.25E-22
16.6162,1.32E-22
16.6162,1.39E-22
16.6162,1.46E-22
16.6162,1.53E-22
16.6162,1.60E-22
16.6162,1.67E-22
16.6162,1.74E-22
16.6161,1.80E-22
16.6161,1.87E-22
16.6161,1.94E-22
16.6161,2.00E-22
16.6161,2.07E-22
16.6161,2.13E-22
16.6161,2.20E-22
16.616,2.26E-22
16.616,2.32E-22
16.616,2.39E-22
16.616,2.45E-22
16.616,2.51E-22
16.6159,2.57E-22
16.6159,2.63E-22
16.6159,2.68E-22
16.6159,2.74E-22
16.6158,2.80E-22
16.6158,2.85E-22
16.6158,2.91E-22
16.6157,2.96E-22
16.6157,3.01E-22
16.6157,3.07E-22
16.6157,3.12E-22
16.6156,3.17E-22
16.6156,3.21E-22
16.6156,3.26E-22
16.6155,3.31E-22
16.6155,3.35E-22
16.6154,3.40E-22
16.6154,3.44E-22
16.6154,3.48E-22
16.6153,3.52E-22
16.6153,3.56E-22
16.6153,3.60E-22
16.6152,3.63E-22
16.6152,3.67E-22
16.6151,3.70E-22
16.6151,3.73E-22
16.615,3.76E-22
16.615,3.79E-22
16.6149,3.82E-22
16.6149,3.85E-22
16.6148,3.87E-22
16.6148,3.89E-22
16.6147,3.91E-22
16.6147,3.93E-22
16.6146,3.95E-22
16.6146,3.97E-22
16.6145,3.98E-22
16.6145,4.00E-22
16.6144,4.01E-22
16.6144,4.02E-22
16.6143,4.02E-22
16.6143,4.03E-22
16.6142,4.03E-22
16.6141,4.04E-22
16.6141,4.04E-22
16.614,4.03E-22
16.614,4.03E-22
16.6139,4.02E-22
16.6138,4.02E-22
16.6138,4.01E-22
16.6137,3.99E-22
16.6136,3.98E-22
16.6136,3.96E-22
16.6135,3.95E-22
16.6134,3.93E-22
16.6134,3.90E-22
16.6133,3.88E-22
16.6132,3.85E-22
16.6131,3.82E-22
16.6131,3.79E-22
16.613,3.76E-22
16.6129,3.72E-22
16.6128,3.68E-22
16.6128,3.64E-22
16.6127,3.60E-22
16.6126,3.55E-22
16.6125,3.50E-22
16.6125,3.45E-22
16.6124,3.40E-22
16.6123,3.34E-22
16.6122,3.29E-22
16.6121,3.22E-22
16.612,3.16E-22
16.612,3.09E-22
16.6119,3.03E-22
16.6118,2.95E-22
16.6117,2.88E-22
16.6116,2.80E-22
16.6115,2.72E-22
16.6114,2.64E-22
16.6113,2.56E-22
16.6112,2.47E-22
16.6111,2.38E-22
16.6111,2.28E-22
16.611,2.19E-22
16.6109,2.09E-22
16.6108,1.98E-22
16.6107,1.88E-22
16.6106,1.77E-22
16.6105,1.66E-22
16.6104,1.58E-22
16.6103,1.61E-22
16.6102,1.63E-22
16.6101,1.66E-22
16.61,1.69E-22
16.6099,1.71E-22
16.6098,1.74E-22
16.6097,1.76E-22
16.6095,1.79E-22
16.6094,1.81E-22
16.6093,1.84E-22
16.6092,1.86E-22
16.6091,1.89E-22
16.609,1.91E-22
16.6089,1.94E-22
16.6088,1.96E-22
16.6087,1.98E-22
16.6085,2.01E-22
16.6084,2.03E-22
16.6083,2.05E-22
16.6082,2.08E-22
16.6081,2.10E-22
16.608,2.12E-22
16.6078,2.15E-22
16.6077,2.17E-22
16.6076,2.19E-22
16.6075,2.21E-22
16.6074,2.24E-22
16.6072,2.26E-22
16.6071,2.28E-22
16.607,2.30E-22
16.6069,2.32E-22
16.6067,2.34E-22
16.6066,2.36E-22
16.6065,2.38E-22
16.6063,2.40E-22
16.6062,2.42E-22
16.6061,2.44E-22
16.6059,2.46E-22
16.6058,2.48E-22
16.6057,2.50E-22
16.6055,2.52E-22
16.6054,2.54E-22
16.6053,2.55E-22
16.6051,2.57E-22
16.605,2.59E-22
16.6049,2.61E-22
16.6047,2.62E-22
16.6046,2.64E-22
16.6044,2.66E-22
16.6043,2.67E-22
16.6041,2.69E-22
16.604,2.70E-22
16.6039,2.72E-22
16.6037,2.73E-22
16.6036,2.75E-22
16.6034,2.76E-22
16.6033,2.78E-22
16.6031,2.79E-22
16.603,2.80E-22
16.6028,2.82E-22
16.6027,2.83E-22
16.6025,2.84E-22
16.6023,2.85E-22
16.6022,2.86E-22
16.602,2.87E-22
16.6019,2.88E-22
16.6017,2.89E-22
16.6016,2.90E-22
16.6014,2.91E-22
16.6012,2.92E-22
16.6011,2.93E-22
16.6009,2.94E-22
16.6008,2.95E-22
16.6006,2.96E-22
16.6004,2.96E-22
16.6003,2.97E-22
16.6001,2.98E-22
16.5999,2.98E-22
16.5998,2.99E-22
16.5996,2.99E-22
16.5994,3.00E-22
16.5993,3.00E-22
16.5991,3.01E-22
16.5989,3.01E-22
16.5987,3.01E-22
16.5986,3.01E-22
16.5984,3.02E-22
16.5982,3.02E-22
16.598,3.02E-22
16.5979,3.02E-22
16.5977,3.02E-22
16.5975,3.02E-22
16.5973,3.02E-22
16.5971,3.02E-22
16.597,3.01E-22
16.5968,3.01E-22
16.5966,3.01E-22
16.5964,3.01E-22
16.5962,3.00E-22
16.596,3.00E-22
16.5958,2.99E-22
16.5957,2.99E-22
16.5955,2.98E-22
16.5953,2.97E-22
16.5951,2.97E-22
16.5949,2.96E-22
16.5947,2.95E-22
16.5945,2.94E-22
16.5943,2.93E-22
16.5941,2.92E-22
16.5939,2.91E-22
16.5937,2.90E-22
16.5935,2.89E-22
16.5933,2.88E-22
16.5931,2.87E-22
16.5929,2.85E-22
16.5927,2.84E-22
16.5925,2.82E-22
16.5923,2.81E-22
16.5921,2.79E-22
16.5919,2.78E-22
16.5917,2.76E-22
16.5915,2.74E-22
16.5913,2.72E-22
16.5911,2.71E-22
16.5909,2.69E-22
16.5907,2.67E-22
16.5905,2.65E-22
16.5903,2.62E-22
16.59,2.60E-22
16.5898,2.58E-22
16.5896,2.56E-22
16.5894,2.53E-22
16.5892,2.51E-22
16.589,2.48E-22
16.5887,2.46E-22
16.5885,2.43E-22
16.5883,2.40E-22
16.5881,2.37E-22
16.5879,2.35E-22
16.5876,2.32E-22
16.5874,2.29E-22
16.5872,2.25E-22
16.587,2.22E-22
16.5867,2.19E-22
16.5865,2.16E-22
16.5863,2.12E-22
16.5861,2.09E-22
16.5858,2.05E-22
16.5856,2.02E-22
16.5854,1.98E-22
16.5851,1.94E-22
16.5849,1.91E-22
16.5847,1.87E-22
16.5844,1.83E-22
16.5842,1.79E-22
16.584,1.75E-22
16.5837,1.70E-22
16.5835,1.66E-22
16.5833,1.62E-22
16.583,1.57E-22
16.5828,1.56E-22
16.5825,1.56E-22
16.5823,1.55E-22
16.582,1.54E-22
16.5818,1.53E-22
16.5816,1.53E-22
16.5813,1.52E-22
16.5811,1.51E-22
16.5808,1.50E-22
16.5806,1.50E-22
16.5803,1.49E-22
16.5801,1.48E-22
16.5798,1.47E-22
16.5796,1.46E-22
16.5793,1.46E-22
16.5791,1.45E-22
16.5788,1.44E-22
16.5785,1.43E-22
16.5783,1.43E-22
16.578,1.42E-22
16.5778,1.41E-22
16.5775,1.40E-22
16.5773,1.39E-22
16.577,1.39E-22
16.5767,1.38E-22
16.5765,1.37E-22
16.5762,1.36E-22
16.5759,1.35E-22
16.5757,1.35E-22
16.5754,1.34E-22
16.5751,1.33E-22
16.5749,1.32E-22
16.5746,1.31E-22
16.5743,1.30E-22
16.5741,1.30E-22
16.5738,1.29E-22
16.5735,1.28E-22
16.5733,1.27E-22
16.573,1.26E-22
16.5727,1.26E-22
16.5724,1.25E-22
16.5722,1.24E-22
16.5719,1.23E-22
16.5716,1.22E-22
16.5713,1.21E-22
16.571,1.21E-22
16.5708,1.20E-22
16.5705,1.19E-22
16.5702,1.18E-22
16.5699,1.17E-22
16.5696,1.17E-22
16.5693,1.16E-22
16.5691,1.15E-22
16.5688,1.14E-22
16.5685,1.13E-22
16.5682,1.12E-22
16.5679,1.12E-22
16.5676,1.11E-22
16.5673,1.10E-22
16.567,1.09E-22
16.5667,1.08E-22
16.5664,1.07E-22
16.5661,1.07E-22
16.5658,1.06E-22
16.5655,1.05E-22
16.5652,1.04E-22
16.5649,1.03E-22
16.5646,1.03E-22
16.5643,1.02E-22
16.564,1.01E-22
16.5637,1.00E-22
16.5634,9.94E-23
16.5631,9.85E-23
16.5628,9.77E-23
16.5625,9.69E-23
16.5622,9.61E-23
16.5619,9.53E-23
16.5616,9.45E-23
16.5613,9.37E-23
16.561,9.29E-23
16.5607,9.21E-23
16.5604,9.14E-23
16.56,9.06E-23
16.5597,8.98E-23
16.5594,8.90E-23
16.5591,8.82E-23
16.5588,8.74E-23
16.5585,8.66E-23
16.5582,8.59E-23
16.5578,8.51E-23
16.5575,8.43E-23
16.5572,8.35E-23
16.5569,8.28E-23
16.5565,8.20E-23
16.5562,8.12E-23
16.5559,8.05E-23
16.5556,7.97E-23
16.5552,7.90E-23
16.5549,7.82E-23
16.5546,7.75E-23
16.5543,7.67E-23
16.5539,7.60E-23
16.5536,7.52E-23
16.5533,7.45E-23
16.5529,7.37E-23
16.5526,7.30E-23
16.5523,7.23E-23
16.5519,7.15E-23
16.5516,7.08E-23
16.5513,7.01E-23
16.5509,6.94E-23
16.5506,6.87E-23
16.5502,6.80E-23
16.5499,6.72E-23
16.5496,6.65E-23
16.5492,6.58E-23
16.5489,6.51E-23
16.5485,6.44E-23
16.5482,6.38E-23
16.5478,6.31E-23
16.5475,6.24E-23
16.5472,6.17E-23
16.5468,6.10E-23
16.5465,6.03E-23
16.5461,5.97E-23
16.5458,5.90E-23
16.5454,5.83E-23
16.5451,5.77E-23
16.5447,5.70E-23
16.5443,5.64E-23
16.544,5.57E-23
16.5436,5.51E-23
16.5433,5.44E-23
16.5429,5.38E-23
16.5426,5.32E-23
16.5422,5.25E-23
16.5418,5.19E-23
16.5415,5.13E-23
16.5411,5.07E-23
16.5407,5.01E-23
16.5404,4.95E-23
16.54,4.89E-23
16.5397,4.83E-23
16.5393,4.77E-23
16.5389,4.71E-23
16.5385,4.65E-23
16.5382,4.59E-23
16.5378,4.53E-23
16.5374,4.48E-23
16.5371,4.42E-23
16.5367,4.36E-23
16.5363,4.31E-23
16.5359,4.25E-23
16.5356,4.20E-23
16.5352,4.14E-23
16.5348,4.09E-23
16.5344,4.03E-23
16.5341,3.98E-23
16.5337,3.93E-23
16.5333,3.87E-23
16.5329,3.82E-23
16.5325,3.77E-23
16.5321,3.71E-23
16.5318,3.66E-23
16.5314,3.61E-23
16.531,3.55E-23
16.5306,3.50E-23
16.5302,3.45E-23
16.5298,3.40E-23
16.5294,3.34E-23
16.529,3.29E-23
16.5286,3.24E-23
16.5283,3.19E-23
16.5279,3.14E-23
16.5275,3.09E-23
16.5271,3.04E-23
16.5267,2.99E-23
16.5263,2.95E-23
16.5259,2.90E-23
16.5255,2.85E-23
16.5251,2.80E-23
16.5247,2.76E-23
16.5243,2.71E-23
16.5239,2.67E-23
16.5235,2.62E-23
16.5231,2.57E-23
16.5227,2.53E-23
16.5222,2.49E-23
16.5218,2.44E-23
16.5214,2.40E-23
16.521,2.36E-23
16.5206,2.31E-23
16.5202,2.27E-23
16.5198,2.23E-23
16.5194,2.19E-23
16.519,2.15E-23
16.5186,2.11E-23
16.5181,2.07E-23
16.5177,2.03E-23
16.5173,1.99E-23
16.5169,1.95E-23
16.5165,1.91E-23
16.516,1.87E-23
16.5156,1.84E-23
16.5152,1.80E-23
16.5148,1.76E-23
16.5144,1.73E-23
16.5139,1.69E-23
16.5135,1.65E-23
16.5131,1.62E-23
16.5127,1.59E-23
16.5122,1.55E-23
16.5118,1.52E-23
16.5114,1.48E-23
16.5109,1.45E-23
16.5105,1.42E-23
16.5101,1.39E-23
16.5096,1.35E-23
16.5092,1.32E-23
16.5088,1.29E-23
16.5083,1.26E-23
16.5079,1.23E-23
16.5075,1.20E-23
16.507,1.17E-23
16.5066,1.14E-23
16.5061,1.12E-23
16.5057,1.09E-23
16.5053,1.06E-23
16.5048,1.03E-23
16.5044,1.01E-23
16.5039,9.80E-24
16.5035,9.54E-24
16.503,9.29E-24
16.5026,9.04E-24
16.5021,8.79E-24
16.5017,8.54E-24
16.5012,8.31E-24
16.5008,8.07E-24
16.5003,7.84E-24
16.4999,7.61E-24
16.4994,7.39E-24
16.499,7.17E-24
16.4985,6.95E-24
16.4981,6.74E-24
16.4976,6.53E-24
16.4972,6.33E-24
16.4967,6.13E-24
16.4962,5.93E-24
16.4958,5.74E-24
16.4953,5.55E-24
16.4948,5.37E-24
16.4944,5.19E-24
16.4939,5.01E-24
16.4935,4.84E-24
16.493,4.67E-24
16.4925,4.51E-24
16.492,4.34E-24
16.4916,4.19E-24
16.4911,4.03E-24
16.4906,3.88E-24
16.4902,3.74E-24
16.4897,3.59E-24
16.4892,3.45E-24
16.4887,3.32E-24
16.4883,3.19E-24
16.4878,3.06E-24
16.4873,2.94E-24
16.4868,2.81E-24
16.4864,2.70E-24
16.4859,2.58E-24
16.4854,2.47E-24
16.4849,2.37E-24
16.4844,2.26E-24
16.484,2.16E-24
16.4835,2.07E-24
16.483,1.98E-24
16.4825,1.89E-24
16.482,1.80E-24
16.4815,1.72E-24
16.481,1.64E-24
16.4805,1.57E-24
16.4801,1.49E-24
16.4796,1.43E-24
16.4791,1.36E-24
16.4786,1.30E-24
16.4781,1.24E-24
16.4776,1.19E-24
16.4771,1.13E-24
16.4766,1.08E-24
16.4761,1.04E-24
16.4756,9.97E-25
16.4751,9.58E-25
16.4746,9.22E-25
16.4741,8.90E-25
16.4736,8.60E-25
16.4731,8.34E-25
16.4726,8.11E-25
16.4721,7.90E-25
16.4716,7.73E-25
16.4711,7.59E-25
16.4706,7.48E-25
16.4701,7.40E-25
16.4695,7.35E-25
16.469,7.32E-25
16.4685,7.33E-25
16.468,7.37E-25
16.4675,7.43E-25
16.467,7.53E-25
16.4665,7.65E-25
16.466,7.80E-25
16.4654,7.98E-25
16.4649,8.19E-25
16.4644,8.42E-25
16.4639,8.68E-25
16.4634,8.97E-25
16.4628,9.28E-25
16.4623,9.63E-25
16.4618,1.00E-24
16.4613,1.04E-24
16.4607,1.08E-24
16.4602,1.13E-24
16.4597,1.17E-24
16.4592,1.21E-24
16.4586,1.22E-24
16.4581,1.22E-24
16.4576,1.23E-24
16.457,1.24E-24
16.4565,1.24E-24
16.456,1.26E-24
16.4554,1.27E-24
16.4549,1.28E-24
16.4544,1.30E-24
16.4538,1.31E-24
16.4533,1.33E-24
16.4528,1.35E-24
16.4522,1.37E-24
16.4517,1.39E-24
16.4511,1.41E-24
16.4506,1.44E-24
16.4501,1.46E-24
16.4495,1.49E-24
16.449,1.51E-24
16.4484,1.54E-24
16.4479,1.57E-24
16.4473,1.60E-24
16.4468,1.63E-24
16.4462,1.66E-24
16.4457,1.69E-24
16.4451,1.72E-24
16.4446,1.76E-24
16.444,1.79E-24
16.4435,1.83E-24
16.4429,1.86E-24
16.4424,1.90E-24
16.4418,1.94E-24
16.4412,1.97E-24
16.4407,2.01E-24
16.4401,2.05E-24
16.4396,2.09E-24
16.439,2.13E-24
16.4384,2.17E-24
16.4379,2.21E-24
16.4373,2.25E-24
16.4368,2.29E-24
16.4362,2.33E-24
16.4356,2.37E-24
16.4351,2.41E-24
16.4345,2.46E-24
16.4339,2.50E-24
16.4333,2.54E-24
16.4328,2.58E-24
16.4322,2.63E-24
16.4316,2.67E-24
16.4311,2.71E-24
16.4305,2.75E-24
16.4299,2.80E-24
16.4293,2.84E-24
16.4288,2.88E-24
16.4282,2.92E-24
16.4276,2.97E-24
16.427,3.01E-24
16.4264,3.05E-24
16.4259,3.09E-24
16.4253,3.13E-24
16.4247,3.17E-24
16.4241,3.21E-24
16.4235,3.26E-24
16.4229,3.29E-24
16.4223,3.33E-24
16.4218,3.37E-24
16.4212,3.41E-24
16.4206,3.45E-24
16.42,3.49E-24
16.4194,3.52E-24
16.4188,3.56E-24
16.4182,3.60E-24
16.4176,3.63E-24
16.417,3.66E-24
16.4164,3.70E-24
16.4158,3.73E-24
16.4152,3.76E-24
16.4146,3.79E-24
16.414,3.82E-24
16.4134,3.85E-24
16.4128,3.88E-24
16.4122,3.91E-24
16.4116,3.94E-24
16.411,3.96E-24
16.4104,3.98E-24
16.4098,4.01E-24
16.4092,4.03E-24
16.4086,4.05E-24
16.408,4.07E-24
16.4074,4.09E-24
16.4068,4.11E-24
16.4062,4.12E-24
16.4055,4.14E-24
16.4049,4.15E-24
16.4043,4.17E-24
16.4037,4.18E-24
16.4031,4.19E-24
16.4025,4.19E-24
16.4018,4.20E-24
16.4012,4.21E-24
16.4006,4.21E-24
16.4,4.21E-24
16.3994,4.21E-24
16.3987,4.21E-24
16.3981,4.21E-24
16.3975,4.21E-24
16.3969,4.20E-24
16.3962,4.19E-24
16.3956,4.18E-24
16.395,4.17E-24
16.3944,4.16E-24
16.3937,4.14E-24
16.3931,4.13E-24
16.3925,4.11E-24
16.3918,4.09E-24
16.3912,4.07E-24
16.3906,4.04E-24
16.3899,4.02E-24
16.3893,3.99E-24
16.3887,3.96E-24
16.388,3.93E-24
16.3874,3.89E-24
16.3867,3.86E-24
16.3861,3.82E-24
16.3855,3.78E-24
16.3848,3.73E-24
16.3842,3.69E-24
16.3835,3.64E-24
16.3829,3.59E-24
16.3822,3.54E-24
16.3816,3.48E-24
16.3809,3.43E-24
16.3803,3.37E-24
16.3796,3.31E-24
16.379,3.24E-24
16.3783,3.18E-24
16.3777,3.11E-24
16.377,3.04E-24
16.3764,2.96E-24
16.3757,2.89E-24
16.3751,2.81E-24
16.3744,2.73E-24
16.3738,2.64E-24
16.3731,2.55E-24
16.3724,2.46E-24
16.3718,2.37E-24
16.3711,2.28E-24
16.3705,2.18E-24
16.3698,2.08E-24
16.3691,1.97E-24
16.3685,1.87E-24
16.3678,1.76E-24
16.3671,1.65E-24
16.3665,1.53E-24
16.3658,1.41E-24
16.3651,1.29E-24
16.3645,1.17E-24
16.3638,1.04E-24
16.3631,9.11E-25
16.3624,7.78E-25
16.3618,7.76E-25
16.3611,7.91E-25
16.3604,8.06E-25
16.3597,8.21E-25
16.3591,8.36E-25
16.3584,8.51E-25
16.3577,8.65E-25
16.357,8.80E-25
16.3563,8.94E-25
16.3557,9.09E-25
16.355,9.23E-25
16.3543,9.37E-25
16.3536,9.51E-25
16.3529,9.64E-25
16.3522,9.78E-25
16.3515,9.91E-25
16.3509,1.00E-24
16.3502,1.02E-24
16.3495,1.03E-24
16.3488,1.04E-24
16.3481,1.06E-24
16.3474,1.07E-24
16.3467,1.08E-24
16.346,1.09E-24
16.3453,1.11E-24
16.3446,1.12E-24
16.3439,1.13E-24
16.3432,1.14E-24
16.3425,1.15E-24
16.3418,1.16E-24
16.3411,1.18E-24
16.3404,1.19E-24
16.3397,1.20E-24
16.339,1.21E-24
16.3383,1.22E-24
16.3376,1.23E-24
16.3369,1.24E-24
16.3362,1.25E-24
16.3355,1.26E-24
16.3348,1.27E-24
16.3341,1.28E-24
16.3333,1.29E-24
16.3326,1.29E-24
16.3319,1.30E-24
16.3312,1.31E-24
16.3305,1.32E-24
16.3298,1.33E-24
16.3291,1.34E-24
16.3283,1.34E-24
16.3276,1.35E-24
16.3269,1.36E-24
16.3262,1.37E-24
16.3255,1.37E-24
16.3247,1.38E-24
16.324,1.39E-24
16.3233,1.39E-24
16.3226,1.40E-24
16.3218,1.40E-24
16.3211,1.41E-24
16.3204,1.41E-24
16.3197,1.42E-24
16.3189,1.42E-24
16.3182,1.43E-24
16.3175,1.43E-24
16.3167,1.44E-24
16.316,1.44E-24
16.3153,1.45E-24
16.3145,1.45E-24
16.3138,1.45E-24
16.3131,1.46E-24
16.3123,1.46E-24
16.3116,1.46E-24
16.3108,1.47E-24
16.3101,1.47E-24
16.3094,1.47E-24
16.3086,1.47E-24
16.3079,1.47E-24
16.3071,1.47E-24
16.3064,1.48E-24
16.3056,1.48E-24
16.3049,1.48E-24
16.3041,1.48E-24
16.3034,1.48E-24
16.3026,1.48E-24
16.3019,1.48E-24
16.3011,1.48E-24
16.3004,1.48E-24
16.2996,1.48E-24
16.2989,1.48E-24
16.2981,1.48E-24
16.2974,1.47E-24
16.2966,1.47E-24
16.2959,1.47E-24
16.2951,1.47E-24
16.2943,1.47E-24
16.2936,1.47E-24
16.2928,1.46E-24
16.2921,1.46E-24
16.2913,1.46E-24
16.2905,1.45E-24
16.2898,1.45E-24
16.289,1.45E-24
16.2882,1.44E-24
16.2875,1.44E-24
16.2867,1.43E-24
16.2859,1.43E-24
16.2852,1.42E-24
16.2844,1.42E-24
16.2836,1.41E-24
16.2828,1.41E-24
16.2821,1.40E-24
16.2813,1.40E-24
16.2805,1.39E-24
16.2797,1.39E-24
16.279,1.38E-24
16.2782,1.37E-24
16.2774,1.37E-24
16.2766,1.36E-24
16.2758,1.35E-24
16.2751,1.35E-24
16.2743,1.34E-24
16.2735,1.33E-24
16.2727,1.32E-24
16.2719,1.31E-24
16.2711,1.31E-24
16.2703,1.30E-24
16.2696,1.29E-24
16.2688,1.28E-24
16.268,1.27E-24
16.2672,1.26E-24
16.2664,1.25E-24
16.2656,1.24E-24
16.2648,1.23E-24
16.264,1.22E-24
16.2632,1.21E-24
16.2624,1.20E-24
16.2616,1.19E-24
16.2608,1.18E-24
16.26,1.17E-24
16.2592,1.16E-24
16.2584,1.15E-24
16.2576,1.14E-24
16.2568,1.13E-24
16.256,1.11E-24
16.2552,1.10E-24
16.2544,1.09E-24
16.2536,1.08E-24
16.2528,1.07E-24
16.252,1.05E-24
16.2512,1.04E-24
16.2504,1.03E-24
16.2496,1.02E-24
16.2487,1.00E-24
16.2479,9.89E-25
16.2471,9.76E-25
16.2463,9.63E-25
16.2455,9.49E-25
16.2447,9.35E-25
16.2438,9.21E-25
16.243,9.07E-25
16.2422,8.93E-25
16.2414,8.81E-25
16.2406,8.70E-25
16.2397,8.59E-25
16.2389,8.48E-25
16.2381,8.37E-25
16.2373,8.26E-25
16.2364,8.15E-25
16.2356,8.04E-25
16.2348,7.93E-25
16.234,7.81E-25
16.2331,7.70E-25
16.2323,7.59E-25
16.2315,7.48E-25
16.2306,7.36E-25
16.2298,7.25E-25
16.229,7.13E-25
16.2281,7.02E-25
16.2273,6.90E-25
16.2265,6.79E-25
16.2256,6.67E-25
16.2248,6.56E-25
16.2239,6.44E-25
16.2231,6.33E-25
16.2223,6.21E-25
16.2214,6.10E-25
16.2206,5.98E-25
16.2197,5.87E-25
16.2189,5.75E-25
16.218,5.64E-25
16.2172,5.52E-25
16.2164,5.41E-25
16.2155,5.29E-25
16.2147,5.18E-25
16.2138,5.06E-25
16.213,4.95E-25
16.2121,4.83E-25
16.2112,4.72E-25
16.2104,4.61E-25
16.2095,4.49E-25
16.2087,4.38E-25
16.2078,4.27E-25
16.207,4.16E-25
16.2061,4.04E-25
16.2052,3.93E-25
16.2044,3.82E-25
16.2035,3.71E-25
16.2027,3.60E-25
16.2018,3.50E-25
16.2009,3.39E-25
16.2001,3.28E-25
16.1992,3.17E-25
16.1983,3.07E-25
16.1975,2.96E-25
16.1966,2.86E-25
16.1957,2.75E-25
16.1949,2.65E-25
16.194,2.55E-25
16.1931,2.45E-25
16.1922,2.35E-25
16.1914,2.25E-25
16.1905,2.15E-25
16.1896,2.05E-25
16.1887,1.95E-25
16.1879,1.86E-25
16.187,1.76E-25
16.1861,1.67E-25
16.1852,1.58E-25
16.1843,1.49E-25
16.1835,1.40E-25
16.1826,1.31E-25
16.1817,1.22E-25
16.1808,1.14E-25
16.1799,1.05E-25
16.179,9.68E-26
16.1782,8.86E-26
16.1773,8.05E-26
16.1764,7.26E-26
16.1755,6.48E-26
16.1746,5.71E-26
16.1737,4.96E-26
16.1728,4.23E-26
16.1719,3.51E-26
16.171,2.81E-26
16.1701,2.12E-26
16.1692,1.45E-26
16.1683,7.94E-27
16.1674,1.57E-27
16.1665,-4.63E-27
16.1656,-1.07E-26
16.1647,-1.65E-26
16.1638,-2.22E-26
16.1629,-2.77E-26
16.162,-3.30E-26
16.1611,-3.81E-26
16.1602,-4.30E-26
16.1593,-4.77E-26
16.1584,-5.22E-26
16.1575,-5.65E-26
16.1566,-6.07E-26
16.1557,-6.46E-26
16.1548,-6.83E-26
16.1538,-7.18E-26
16.1529,-7.51E-26
16.152,-7.81E-26
16.1511,-8.10E-26
16.1502,-8.36E-26
16.1493,-8.60E-26
16.1484,-8.81E-26
16.1474,-9.01E-26
16.1465,-9.18E-26
16.1456,-9.32E-26
16.1447,-9.44E-26
16.1437,-9.54E-26
16.1428,-9.61E-26
16.1419,-9.66E-26
16.141,-9.69E-26
16.1401,-9.68E-26
16.1391,-9.65E-26
16.1382,-9.60E-26
16.1373,-9.52E-26
16.1363,-9.41E-26
16.1354,-9.28E-26
16.1345,-9.12E-26
16.1335,-8.93E-26
16.1326,-8.72E-26
16.1317,-8.47E-26
16.1307,-8.20E-26
16.1298,-7.90E-26
16.1289,-7.57E-26
16.1279,-7.22E-26
16.127,-6.83E-26
16.1261,-6.41E-26
16.1251,-5.97E-26
16.1242,-5.49E-26
16.1232,-4.99E-26
16.1223,-4.45E-26
16.1213,-3.88E-26
16.1204,-3.29E-26
16.1195,-2.66E-26
16.1185,-1.99E-26
16.1176,-1.30E-26
16.1166,-5.76E-27
16.1157,1.82E-27
16.1147,9.72E-27
16.1138,1.79E-26
16.1128,2.65E-26
16.1119,3.54E-26
16.1109,4.46E-26
16.1099,5.42E-26
16.109,6.41E-26
16.108,7.44E-26
16.1071,8.50E-26
16.1061,9.59E-26
16.1052,1.07E-25
16.1042,1.19E-25
16.1032,1.31E-25
16.1023,1.43E-25
16.1013,1.56E-25
16.1003,1.69E-25
16.0994,1.82E-25
16.0984,1.96E-25
16.0974,2.07E-25
16.0965,2.04E-25
16.0955,2.01E-25
16.0945,1.98E-25
16.0936,1.95E-25
16.0926,1.92E-25
16.0916,1.89E-25
16.0907,1.86E-25
16.0897,1.83E-25
16.0887,1.80E-25
16.0877,1.77E-25
16.0868,1.74E-25
16.0858,1.71E-25
16.0848,1.68E-25
16.0838,1.65E-25
16.0828,1.62E-25
16.0819,1.60E-25
16.0809,1.57E-25
16.0799,1.54E-25
16.0789,1.51E-25
16.0779,1.49E-25
16.0769,1.46E-25
16.0759,1.43E-25
16.075,1.41E-25
16.074,1.38E-25
16.073,1.35E-25
16.072,1.33E-25
16.071,1.30E-25
16.07,1.28E-25
16.069,1.25E-25
16.068,1.23E-25
16.067,1.20E-25
16.066,1.18E-25
16.065,1.16E-25
16.064,1.13E-25
16.063,1.11E-25
16.062,1.08E-25
16.061,1.06E-25
16.06,1.04E-25
16.059,1.02E-25
16.058,9.93E-26
16.057,9.70E-26
16.056,9.48E-26
16.055,9.26E-26
16.054,9.05E-26
16.053,8.83E-26
16.052,8.62E-26
16.051,8.41E-26
16.05,8.20E-26
16.049,8.00E-26
16.048,7.79E-26
16.0469,7.59E-26
16.0459,7.39E-26
16.0449,7.20E-26
16.0439,7.00E-26
16.0429,6.81E-26
16.0419,6.62E-26
16.0408,6.43E-26
16.0398,6.24E-26
16.0388,6.06E-26
16.0378,5.87E-26
16.0368,5.69E-26
16.0357,5.52E-26
16.0347,5.34E-26
16.0337,5.16E-26
16.0327,4.99E-26
16.0316,4.82E-26
16.0306,4.65E-26
16.0296,4.49E-26
16.0285,4.32E-26
16.0275,4.16E-26
16.0265,4.00E-26
16.0255,3.84E-26
16.0244,3.68E-26
16.0234,3.53E-26
16.0224,3.37E-26
16.0213,3.22E-26
16.0203,3.07E-26
16.0192,2.92E-26
16.0182,2.78E-26
16.0172,2.63E-26
16.0161,2.49E-26
16.0151,2.35E-26
16.014,2.21E-26
16.013,2.07E-26
16.012,1.94E-26
16.0109,1.80E-26
16.0099,1.67E-26
16.0088,1.54E-26
16.0078,1.41E-26
16.0067,1.28E-26
16.0057,1.16E-26
16.0046,1.03E-26
16.0036,9.10E-27
16.0025,7.89E-27
16.0015,6.69E-27
16.0004,5.51E-27
15.9994,4.34E-27
15.9983,3.18E-27
15.9972,2.04E-27
15.9962,9.16E-28
15.9951,-1.96E-28
15.9941,-1.29E-27
15.993,-2.38E-27
15.992,-3.45E-27
15.9909,-4.51E-27
15.9898,-5.56E-27
15.9888,-6.59E-27
15.9877,-7.61E-27
15.9866,-8.62E-27
15.9856,-9.61E-27
15.9845,-1.06E-26
15.9834,-1.16E-26
15.9824,-1.25E-26
15.9813,-1.35E-26
15.9802,-1.44E-26
15.9791,-1.53E-26
15.9781,-1.63E-26
15.977,-1.72E-26
15.9759,-1.81E-26
15.9749,-1.90E-26
15.9738,-1.98E-26
15.9727,-2.07E-26
15.9716,-2.16E-26
15.9705,-2.24E-26
15.9695,-2.32E-26
15.9684,-2.41E-26
15.9673,-2.49E-26
15.9662,-2.57E-26
15.9651,-2.65E-26
15.964,-2.73E-26
15.963,-2.81E-26
15.9619,-2.89E-26
15.9608,-2.97E-26
15.9597,-3.05E-26
15.9586,-3.12E-26
15.9575,-3.20E-26
15.9564,-3.27E-26
15.9553,-3.35E-26
15.9542,-3.42E-26
15.9531,-3.50E-26
15.9521,-3.57E-26
15.951,-3.64E-26
15.9499,-3.72E-26
15.9488,-3.79E-26
15.9477,-3.86E-26
15.9466,-3.93E-26
15.9455,-4.00E-26
15.9444,-4.07E-26
15.9433,-4.14E-26
15.9422,-4.21E-26
15.9411,-4.28E-26
15.94,-4.35E-26
15.9388,-4.42E-26
15.9377,-4.49E-26
15.9366,-4.56E-26
15.9355,-4.63E-26
15.9344,-4.70E-26
15.9333,-4.76E-26
15.9322,-4.83E-26
15.9311,-4.90E-26
15.93,-4.97E-26
15.9289,-4.99E-26
15.9277,-5.00E-26
15.9266,-5.01E-26
15.9255,-5.01E-26
15.9244,-5.02E-26
15.9233,-5.02E-26
15.9222,-5.03E-26
15.921,-5.03E-26
15.9199,-5.03E-26
15.9188,-5.03E-26
15.9177,-5.03E-26
15.9166,-5.03E-26
15.9154,-5.03E-26
15.9143,-5.02E-26
15.9132,-5.02E-26
15.912,-5.02E-26
15.9109,-5.01E-26
15.9098,-5.00E-26
15.9087,-5.00E-26
15.9075,-4.99E-26
15.9064,-4.98E-26
15.9053,-4.97E-26
15.9041,-4.96E-26
15.903,-4.95E-26
15.9019,-4.94E-26
15.9007,-4.93E-26
15.8996,-4.92E-26
15.8985,-4.90E-26
15.8973,-4.89E-26
15.8962,-4.88E-26
15.895,-4.86E-26
15.8939,-4.85E-26
15.8927,-4.83E-26
15.8916,-4.81E-26
15.8905,-4.80E-26
15.8893,-4.78E-26
15.8882,-4.76E-26
15.887,-4.74E-26
15.8859,-4.73E-26
15.8847,-4.71E-26
15.8836,-4.69E-26
15.8824,-4.67E-26
15.8813,-4.65E-26
15.8801,-4.63E-26
15.879,-4.61E-26
15.8778,-4.59E-26
15.8767,-4.57E-26
15.8755,-4.55E-26
15.8743,-4.53E-26
15.8732,-4.51E-26
15.872,-4.49E-26
15.8709,-4.47E-26
15.8697,-4.45E-26
15.8685,-4.42E-26
15.8674,-4.40E-26
15.8662,-4.38E-26
15.8651,-4.36E-26
15.8639,-4.34E-26
15.8627,-4.32E-26
15.8616,-4.30E-26
15.8604,-4.28E-26
15.8592,-4.26E-26
15.8581,-4.24E-26
15.8569,-4.22E-26
15.8557,-4.20E-26
15.8545,-4.18E-26
15.8534,-4.16E-26
15.8522,-4.14E-26
15.851,-4.12E-26
15.8498,-4.10E-26
15.8487,-4.08E-26
15.8475,-4.06E-26
15.8463,-4.04E-26
15.8451,-4.03E-26
15.844,-4.01E-26
15.8428,-3.99E-26
15.8416,-3.98E-26
15.8404,-3.96E-26
15.8392,-3.94E-26
15.838,-3.93E-26
15.8368,-3.92E-26
15.8357,-3.90E-26
15.8345,-3.89E-26
15.8333,-3.88E-26
15.8321,-3.86E-26
15.8309,-3.85E-26
15.8297,-3.84E-26
15.8285,-3.83E-26
15.8273,-3.82E-26
15.8261,-3.81E-26
15.8249,-3.81E-26
15.8237,-3.80E-26
15.8226,-3.79E-26
15.8214,-3.79E-26
15.8202,-3.78E-26
15.819,-3.78E-26
15.8178,-3.78E-26
15.8166,-3.78E-26
15.8154,-3.77E-26
15.8141,-3.77E-26
15.8129,-3.78E-26
15.8117,-3.78E-26
15.8105,-3.78E-26
15.8093,-3.78E-26
15.8081,-3.79E-26
15.8069,-3.79E-26
15.8057,-3.80E-26
15.8045,-3.81E-26
15.8033,-3.82E-26
15.8021,-3.83E-26
15.8009,-3.84E-26
15.7996,-3.85E-26
15.7984,-3.87E-26
15.7972,-3.88E-26
15.796,-3.90E-26
15.7948,-3.92E-26
15.7936,-3.94E-26
15.7923,-3.96E-26
15.7911,-3.98E-26
15.7899,-4.00E-26
15.7887,-4.02E-26
15.7875,-4.05E-26
15.7862,-4.08E-26
15.785,-4.11E-26
15.7838,-4.14E-26
15.7826,-4.17E-26
15.7813,-4.20E-26
15.7801,-4.24E-26
15.7789,-4.27E-26
15.7776,-4.31E-26
15.7764,-4.35E-26
15.7752,-4.39E-26
15.7739,-4.43E-26
15.7727,-4.47E-26
15.7715,-4.52E-26
15.7702,-4.57E-26
15.769,-4.62E-26
15.7678,-4.67E-26
15.7665,-4.72E-26
15.7653,-4.77E-26
15.7641,-4.83E-26
15.7628,-4.89E-26
15.7616,-4.95E-26
15.7603,-5.01E-26
15.7591,-5.07E-26
15.7578,-5.14E-26
15.7566,-5.20E-26
15.7554,-5.27E-26
15.7541,-5.34E-26
15.7529,-5.42E-26
15.7516,-5.49E-26
15.7504,-5.57E-26
15.7491,-5.64E-26
15.7479,-5.73E-26
15.7466,-5.81E-26
15.7454,-5.89E-26
15.7441,-5.98E-26
15.7428,-6.07E-26
15.7416,-6.16E-26
15.7403,-6.25E-26
15.7391,-6.35E-26
15.7378,-6.38E-26
15.7366,-6.35E-26
15.7353,-6.31E-26
15.734,-6.27E-26
15.7328,-6.24E-26
15.7315,-6.20E-26
15.7302,-6.16E-26
15.729,-6.13E-26
15.7277,-6.09E-26
15.7264,-6.05E-26
15.7252,-6.01E-26
15.7239,-5.97E-26
15.7226,-5.93E-26
15.7214,-5.89E-26
15.7201,-5.85E-26
15.7188,-5.81E-26
15.7176,-5.77E-26
15.7163,-5.73E-26
15.715,-5.68E-26
15.7137,-5.64E-26
15.7125,-5.60E-26
15.7112,-5.55E-26
15.7099,-5.51E-26
15.7086,-5.47E-26
15.7073,-5.42E-26
15.7061,-5.37E-26
15.7048,-5.33E-26
15.7035,-5.28E-26
15.7022,-5.24E-26
15.7009,-5.19E-26
15.6996,-5.14E-26
15.6984,-5.09E-26
15.6971,-5.04E-26
15.6958,-4.99E-26
15.6945,-4.94E-26
15.6932,-4.89E-26
15.6919,-4.84E-26
15.6906,-4.79E-26
15.6893,-4.74E-26
15.688,-4.69E-26
15.6867,-4.64E-26
15.6854,-4.58E-26
15.6841,-4.53E-26
15.6828,-4.48E-26
15.6815,-4.42E-26
15.6803,-4.37E-26
15.679,-4.31E-26
15.6777,-4.26E-26
15.6763,-4.20E-26
15.675,-4.14E-26
15.6737,-4.09E-26
15.6724,-4.03E-26
15.6711,-3.97E-26
15.6698,-3.91E-26
15.6685,-3.85E-26
15.6672,-3.80E-26
15.6659,-3.74E-26
15.6646,-3.68E-26
15.6633,-3.61E-26
15.662,-3.55E-26
15.6607,-3.49E-26
15.6593,-3.43E-26
15.658,-3.37E-26
15.6567,-3.31E-26
15.6554,-3.24E-26
15.6541,-3.18E-26
15.6528,-3.11E-26
15.6514,-3.05E-26
15.6501,-2.98E-26
15.6488,-2.92E-26
15.6475,-2.85E-26
15.6462,-2.79E-26
15.6448,-2.72E-26
15.6435,-2.65E-26
15.6422,-2.58E-26
15.6409,-2.52E-26
15.6395,-2.45E-26
15.6382,-2.38E-26
15.6369,-2.31E-26
15.6356,-2.24E-26
15.6342,-2.17E-26
15.6329,-2.10E-26
15.6316,-2.02E-26
15.6302,-1.95E-26
15.6289,-1.88E-26
15.6276,-1.81E-26
15.6262,-1.73E-26
15.6249,-1.66E-26
15.6236,-1.58E-26
15.6222,-1.51E-26
15.6209,-1.43E-26
15.6195,-1.36E-26
15.6182,-1.28E-26
15.6169,-1.20E-26
15.6155,-1.13E-26
15.6142,-1.05E-26
15.6128,-9.71E-27
15.6115,-8.93E-27
15.6101,-8.14E-27
15.6088,-7.34E-27
15.6074,-6.54E-27
15.6061,-5.73E-27
15.6047,-4.92E-27
15.6034,-4.11E-27
15.602,-3.29E-27
15.6007,-2.46E-27
15.5993,-1.63E-27
15.598,-7.95E-28
15.5966,4.47E-29
15.5953,8.89E-28
15.5939,1.74E-27
15.5925,2.59E-27
15.5912,3.45E-27
15.5898,4.32E-27
15.5885,5.19E-27
15.5871,6.06E-27
15.5857,6.94E-27
15.5844,7.82E-27
15.583,8.71E-27
15.5817,9.61E-27
15.5803,1.05E-26
15.5789,1.14E-26
15.5776,1.23E-26
15.5762,1.32E-26
15.5748,1.41E-26
15.5734,1.51E-26
15.5721,1.60E-26
15.5707,1.69E-26
15.5693,1.79E-26
15.568,1.88E-26
15.5666,1.98E-26
15.5652,2.07E-26
15.5638,2.17E-26
15.5624,2.26E-26
15.5611,2.36E-26
15.5597,2.46E-26
15.5583,2.56E-26
15.5569,2.66E-26
15.5555,2.75E-26
15.5542,2.85E-26
15.5528,2.95E-26
15.5514,3.05E-26
15.55,3.16E-26
15.5486,3.26E-26
15.5472,3.36E-26
15.5458,3.46E-26
15.5445,3.57E-26
15.5431,3.67E-26
15.5417,3.77E-26
15.5403,3.88E-26
15.5389,3.98E-26
15.5375,4.09E-26
15.5361,4.20E-26
15.5347,4.30E-26
15.5333,4.41E-26
15.5319,4.52E-26
15.5305,4.63E-26
15.5291,4.74E-26
15.5277,4.85E-26
15.5263,4.96E-26
15.5249,5.07E-26
15.5235,5.17E-26
15.5221,5.23E-26
15.5207,5.29E-26
15.5193,5.35E-26
15.5179,5.41E-26
15.5165,5.46E-26
15.5151,5.52E-26
15.5137,5.57E-26
15.5123,5.63E-26
15.5109,5.68E-26
15.5094,5.74E-26
15.508,5.79E-26
15.5066,5.85E-26
15.5052,5.90E-26
15.5038,5.95E-26
15.5024,6.00E-26
15.501,6.05E-26
15.4995,6.10E-26
15.4981,6.15E-26
15.4967,6.20E-26
15.4953,6.25E-26
15.4939,6.30E-26
15.4924,6.34E-26
15.491,6.39E-26
15.4896,6.44E-26
15.4882,6.48E-26
15.4867,6.53E-26
15.4853,6.57E-26
15.4839,6.61E-26
15.4825,6.66E-26
15.481,6.70E-26
15.4796,6.74E-26
15.4782,6.78E-26
15.4767,6.82E-26
15.4753,6.86E-26
15.4739,6.90E-26
15.4724,6.94E-26
15.471,6.98E-26
15.4696,7.01E-26
15.4681,7.05E-26
15.4667,7.08E-26
15.4653,7.12E-26
15.4638,7.15E-26
15.4624,7.19E-26
15.4609,7.22E-26
15.4595,7.25E-26
15.458,7.28E-26
15.4566,7.31E-26
15.4552,7.34E-26
15.4537,7.37E-26
15.4523,7.40E-26
15.4508,7.42E-26
15.4494,7.45E-26
15.4479,7.48E-26
15.4465,7.50E-26
15.445,7.52E-26
15.4436,7.55E-26
15.4421,7.57E-26
15.4407,7.59E-26
15.4392,7.61E-26
15.4378,7.63E-26
15.4363,7.65E-26
15.4348,7.67E-26
15.4334,7.69E-26
15.4319,7.71E-26
15.4305,7.72E-26
15.429,7.74E-26
15.4275,7.75E-26
15.4261,7.76E-26
15.4246,7.78E-26
15.4231,7.79E-26
15.4217,7.80E-26
15.4202,7.81E-26
15.4187,7.82E-26
15.4173,7.83E-26
15.4158,7.83E-26
15.4143,7.84E-26
15.4129,7.85E-26
15.4114,7.85E-26
15.4099,7.86E-26
15.4085,7.86E-26
15.407,7.86E-26
15.4055,7.86E-26
15.404,7.86E-26
15.4026,7.86E-26
15.4011,7.86E-26
15.3996,7.86E-26
15.3981,7.86E-26
15.3966,7.85E-26
15.3952,7.85E-26
15.3937,7.84E-26
15.3922,7.83E-26
15.3907,7.82E-26
15.3892,7.82E-26
15.3877,7.81E-26
15.3863,7.80E-26
15.3848,7.78E-26
15.3833,7.77E-26
15.3818,7.76E-26
15.3803,7.74E-26
15.3788,7.73E-26
15.3773,7.71E-26
15.3758,7.69E-26
15.3743,7.67E-26
15.3728,7.65E-26
15.3713,7.63E-26
15.3698,7.61E-26
15.3683,7.59E-26
15.3668,7.57E-26
15.3653,7.54E-26
15.3638,7.52E-26
15.3623,7.49E-26
15.3608,7.46E-26
15.3593,7.43E-26
15.3578,7.40E-26
15.3563,7.37E-26
15.3548,7.34E-26
15.3533,7.31E-26
15.3518,7.27E-26
15.3503,7.24E-26
15.3488,7.20E-26
15.3473,7.17E-26
15.3458,7.13E-26
15.3443,7.09E-26
15.3428,7.05E-26
15.3412,7.01E-26
15.3397,6.97E-26
15.3382,6.92E-26
15.3367,6.88E-26
15.3352,6.83E-26
15.3337,6.79E-26
15.3322,6.74E-26
15.3306,6.69E-26
15.3291,6.64E-26
15.3276,6.59E-26
15.3261,6.54E-26
15.3245,6.48E-26
15.323,6.43E-26
15.3215,6.37E-26
15.32,6.32E-26
15.3184,6.26E-26
15.3169,6.20E-26
15.3154,6.14E-26
15.3139,6.08E-26
15.3123,6.02E-26
15.3108,5.96E-26
15.3093,5.89E-26
15.3077,5.83E-26
15.3062,5.76E-26
15.3047,5.69E-26
15.3031,5.62E-26
15.3016,5.55E-26
15.3001,5.48E-26
15.2985,5.41E-26
15.297,5.34E-26
15.2954,5.26E-26
15.2939,5.19E-26
15.2924,5.11E-26
15.2908,5.03E-26
15.2893,4.95E-26
15.2877,4.87E-26
15.2862,4.79E-26
15.2847,4.74E-26
15.2831,4.70E-26
15.2816,4.66E-26
15.28,4.62E-26
15.2785,4.58E-26
15.2769,4.54E-26
15.2754,4.50E-26
15.2738,4.46E-26
15.2723,4.42E-26
15.2707,4.37E-26
15.2691,4.33E-26
15.2676,4.29E-26
15.266,4.24E-26
15.2645,4.20E-26
15.2629,4.16E-26
15.2614,4.11E-26
15.2598,4.07E-26
15.2582,4.02E-26
15.2567,3.98E-26
15.2551,3.94E-26
15.2536,3.89E-26
15.252,3.84E-26
15.2504,3.80E-26
15.2489,3.75E-26
15.2473,3.71E-26
15.2457,3.66E-26
15.2442,3.61E-26
15.2426,3.57E-26
15.241,3.52E-26
15.2395,3.47E-26
15.2379,3.42E-26
15.2363,3.38E-26
15.2347,3.33E-26
15.2332,3.28E-26
15.2316,3.23E-26
15.23,3.18E-26
15.2284,3.13E-26
15.2269,3.08E-26
15.2253,3.04E-26
15.2237,2.99E-26
15.2221,2.94E-26
15.2205,2.89E-26
15.219,2.84E-26
15.2174,2.79E-26
15.2158,2.74E-26
15.2142,2.69E-26
15.2126,2.64E-26
15.211,2.58E-26
15.2094,2.53E-26
15.2079,2.48E-26
15.2063,2.43E-26
15.2047,2.38E-26
15.2031,2.33E-26
15.2015,2.28E-26
15.1999,2.22E-26
15.1983,2.17E-26
15.1967,2.12E-26
15.1951,2.07E-26
15.1935,2.02E-26
15.1919,1.96E-26
15.1903,1.91E-26
15.1887,1.86E-26
15.1871,1.80E-26
15.1855,1.75E-26
15.1839,1.70E-26
15.1823,1.64E-26
15.1807,1.59E-26
15.1791,1.54E-26
15.1775,1.48E-26
15.1759,1.43E-26
15.1743,1.38E-26
15.1727,1.32E-26
15.1711,1.27E-26
15.1695,1.22E-26
15.1679,1.16E-26
15.1662,1.11E-26
15.1646,1.05E-26
15.163,1.00E-26
15.1614,9.46E-27
15.1598,8.92E-27
15.1582,8.38E-27
15.1566,7.83E-27
15.1549,7.29E-27
15.1533,6.74E-27
15.1517,6.20E-27
15.1501,5.66E-27
15.1485,5.11E-27
15.1468,4.57E-27
15.1452,4.02E-27
15.1436,3.48E-27
15.142,2.93E-27
15.1404,2.39E-27
15.1387,1.84E-27
15.1371,1.29E-27
15.1355,7.49E-28
15.1338,2.04E-28
15.1322,-3.41E-28
15.1306,-8.86E-28
15.129,-1.43E-27
15.1273,-1.98E-27
15.1257,-2.52E-27
15.1241,-3.06E-27
15.1224,-3.61E-27
15.1208,-4.15E-27
15.1191,-4.69E-27
15.1175,-5.23E-27
15.1159,-5.78E-27
15.1142,-6.32E-27
15.1126,-6.86E-27
15.111,-7.40E-27
15.1093,-7.94E-27
15.1077,-8.48E-27
15.106,-9.01E-27
15.1044,-9.55E-27
15.1027,-1.01E-26
15.1011,-1.06E-26
15.0994,-1.12E-26
15.0978,-1.17E-26
15.0961,-1.22E-26
15.0945,-1.28E-26
15.0928,-1.33E-26
15.0912,-1.38E-26
15.0895,-1.43E-26
15.0879,-1.49E-26
15.0862,-1.54E-26
15.0846,-1.59E-26
15.0829,-1.64E-26
15.0813,-1.70E-26
15.0796,-1.75E-26
15.078,-1.80E-26
15.0763,-1.85E-26
15.0746,-1.90E-26
15.073,-1.96E-26
15.0713,-2.01E-26
15.0697,-2.06E-26
15.068,-2.11E-26
15.0663,-2.16E-26
15.0647,-2.21E-26
15.063,-2.26E-26
15.0613,-2.31E-26
15.0597,-2.36E-26
15.058,-2.41E-26
15.0563,-2.46E-26
15.0547,-2.51E-26
15.053,-2.56E-26
15.0513,-2.61E-26
15.0496,-2.66E-26
15.048,-2.71E-26
15.0463,-2.75E-26
15.0446,-2.80E-26
15.0429,-2.85E-26
15.0413,-2.90E-26
15.0396,-2.95E-26
15.0379,-2.99E-26
15.0362,-3.04E-26
15.0345,-3.09E-26
15.0329,-3.13E-26
15.0312,-3.18E-26
15.0295,-3.22E-26
15.0278,-3.27E-26
15.0261,-3.32E-26
15.0244,-3.36E-26
15.0228,-3.40E-26
15.0211,-3.44E-26
15.0194,-3.48E-26
15.0177,-3.51E-26
15.016,-3.55E-26
15.0143,-3.59E-26
15.0126,-3.63E-26
15.0109,-3.66E-26
15.0092,-3.70E-26
15.0075,-3.74E-26
15.0058,-3.77E-26
15.0041,-3.81E-26
15.0025,-3.84E-26
15.0008,-3.88E-26
14.9991,-3.91E-26
14.9974,-3.95E-26
14.9957,-3.98E-26
14.994,-4.01E-26
14.9923,-4.04E-26
14.9905,-4.08E-26
14.9888,-4.11E-26
14.9871,-4.14E-26
14.9854,-4.17E-26
14.9837,-4.20E-26
14.982,-4.23E-26
14.9803,-4.26E-26
14.9786,-4.29E-26
14.9769,-4.31E-26
14.9752,-4.34E-26
14.9735,-4.37E-26
14.9718,-4.40E-26
14.97,-4.42E-26
14.9683,-4.45E-26
14.9666,-4.47E-26
14.9649,-4.50E-26
14.9632,-4.52E-26
14.9615,-4.55E-26
14.9597,-4.57E-26
14.958,-4.59E-26
14.9563,-4.61E-26
14.9546,-4.64E-26
14.9529,-4.66E-26
14.9511,-4.68E-26
14.9494,-4.70E-26
14.9477,-4.72E-26
14.946,-4.74E-26
14.9442,-4.75E-26
14.9425,-4.77E-26
14.9408,-4.79E-26
14.9391,-4.81E-26
14.9373,-4.82E-26
14.9356,-4.84E-26
14.9339,-4.85E-26
14.9321,-4.87E-26
14.9304,-4.88E-26
14.9287,-4.89E-26
14.9269,-4.91E-26
14.9252,-4.92E-26
14.9235,-4.93E-26
14.9217,-4.94E-26
14.92,-4.95E-26
14.9182,-4.96E-26
14.9165,-4.97E-26
14.9148,-4.98E-26
14.913,-4.99E-26
14.9113,-4.99E-26
14.9095,-5.00E-26
14.9078,-5.01E-26
14.906,-5.01E-26
14.9043,-5.02E-26
14.9026,-5.02E-26
14.9008,-5.02E-26
14.8991,-5.03E-26
14.8973,-5.03E-26
14.8956,-5.03E-26
14.8938,-5.03E-26
14.8921,-5.03E-26
14.8903,-5.03E-26
14.8885,-5.03E-26
14.8868,-5.03E-26
14.885,-5.02E-26
14.8833,-5.02E-26
14.8815,-5.02E-26
14.8798,-5.01E-26
14.878,-5.01E-26
14.8762,-5.00E-26
14.8745,-4.99E-26
14.8727,-4.99E-26
14.871,-4.98E-26
14.8692,-4.97E-26
14.8674,-4.96E-26
14.8657,-4.95E-26
14.8639,-4.94E-26
14.8621,-4.92E-26
14.8604,-4.91E-26
14.8586,-4.90E-26
14.8568,-4.88E-26
14.8551,-4.87E-26
14.8533,-4.85E-26
14.8515,-4.84E-26
14.8497,-4.82E-26
14.848,-4.80E-26
14.8462,-4.79E-26
14.8444,-4.77E-26
14.8426,-4.75E-26
14.8409,-4.72E-26
14.8391,-4.70E-26
14.8373,-4.68E-26
14.8355,-4.66E-26
14.8338,-4.63E-26
14.832,-4.61E-26
14.8302,-4.58E-26
14.8284,-4.56E-26
14.8266,-4.53E-26
14.8248,-4.50E-26
14.823,-4.47E-26
14.8213,-4.45E-26
14.8195,-4.41E-26
14.8177,-4.38E-26
14.8159,-4.35E-26
14.8141,-4.32E-26
14.8123,-4.29E-26
14.8105,-4.25E-26
14.8087,-4.22E-26
14.8069,-4.18E-26
14.8051,-4.14E-26
14.8034,-4.11E-26
14.8016,-4.07E-26
14.7998,-4.03E-26
14.798,-3.99E-26
14.7962,-3.95E-26
14.7944,-3.91E-26
14.7926,-3.87E-26
14.7908,-3.82E-26
14.789,-3.78E-26
14.7872,-3.73E-26
14.7854,-3.69E-26
14.7836,-3.64E-26
14.7817,-3.59E-26
14.7799,-3.55E-26
14.7781,-3.50E-26
14.7763,-3.45E-26
14.7745,-3.40E-26
14.7727,-3.34E-26
14.7709,-3.29E-26
14.7691,-3.24E-26
14.7673,-3.18E-26
14.7655,-3.13E-26
14.7636,-3.07E-26
14.7618,-3.02E-26
14.76,-2.96E-26
14.7582,-2.90E-26
14.7564,-2.84E-26
14.7546,-2.78E-26
14.7527,-2.72E-26
14.7509,-2.66E-26
14.7491,-2.59E-26
14.7473,-2.53E-26
14.7455,-2.47E-26
14.7436,-2.40E-26
14.7418,-2.34E-26
14.74,-2.31E-26
14.7382,-2.27E-26
14.7363,-2.24E-26
14.7345,-2.21E-26
14.7327,-2.18E-26
14.7309,-2.15E-26
14.729,-2.11E-26
14.7272,-2.08E-26
14.7254,-2.05E-26
14.7235,-2.01E-26
14.7217,-1.98E-26
14.7199,-1.95E-26
14.718,-1.92E-26
14.7162,-1.88E-26
14.7144,-1.85E-26
14.7125,-1.82E-26
14.7107,-1.78E-26
14.7088,-1.75E-26
14.707,-1.71E-26
14.7052,-1.68E-26
14.7033,-1.65E-26
14.7015,-1.61E-26
14.6996,-1.58E-26
14.6978,-1.54E-26
14.6959,-1.51E-26
14.6941,-1.47E-26
14.6922,-1.44E-26
14.6904,-1.40E-26
14.6886,-1.37E-26
14.6867,-1.34E-26
14.6849,-1.30E-26
14.683,-1.27E-26
14.6811,-1.23E-26
14.6793,-1.20E-26
14.6774,-1.16E-26
14.6756,-1.12E-26
14.6737,-1.09E-26
14.6719,-1.05E-26
14.67,-1.02E-26
14.6682,-9.84E-27
14.6663,-9.49E-27
14.6644,-9.13E-27
14.6626,-8.78E-27
14.6607,-8.43E-27
14.6589,-8.07E-27
14.657,-7.72E-27
14.6551,-7.37E-27
14.6533,-7.01E-27
14.6514,-6.66E-27
14.6495,-6.31E-27
14.6477,-5.95E-27
14.6458,-5.60E-27
14.6439,-5.25E-27
14.6421,-4.89E-27
14.6402,-4.54E-27
14.6383,-4.19E-27
14.6364,-3.84E-27
14.6346,-3.48E-27
14.6327,-3.13E-27
14.6308,-2.78E-27
14.6289,-2.43E-27
14.6271,-2.08E-27
14.6252,-1.73E-27
14.6233,-1.39E-27
14.6214,-1.04E-27
14.6196,-6.90E-28
14.6177,-3.44E-28
14.6158,1.57E-30
14.6139,3.46E-28
14.612,6.90E-28
14.6101,1.03E-27
14.6083,1.38E-27
14.6064,1.72E-27
14.6045,2.06E-27
14.6026,2.40E-27
14.6007,2.74E-27
14.5988,3.07E-27
14.5969,3.41E-27
14.595,3.74E-27
14.5931,4.08E-27
14.5913,4.41E-27
14.5894,4.74E-27
14.5875,5.07E-27
14.5856,5.40E-27
14.5837,5.73E-27
14.5818,6.05E-27
14.5799,6.38E-27
14.578,6.70E-27
14.5761,7.02E-27
14.5742,7.34E-27
14.5723,7.66E-27
14.5704,7.98E-27
14.5685,8.29E-27
14.5666,8.60E-27
14.5647,8.92E-27
14.5628,9.23E-27
14.5609,9.53E-27
14.559,9.84E-27
14.557,1.01E-26
14.5551,1.04E-26
14.5532,1.07E-26
14.5513,1.10E-26
14.5494,1.13E-26
14.5475,1.16E-26
14.5456,1.19E-26
14.5437,1.22E-26
14.5418,1.25E-26
14.5398,1.28E-26
14.5379,1.31E-26
14.536,1.34E-26
14.5341,1.36E-26
14.5322,1.39E-26
14.5302,1.42E-26
14.5283,1.45E-26
14.5264,1.47E-26
14.5245,1.50E-26
14.5226,1.53E-26
14.5206,1.55E-26
14.5187,1.58E-26
14.5168,1.60E-26
14.5149,1.63E-26
14.5129,1.66E-26
14.511,1.68E-26
14.5091,1.71E-26
14.5071,1.73E-26
14.5052,1.75E-26
14.5033,1.78E-26
14.5013,1.80E-26
14.4994,1.82E-26
14.4975,1.85E-26
14.4955,1.87E-26
14.4936,1.89E-26
14.4917,1.92E-26
14.4897,1.94E-26
14.4878,1.96E-26
14.4859,1.98E-26
14.4839,2.00E-26
14.482,2.02E-26
14.48,2.04E-26
14.4781,2.06E-26
14.4762,2.08E-26
14.4742,2.10E-26
14.4723,2.12E-26
14.4703,2.14E-26
14.4684,2.16E-26
14.4664,2.18E-26
14.4645,2.19E-26
14.4625,2.21E-26
14.4606,2.23E-26
14.4586,2.25E-26
14.4567,2.26E-26
14.4547,2.28E-26
14.4528,2.29E-26
14.4508,2.31E-26
14.4489,2.32E-26
14.4469,2.34E-26
14.4449,2.35E-26
14.443,2.37E-26
14.441,2.38E-26
14.4391,2.39E-26
14.4371,2.41E-26
14.4352,2.42E-26
14.4332,2.44E-26
14.4312,2.46E-26
14.4293,2.48E-26
14.4273,2.50E-26
14.4253,2.51E-26
14.4234,2.53E-26
14.4214,2.55E-26
14.4194,2.56E-26
14.4175,2.58E-26
14.4155,2.60E-26
14.4135,2.61E-26
14.4116,2.63E-26
14.4096,2.64E-26
14.4076,2.66E-26
14.4056,2.67E-26
14.4037,2.69E-26
14.4017,2.70E-26
14.3997,2.71E-26
14.3977,2.73E-26
14.3958,2.74E-26
14.3938,2.75E-26
14.3918,2.77E-26
14.3898,2.78E-26
14.3878,2.79E-26
14.3859,2.80E-26
14.3839,2.81E-26
14.3819,2.82E-26
14.3799,2.83E-26
14.3779,2.84E-26
14.3759,2.85E-26
14.374,2.86E-26
14.372,2.87E-26
14.37,2.88E-26
14.368,2.89E-26
14.366,2.90E-26
14.364,2.91E-26
14.362,2.92E-26
14.36,2.92E-26
14.358,2.93E-26
14.356,2.94E-26
14.354,2.95E-26
14.352,2.95E-26
14.3501,2.96E-26
14.3481,2.96E-26
14.3461,2.97E-26
14.3441,2.97E-26
14.3421,2.98E-26
14.3401,2.98E-26
14.3381,2.99E-26
14.3361,2.99E-26
14.334,2.99E-26
14.332,3.00E-26
14.33,3.00E-26
14.328,3.00E-26
14.326,3.00E-26
14.324,3.01E-26
14.322,3.01E-26
14.32,3.01E-26
14.318,3.01E-26
14.316,3.01E-26
14.314,3.01E-26
14.312,3.01E-26
14.3099,3.01E-26
14.3079,3.01E-26
14.3059,3.01E-26
14.3039,3.00E-26
14.3019,3.00E-26
14.2999,3.00E-26
14.2978,3.00E-26
14.2958,2.99E-26
14.2938,2.99E-26
14.2918,2.99E-26
14.2898,2.98E-26
14.2877,2.98E-26
14.2857,2.97E-26
14.2837,2.97E-26
14.2817,2.96E-26
14.2796,2.96E-26
14.2776,2.95E-26
14.2756,2.95E-26
14.2736,2.94E-26
14.2715,2.93E-26
14.2695,2.92E-26
14.2675,2.92E-26
14.2654,2.91E-26
14.2634,2.90E-26
14.2614,2.89E-26
14.2593,2.88E-26
14.2573,2.87E-26
14.2553,2.86E-26
14.2532,2.85E-26
14.2512,2.84E-26
14.2492,2.83E-26
14.2471,2.82E-26
14.2451,2.80E-26
14.243,2.79E-26
14.241,2.78E-26
14.239,2.77E-26
14.2369,2.75E-26
14.2349,2.74E-26
14.2328,2.73E-26
14.2308,2.71E-26
14.2287,2.70E-26
14.2267,2.68E-26
14.2246,2.67E-26
14.2226,2.65E-26
14.2205,2.63E-26
14.2185,2.62E-26
14.2164,2.60E-26
14.2144,2.58E-26
14.2123,2.57E-26
14.2103,2.55E-26
14.2082,2.53E-26
14.2062,2.51E-26
14.2041,2.49E-26
14.202,2.47E-26
14.2,2.45E-26
14.1979,2.43E-26
14.1959,2.41E-26
14.1938,2.39E-26
14.1918,2.37E-26
14.1897,2.35E-26
14.1876,2.33E-26
14.1856,2.30E-26
14.1835,2.28E-26
14.1814,2.26E-26
14.1794,2.23E-26
14.1773,2.21E-26
14.1752,2.19E-26
14.1732,2.16E-26
14.1711,2.14E-26
14.169,2.11E-26
14.167,2.09E-26
14.1649,2.06E-26
14.1628,2.03E-26
14.1607,2.01E-26
14.1587,1.98E-26
14.1566,1.95E-26
14.1545,1.92E-26
14.1524,1.89E-26
14.1504,1.87E-26
14.1483,1.84E-26
14.1462,1.81E-26
14.1441,1.78E-26
14.142,1.75E-26
14.1399,1.72E-26
14.1379,1.69E-26
14.1358,1.65E-26
14.1337,1.62E-26
14.1316,1.59E-26
14.1295,1.56E-26
14.1274,1.53E-26
14.1254,1.49E-26
14.1233,1.46E-26
14.1212,1.42E-26
14.1191,1.39E-26
14.117,1.35E-26
14.1149,1.32E-26
14.1128,1.28E-26
14.1107,1.25E-26
14.1086,1.22E-26
14.1065,1.20E-26
14.1044,1.18E-26
14.1023,1.16E-26
14.1002,1.14E-26
14.0981,1.12E-26
14.096,1.10E-26
14.0939,1.08E-26
14.0918,1.06E-26
14.0897,1.04E-26
14.0876,1.02E-26
14.0855,1.00E-26
14.0834,9.82E-27
14.0813,9.63E-27
14.0792,9.43E-27
14.0771,9.23E-27
14.075,9.03E-27
14.0729,8.83E-27
14.0708,8.63E-27
14.0687,8.43E-27
14.0666,8.23E-27
14.0644,8.03E-27
14.0623,7.83E-27
14.0602,7.63E-27
14.0581,7.43E-27
14.056,7.23E-27
14.0539,7.03E-27
14.0518,6.83E-27
14.0496,6.63E-27
14.0475,6.43E-27
14.0454,6.23E-27
14.0433,6.04E-27
14.0412,5.84E-27
14.039,5.64E-27
14.0369,5.44E-27
14.0348,5.24E-27
14.0327,5.04E-27
14.0306,4.85E-27
14.0284,4.65E-27
14.0263,4.45E-27
14.0242,4.25E-27
14.022,4.06E-27
14.0199,3.86E-27
14.0178,3.66E-27
14.0157,3.47E-27
14.0135,3.27E-27
14.0114,3.08E-27
14.0093,2.88E-27
14.0071,2.69E-27
14.005,2.50E-27
14.0029,2.30E-27
14.0007,2.11E-27
13.9986,1.92E-27
13.9964,1.73E-27
13.9943,1.54E-27
13.9922,1.35E-27
13.99,1.16E-27
13.9879,9.71E-28
13.9857,7.82E-28
13.9836,5.95E-28
13.9815,4.08E-28
13.9793,2.22E-28
13.9772,3.68E-29
13.975,-1.48E-28
13.9729,-3.32E-28
13.9707,-5.15E-28
13.9686,-6.97E-28
13.9664,-8.79E-28
13.9643,-1.06E-27
13.9621,-1.24E-27
13.96,-1.42E-27
13.9578,-1.60E-27
13.9557,-1.77E-27
13.9535,-1.95E-27
13.9514,-2.12E-27
13.9492,-2.30E-27
13.9471,-2.47E-27
13.9449,-2.64E-27
13.9427,-2.82E-27
13.9406,-2.99E-27
13.9384,-3.16E-27
13.9363,-3.32E-27
13.9341,-3.49E-27
13.9319,-3.66E-27
13.9298,-3.82E-27
13.9276,-3.99E-27
13.9254,-4.15E-27
13.9233,-4.31E-27
13.9211,-4.47E-27
13.9189,-4.63E-27
13.9168,-4.79E-27
13.9146,-4.94E-27
13.9124,-5.10E-27
13.9103,-5.25E-27
13.9081,-5.40E-27
13.9059,-5.56E-27
13.9038,-5.71E-27
13.9016,-5.86E-27
13.8994,-6.00E-27
13.8972,-6.15E-27
13.8951,-6.29E-27
13.8929,-6.44E-27
13.8907,-6.58E-27
13.8885,-6.72E-27
13.8863,-6.86E-27
13.8842,-6.99E-27
13.882,-7.13E-27
13.8798,-7.26E-27
13.8776,-7.40E-27
13.8754,-7.53E-27
13.8732,-7.66E-27
13.8711,-7.79E-27
13.8689,-7.91E-27
13.8667,-8.04E-27
13.8645,-8.16E-27
13.8623,-8.28E-27
13.8601,-8.40E-27
13.8579,-8.52E-27
13.8557,-8.64E-27
13.8536,-8.75E-27
13.8514,-8.87E-27
13.8492,-8.98E-27
13.847,-9.09E-27
13.8448,-9.19E-27
13.8426,-9.30E-27
13.8404,-9.40E-27
13.8382,-9.51E-27
13.836,-9.61E-27
13.8338,-9.70E-27
13.8316,-9.80E-27
13.8294,-9.90E-27
13.8272,-9.99E-27
13.825,-1.01E-26
13.8228,-1.02E-26
13.8206,-1.03E-26
13.8184,-1.03E-26
13.8162,-1.04E-26
13.814,-1.05E-26
13.8118,-1.06E-26
13.8096,-1.07E-26
13.8073,-1.07E-26
13.8051,-1.08E-26
13.8029,-1.09E-26
13.8007,-1.09E-26
13.7985,-1.10E-26
13.7963,-1.11E-26
13.7941,-1.11E-26
13.7919,-1.12E-26
13.7896,-1.13E-26
13.7874,-1.13E-26
13.7852,-1.14E-26
13.783,-1.14E-26
13.7808,-1.15E-26
13.7786,-1.15E-26
13.7763,-1.15E-26
13.7741,-1.16E-26
13.7719,-1.16E-26
13.7697,-1.17E-26
13.7675,-1.17E-26
13.7652,-1.17E-26
13.763,-1.18E-26
13.7608,-1.18E-26
13.7586,-1.19E-26
13.7563,-1.20E-26
13.7541,-1.20E-26
13.7519,-1.21E-26
13.7496,-1.22E-26
13.7474,-1.23E-26
13.7452,-1.24E-26
13.7429,-1.24E-26
13.7407,-1.25E-26
13.7385,-1.26E-26
13.7362,-1.27E-26
13.734,-1.27E-26
13.7318,-1.28E-26
13.7295,-1.29E-26
13.7273,-1.30E-26
13.7251,-1.30E-26
13.7228,-1.31E-26
13.7206,-1.32E-26
13.7183,-1.32E-26
13.7161,-1.33E-26
13.7139,-1.33E-26
13.7116,-1.34E-26
13.7094,-1.35E-26
13.7071,-1.35E-26
13.7049,-1.36E-26
13.7026,-1.36E-26
13.7004,-1.37E-26
13.6981,-1.37E-26
13.6959,-1.38E-26
13.6936,-1.38E-26
13.6914,-1.39E-26
13.6891,-1.39E-26
13.6869,-1.40E-26
13.6846,-1.40E-26
13.6824,-1.41E-26
13.6801,-1.41E-26
13.6779,-1.41E-26
13.6756,-1.42E-26
13.6734,-1.42E-26
13.6711,-1.43E-26
13.6688,-1.43E-26
13.6666,-1.43E-26
13.6643,-1.44E-26
13.6621,-1.44E-26
13.6598,-1.44E-26
13.6575,-1.44E-26
13.6553,-1.45E-26
13.653,-1.45E-26
13.6507,-1.45E-26
13.6485,-1.45E-26
13.6462,-1.45E-26
13.6439,-1.46E-26
13.6417,-1.46E-26
13.6394,-1.46E-26
13.6371,-1.46E-26
13.6349,-1.46E-26
13.6326,-1.46E-26
13.6303,-1.46E-26
13.6281,-1.46E-26
13.6258,-1.46E-26
13.6235,-1.46E-26
13.6212,-1.46E-26
13.619,-1.46E-26
13.6167,-1.46E-26
13.6144,-1.46E-26
13.6121,-1.46E-26
13.6098,-1.46E-26
13.6076,-1.46E-26
13.6053,-1.46E-26
13.603,-1.46E-26
13.6007,-1.46E-26
13.5984,-1.46E-26
13.5961,-1.46E-26
13.5939,-1.45E-26
13.5916,-1.45E-26
13.5893,-1.45E-26
13.587,-1.45E-26
13.5847,-1.44E-26
13.5824,-1.44E-26
13.5801,-1.44E-26
13.5778,-1.44E-26
13.5756,-1.43E-26
13.5733,-1.43E-26
13.571,-1.42E-26
13.5687,-1.42E-26
13.5664,-1.42E-26
13.5641,-1.41E-26
13.5618,-1.41E-26
13.5595,-1.40E-26
13.5572,-1.40E-26
13.5549,-1.39E-26
13.5526,-1.39E-26
13.5503,-1.38E-26
13.548,-1.38E-26
13.5457,-1.37E-26
13.5434,-1.37E-26
13.5411,-1.36E-26
13.5388,-1.35E-26
13.5365,-1.35E-26
13.5342,-1.34E-26
13.5319,-1.33E-26
13.5296,-1.33E-26
13.5273,-1.32E-26
13.5249,-1.31E-26
13.5226,-1.31E-26
13.5203,-1.30E-26
13.518,-1.29E-26
13.5157,-1.28E-26
13.5134,-1.27E-26
13.5111,-1.26E-26
13.5088,-1.26E-26
13.5064,-1.25E-26
13.5041,-1.24E-26
13.5018,-1.23E-26
13.4995,-1.22E-26
13.4972,-1.21E-26
13.4949,-1.20E-26
13.4925,-1.19E-26
13.4902,-1.18E-26
13.4879,-1.17E-26
13.4856,-1.16E-26
13.4832,-1.15E-26
13.4809,-1.13E-26
13.4786,-1.12E-26
13.4763,-1.11E-26
13.4739,-1.10E-26
13.4716,-1.09E-26
13.4693,-1.07E-26
13.467,-1.06E-26
13.4646,-1.05E-26
13.4623,-1.04E-26
13.46,-1.02E-26
13.4576,-1.01E-26
13.4553,-9.97E-27
13.453,-9.83E-27
13.4506,-9.69E-27
13.4483,-9.55E-27
13.446,-9.40E-27
13.4436,-9.26E-27
13.4413,-9.11E-27
13.439,-8.96E-27
13.4366,-8.81E-27
13.4343,-8.65E-27
13.4319,-8.49E-27
13.4296,-8.34E-27
13.4273,-8.17E-27
13.4249,-8.01E-27
13.4226,-7.85E-27
13.4202,-7.68E-27
13.4179,-7.51E-27
13.4155,-7.34E-27
13.4132,-7.16E-27
13.4108,-6.99E-27
13.4085,-6.81E-27
13.4061,-6.63E-27
13.4038,-6.45E-27
13.4014,-6.26E-27
13.3991,-6.08E-27
13.3967,-5.89E-27
13.3944,-5.70E-27
13.392,-5.51E-27
13.3897,-5.37E-27
13.3873,-5.27E-27
13.385,-5.16E-27
13.3826,-5.05E-27
13.3802,-4.95E-27
13.3779,-4.84E-27
13.3755,-4.73E-27
13.3732,-4.62E-27
13.3708,-4.52E-27
13.3684,-4.41E-27
13.3661,-4.30E-27
13.3637,-4.19E-27
13.3613,-4.08E-27
13.359,-3.97E-27
13.3566,-3.86E-27
13.3542,-3.75E-27
13.3519,-3.64E-27
13.3495,-3.53E-27
13.3471,-3.42E-27
13.3448,-3.31E-27
13.3424,-3.20E-27
13.34,-3.09E-27
13.3377,-2.98E-27
13.3353,-2.87E-27
13.3329,-2.75E-27
13.3305,-2.64E-27
13.3282,-2.53E-27
13.3258,-2.42E-27
13.3234,-2.31E-27
13.321,-2.20E-27
13.3187,-2.09E-27
13.3163,-1.98E-27
13.3139,-1.86E-27
13.3115,-1.75E-27
13.3091,-1.64E-27
13.3067,-1.53E-27
13.3044,-1.42E-27
13.302,-1.31E-27
13.2996,-1.20E-27
13.2972,-1.09E-27
13.2948,-9.75E-28
13.2924,-8.65E-28
13.29,-7.54E-28
13.2877,-6.44E-28
13.2853,-5.34E-28
13.2829,-4.24E-28
13.2805,-3.14E-28
13.2781,-2.05E-28
13.2757,-9.57E-29
13.2733,1.33E-29
13.2709,1.22E-28
13.2685,2.31E-28
13.2661,3.39E-28
13.2637,4.47E-28
13.2613,5.54E-28
13.2589,6.61E-28
13.2565,7.68E-28
13.2541,8.75E-28
13.2517,9.81E-28
13.2493,1.09E-27
13.2469,1.19E-27
13.2445,1.30E-27
13.2421,1.40E-27
13.2397,1.51E-27
13.2373,1.61E-27
13.2349,1.71E-27
13.2325,1.82E-27
13.2301,1.92E-27
13.2277,2.02E-27
13.2253,2.12E-27
13.2229,2.22E-27
13.2204,2.32E-27
13.218,2.42E-27
13.2156,2.52E-27
13.2132,2.62E-27
13.2108,2.72E-27
13.2084,2.81E-27
13.206,2.91E-27
13.2036,3.01E-27
13.2011,3.10E-27
13.1987,3.20E-27
13.1963,3.29E-27
13.1939,3.38E-27
13.1915,3.47E-27
13.189,3.57E-27
13.1866,3.66E-27
13.1842,3.75E-27
13.1818,3.84E-27
13.1793,3.92E-27
13.1769,4.01E-27
13.1745,4.10E-27
13.1721,4.18E-27
13.1696,4.27E-27
13.1672,4.35E-27
13.1648,4.44E-27
13.1624,4.52E-27
13.1599,4.60E-27
13.1575,4.68E-27
13.1551,4.76E-27
13.1526,4.84E-27
13.1502,4.92E-27
13.1478,4.99E-27
13.1453,5.07E-27
13.1429,5.14E-27
13.1404,5.22E-27
13.138,5.29E-27
13.1356,5.36E-27
13.1331,5.43E-27
13.1307,5.50E-27
13.1283,5.57E-27
13.1258,5.64E-27
13.1234,5.70E-27
13.1209,5.77E-27
13.1185,5.83E-27
13.116,5.89E-27
13.1136,5.96E-27
13.1111,6.02E-27
13.1087,6.07E-27
13.1063,6.13E-27
13.1038,6.19E-27
13.1014,6.24E-27
13.0989,6.30E-27
13.0965,6.35E-27
13.094,6.40E-27
13.0916,6.45E-27
13.0891,6.50E-27
13.0866,6.55E-27
13.0842,6.59E-27
13.0817,6.64E-27
13.0793,6.68E-27
13.0768,6.72E-27
13.0744,6.76E-27
13.0719,6.80E-27
13.0694,6.84E-27
13.067,6.88E-27
13.0645,6.91E-27
13.0621,6.94E-27
13.0596,6.98E-27
13.0571,7.01E-27
13.0547,7.03E-27
13.0522,7.06E-27
13.0497,7.09E-27
13.0473,7.11E-27
13.0448,7.13E-27
13.0423,7.16E-27
13.0399,7.17E-27
13.0374,7.19E-27
13.0349,7.21E-27
13.0325,7.22E-27
13.03,7.24E-27
13.0275,7.25E-27
13.025,7.26E-27
13.0226,7.27E-27
13.0201,7.27E-27
13.0176,7.28E-27
13.0151,7.28E-27
13.0127,7.28E-27
13.0102,7.28E-27
13.0077,7.28E-27
13.0052,7.28E-27
13.0027,7.27E-27
13.0003,7.28E-27
12.9978,7.32E-27
12.9953,7.35E-27
12.9928,7.39E-27
12.9903,7.42E-27
12.9878,7.46E-27
12.9854,7.49E-27
12.9829,7.52E-27
12.9804,7.56E-27
12.9779,7.59E-27
12.9754,7.62E-27
12.9729,7.65E-27
12.9704,7.67E-27
12.9679,7.70E-27
12.9654,7.73E-27
12.963,7.75E-27
12.9605,7.78E-27
12.958,7.80E-27
12.9555,7.83E-27
12.953,7.85E-27
12.9505,7.87E-27
12.948,7.89E-27
12.9455,7.91E-27
12.943,7.93E-27
12.9405,7.95E-27
12.938,7.96E-27
12.9355,7.98E-27
12.933,7.99E-27
12.9305,8.01E-27
12.928,8.02E-27
12.9255,8.03E-27
12.923,8.04E-27
12.9205,8.06E-27
12.9179,8.06E-27
12.9154,8.07E-27
12.9129,8.08E-27
12.9104,8.09E-27
12.9079,8.09E-27
12.9054,8.10E-27
12.9029,8.10E-27
12.9004,8.11E-27
12.8979,8.11E-27
12.8954,8.11E-27
12.8928,8.11E-27
12.8903,8.11E-27
12.8878,8.11E-27
12.8853,8.11E-27
12.8828,8.11E-27
12.8803,8.10E-27
12.8777,8.10E-27
12.8752,8.09E-27
12.8727,8.09E-27
12.8702,8.08E-27
12.8677,8.07E-27
12.8651,8.06E-27
12.8626,8.05E-27
12.8601,8.04E-27
12.8576,8.03E-27
12.855,8.01E-27
12.8525,8.00E-27
12.85,7.99E-27
12.8474,7.97E-27
12.8449,7.95E-27
12.8424,7.94E-27
12.8399,7.92E-27
12.8373,7.90E-27
12.8348,7.88E-27
12.8323,7.86E-27
12.8297,7.84E-27
12.8272,7.81E-27
12.8247,7.79E-27
12.8221,7.77E-27
12.8196,7.74E-27
12.817,7.72E-27
12.8145,7.69E-27
12.812,7.66E-27
12.8094,7.63E-27
12.8069,7.60E-27
12.8043,7.57E-27
12.8018,7.54E-27
12.7993,7.51E-27
12.7967,7.48E-27
12.7942,7.44E-27
12.7916,7.41E-27
12.7891,7.37E-27
12.7865,7.33E-27
12.784,7.30E-27
12.7814,7.26E-27
12.7789,7.22E-27
12.7763,7.18E-27
12.7738,7.14E-27
12.7712,7.10E-27
12.7687,7.06E-27
12.7661,7.01E-27
12.7636,6.97E-27
12.761,6.93E-27
12.7585,6.88E-27
12.7559,6.83E-27
12.7534,6.79E-27
12.7508,6.74E-27
12.7482,6.69E-27
12.7457,6.64E-27
12.7431,6.59E-27
12.7406,6.54E-27
12.738,6.49E-27
12.7354,6.44E-27
12.7329,6.38E-27
12.7303,6.33E-27
12.7277,6.27E-27
12.7252,6.22E-27
12.7226,6.16E-27
12.72,6.10E-27
12.7175,6.05E-27
12.7149,5.99E-27
12.7123,5.93E-27
12.7098,5.87E-27
12.7072,5.81E-27
12.7046,5.75E-27
12.7021,5.68E-27
12.6995,5.62E-27
12.6969,5.56E-27
12.6943,5.49E-27
12.6918,5.43E-27
12.6892,5.36E-27
12.6866,5.30E-27
12.684,5.23E-27
12.6814,5.16E-27
12.6789,5.09E-27
12.6763,5.02E-27
12.6737,4.95E-27
12.6711,4.88E-27
12.6685,4.81E-27
12.666,4.74E-27
12.6634,4.67E-27
12.6608,4.59E-27
12.6582,4.52E-27
12.6556,4.44E-27
12.653,4.37E-27
12.6504,4.29E-27
12.6479,4.21E-27
12.6453,4.14E-27
12.6427,4.06E-27
12.6401,3.98E-27
12.6375,3.90E-27
12.6349,3.82E-27
12.6323,3.74E-27
12.6297,3.66E-27
12.6271,3.58E-27
12.6245,3.49E-27
12.6219,3.41E-27
12.6193,3.33E-27
12.6167,3.24E-27
12.6141,3.16E-27
12.6115,3.07E-27
12.6089,2.98E-27
12.6063,2.90E-27
12.6037,2.81E-27
12.6011,2.72E-27
12.5985,2.63E-27
12.5959,2.54E-27
12.5933,2.45E-27
12.5907,2.36E-27
12.5881,2.30E-27
12.5855,2.24E-27
12.5829,2.18E-27
12.5803,2.13E-27
12.5777,2.07E-27
12.5751,2.01E-27
12.5725,1.96E-27
12.5699,1.90E-27
12.5672,1.84E-27
12.5646,1.79E-27
12.562,1.73E-27
12.5594,1.67E-27
12.5568,1.62E-27
12.5542,1.56E-27
12.5516,1.51E-27
12.5489,1.45E-27
12.5463,1.39E-27
12.5437,1.34E-27
12.5411,1.28E-27
12.5385,1.23E-27
12.5358,1.17E-27
12.5332,1.12E-27
12.5306,1.07E-27
12.528,1.01E-27
12.5253,9.57E-28
12.5227,9.03E-28
12.5201,8.49E-28
12.5175,7.96E-28
12.5148,7.43E-28
12.5122,6.90E-28
12.5096,6.37E-28
12.507,5.85E-28
12.5043,5.33E-28
12.5017,4.81E-28
12.4991,4.29E-28
12.4964,3.78E-28
12.4938,3.27E-28
12.4912,2.76E-28
12.4885,2.26E-28
12.4859,1.75E-28
12.4833,1.26E-28
12.4806,7.59E-29
12.478,2.66E-29
12.4753,-2.24E-29
12.4727,-7.11E-29
12.4701,-1.20E-28
12.4674,-1.68E-28
12.4648,-2.15E-28
12.4621,-2.63E-28
12.4595,-3.10E-28
12.4568,-3.57E-28
12.4542,-4.03E-28
12.4516,-4.49E-28
12.4489,-4.95E-28
12.4463,-5.40E-28
12.4436,-5.85E-28
12.441,-6.30E-28
12.4383,-6.74E-28
12.4357,-7.18E-28
12.433,-7.62E-28
12.4304,-8.05E-28
12.4277,-8.48E-28
12.4251,-8.90E-28
12.4224,-9.32E-28
12.4198,-9.74E-28
12.4171,-1.02E-27
12.4144,-1.06E-27
12.4118,-1.10E-27
12.4091,-1.14E-27
12.4065,-1.18E-27
12.4038,-1.22E-27
12.4011,-1.25E-27
12.3985,-1.29E-27
12.3958,-1.33E-27
12.3932,-1.37E-27
12.3905,-1.41E-27
12.3878,-1.44E-27
12.3852,-1.48E-27
12.3825,-1.52E-27
12.3798,-1.55E-27
12.3772,-1.59E-27
12.3745,-1.62E-27
12.3718,-1.66E-27
12.3692,-1.69E-27
12.3665,-1.72E-27
12.3638,-1.76E-27
12.3612,-1.79E-27
12.3585,-1.82E-27
12.3558,-1.85E-27
12.3531,-1.88E-27
12.3505,-1.91E-27
12.3478,-1.94E-27
12.3451,-1.97E-27
12.3424,-2.00E-27
12.3398,-2.03E-27
12.3371,-2.06E-27
12.3344,-2.09E-27
12.3317,-2.12E-27
12.329,-2.15E-27
12.3264,-2.17E-27
12.3237,-2.20E-27
12.321,-2.22E-27
12.3183,-2.25E-27
12.3156,-2.27E-27
12.313,-2.30E-27
12.3103,-2.32E-27
12.3076,-2.35E-27
12.3049,-2.37E-27
12.3022,-2.39E-27
12.2995,-2.42E-27
12.2968,-2.44E-27
12.2941,-2.46E-27
12.2914,-2.48E-27
12.2888,-2.50E-27
12.2861,-2.52E-27
12.2834,-2.54E-27
12.2807,-2.56E-27
12.278,-2.58E-27
12.2753,-2.60E-27
12.2726,-2.61E-27
12.2699,-2.63E-27
12.2672,-2.65E-27
12.2645,-2.66E-27
12.2618,-2.68E-27
12.2591,-2.69E-27
12.2564,-2.71E-27
12.2537,-2.72E-27
12.251,-2.74E-27
12.2483,-2.75E-27
12.2456,-2.76E-27
12.2429,-2.78E-27
12.2402,-2.79E-27
12.2375,-2.80E-27
12.2348,-2.81E-27
12.2321,-2.82E-27
12.2293,-2.83E-27
12.2266,-2.84E-27
12.2239,-2.85E-27
12.2212,-2.86E-27
12.2185,-2.87E-27
12.2158,-2.88E-27
12.2131,-2.88E-27
12.2104,-2.89E-27
12.2077,-2.90E-27
12.2049,-2.90E-27
12.2022,-2.91E-27
12.1995,-2.91E-27
12.1968,-2.91E-27
12.1941,-2.92E-27
12.1914,-2.92E-27
12.1886,-2.92E-27
12.1859,-2.93E-27
12.1832,-2.93E-27
12.1805,-2.93E-27
12.1778,-2.93E-27
12.175,-2.93E-27
12.1723,-2.93E-27
12.1696,-2.93E-27
12.1669,-2.93E-27
12.1641,-2.92E-27
12.1614,-2.92E-27
12.1587,-2.93E-27
12.1559,-2.94E-27
12.1532,-2.95E-27
12.1505,-2.97E-27
12.1478,-2.98E-27
12.145,-2.99E-27
12.1423,-3.00E-27
12.1396,-3.01E-27
12.1368,-3.02E-27
12.1341,-3.03E-27
12.1314,-3.04E-27
12.1286,-3.06E-27
12.1259,-3.07E-27
12.1231,-3.07E-27
12.1204,-3.08E-27
12.1177,-3.09E-27
12.1149,-3.10E-27
12.1122,-3.11E-27
12.1094,-3.12E-27
12.1067,-3.13E-27
12.104,-3.14E-27
12.1012,-3.14E-27
12.0985,-3.15E-27
12.0957,-3.16E-27
12.093,-3.16E-27
12.0902,-3.17E-27
12.0875,-3.18E-27
12.0847,-3.18E-27
12.082,-3.19E-27
12.0792,-3.19E-27
12.0765,-3.20E-27
12.0737,-3.20E-27
12.071,-3.21E-27
12.0682,-3.21E-27
12.0655,-3.22E-27
12.0627,-3.22E-27
12.06,-3.22E-27
12.0572,-3.23E-27
12.0545,-3.23E-27
12.0517,-3.23E-27
12.049,-3.24E-27
12.0462,-3.24E-27
12.0434,-3.24E-27
12.0407,-3.24E-27
12.0379,-3.24E-27
12.0352,-3.24E-27
12.0324,-3.24E-27
12.0296,-3.24E-27
12.0269,-3.24E-27
12.0241,-3.24E-27
12.0213,-3.24E-27
12.0186,-3.24E-27
12.0158,-3.24E-27
12.013,-3.24E-27
12.0103,-3.24E-27
12.0075,-3.24E-27
12.0047,-3.23E-27
12.002,-3.23E-27
11.9992,-3.23E-27
11.9964,-3.22E-27
11.9936,-3.22E-27
11.9909,-3.22E-27
11.9881,-3.21E-27
11.9853,-3.21E-27
11.9825,-3.20E-27
11.9798,-3.20E-27
11.977,-3.19E-27
11.9742,-3.18E-27
11.9714,-3.18E-27
11.9687,-3.17E-27
11.9659,-3.16E-27
11.9631,-3.15E-27
11.9603,-3.15E-27
11.9575,-3.14E-27
11.9547,-3.13E-27
11.952,-3.12E-27
11.9492,-3.11E-27
11.9464,-3.10E-27
11.9436,-3.09E-27
11.9408,-3.08E-27
11.938,-3.07E-27
11.9352,-3.06E-27
11.9325,-3.05E-27
11.9297,-3.03E-27
11.9269,-3.02E-27
11.9241,-3.01E-27
11.9213,-2.99E-27
11.9185,-2.98E-27
11.9157,-2.97E-27
11.9129,-2.95E-27
11.9101,-2.94E-27
11.9073,-2.92E-27
11.9045,-2.90E-27
11.9017,-2.89E-27
11.8989,-2.87E-27
11.8961,-2.85E-27
11.8933,-2.84E-27
11.8905,-2.82E-27
11.8877,-2.80E-27
11.8849,-2.78E-27
11.8821,-2.76E-27
11.8793,-2.74E-27
11.8765,-2.72E-27
11.8737,-2.70E-27
11.8709,-2.68E-27
11.8681,-2.66E-27
11.8653,-2.64E-27
11.8625,-2.61E-27
11.8597,-2.59E-27
11.8569,-2.57E-27
11.8541,-2.54E-27
11.8513,-2.52E-27
11.8484,-2.49E-27
11.8456,-2.47E-27
11.8428,-2.44E-27
11.84,-2.42E-27
11.8372,-2.39E-27
11.8344,-2.36E-27
11.8316,-2.33E-27
11.8287,-2.31E-27
11.8259,-2.28E-27
11.8231,-2.25E-27
11.8203,-2.22E-27
11.8175,-2.19E-27
11.8147,-2.16E-27
11.8118,-2.12E-27
11.809,-2.09E-27
11.8062,-2.06E-27
11.8034,-2.03E-27
11.8005,-1.99E-27
11.7977,-1.96E-27
11.7949,-1.93E-27
11.7921,-1.89E-27
11.7892,-1.86E-27
11.7864,-1.82E-27
11.7836,-1.78E-27
11.7808,-1.75E-27
11.7779,-1.71E-27
11.7751,-1.67E-27
11.7723,-1.63E-27
11.7694,-1.60E-27
11.7666,-1.56E-27
11.7638,-1.52E-27
11.7609,-1.48E-27
11.7581,-1.44E-27
11.7553,-1.39E-27
11.7524,-1.35E-27
11.7496,-1.31E-27
11.7467,-1.27E-27
11.7439,-1.22E-27
11.7411,-1.18E-27
11.7382,-1.14E-27
11.7354,-1.09E-27
11.7325,-1.05E-27
11.7297,-1.00E-27
11.7269,-9.56E-28
11.724,-9.10E-28
11.7212,-8.63E-28
11.7183,-8.16E-28
11.7155,-7.68E-28
11.7126,-7.20E-28
11.7098,-6.78E-28
11.7069,-6.53E-28
11.7041,-6.27E-28
11.7012,-6.01E-28
11.6984,-5.76E-28
11.6955,-5.50E-28
11.6927,-5.24E-28
11.6898,-4.98E-28
11.687,-4.73E-28
11.6841,-4.47E-28
11.6813,-4.21E-28
11.6784,-3.95E-28
11.6756,-3.69E-28
11.6727,-3.44E-28
11.6698,-3.18E-28
11.667,-2.92E-28
11.6641,-2.66E-28
11.6613,-2.40E-28
11.6584,-2.15E-28
11.6555,-1.89E-28
11.6527,-1.63E-28
11.6498,-1.38E-28
11.647,-1.12E-28
11.6441,-8.63E-29
11.6412,-6.07E-29
11.6384,-3.52E-29
11.6355,-9.76E-30
11.6326,1.56E-29
11.6298,4.10E-29
11.6269,6.62E-29
11.624,9.14E-29
11.6212,1.17E-28
11.6183,1.42E-28
11.6154,1.67E-28
11.6125,1.91E-28
11.6097,2.16E-28
11.6068,2.41E-28
11.6039,2.65E-28
11.601,2.90E-28
11.5982,3.14E-28
11.5953,3.39E-28
11.5924,3.63E-28
11.5895,3.87E-28
11.5867,4.11E-28
11.5838,4.34E-28
11.5809,4.58E-28
11.578,4.81E-28
11.5751,5.05E-28
11.5722,5.28E-28
11.5694,5.51E-28
11.5665,5.73E-28
11.5636,5.96E-28
11.5607,6.18E-28
11.5578,6.41E-28
11.5549,6.63E-28
11.552,6.85E-28
11.5492,7.06E-28
11.5463,7.28E-28
11.5434,7.49E-28
11.5405,7.70E-28
11.5376,7.91E-28
11.5347,8.11E-28
11.5318,8.32E-28
11.5289,8.52E-28
11.526,8.71E-28
11.5231,8.91E-28
11.5202,9.10E-28
11.5173,9.29E-28
11.5144,9.48E-28
11.5115,9.66E-28
11.5086,9.85E-28
11.5057,1.00E-27
11.5028,1.02E-27
11.4999,1.04E-27
11.497,1.05E-27
11.4941,1.07E-27
11.4912,1.09E-27
11.4883,1.10E-27
11.4854,1.12E-27
11.4825,1.13E-27
11.4796,1.15E-27
11.4767,1.16E-27
11.4738,1.18E-27
11.4709,1.19E-27
11.468,1.20E-27
11.4651,1.22E-27
11.4622,1.23E-27
11.4592,1.24E-27
11.4563,1.25E-27
11.4534,1.27E-27
11.4505,1.28E-27
11.4476,1.29E-27
11.4447,1.30E-27
11.4418,1.31E-27
11.4388,1.32E-27
11.4359,1.32E-27
11.433,1.33E-27
11.4301,1.34E-27
11.4272,1.35E-27
11.4242,1.36E-27
11.4213,1.36E-27
11.4184,1.37E-27
11.4155,1.37E-27
11.4126,1.38E-27
11.4096,1.38E-27
11.4067,1.39E-27
11.4038,1.39E-27
11.4009,1.39E-27
11.3979,1.39E-27
11.395,1.40E-27
11.3921,1.40E-27
11.3891,1.40E-27
11.3862,1.40E-27
11.3833,1.40E-27
11.3804,1.39E-27
11.3774,1.39E-27
11.3745,1.39E-27
11.3716,1.39E-27
11.3686,1.38E-27
11.3657,1.38E-27
11.3628,1.37E-27
11.3598,1.37E-27
11.3569,1.36E-27
11.3539,1.36E-27
11.351,1.35E-27
11.3481,1.34E-27
11.3451,1.33E-27
11.3422,1.32E-27
11.3392,1.31E-27
11.3363,1.30E-27
11.3334,1.29E-27
11.3304,1.28E-27
11.3275,1.26E-27
11.3245,1.25E-27
11.3216,1.24E-27
11.3186,1.22E-27
11.3157,1.20E-27
11.3127,1.19E-27
11.3098,1.17E-27
11.3068,1.15E-27
11.3039,1.13E-27
11.3009,1.11E-27
11.298,1.09E-27
11.295,1.07E-27
11.2921,1.05E-27
11.2891,1.03E-27
11.2862,1.01E-27
11.2832,9.82E-28
11.2803,9.58E-28
11.2773,9.32E-28
11.2743,9.06E-28
11.2714,8.79E-28
11.2684,8.52E-28
11.2655,8.23E-28
11.2625,7.94E-28
11.2595,7.64E-28
11.2566,7.33E-28
11.2536,7.02E-28
11.2507,6.69E-28
11.2477,6.36E-28
11.2447,6.03E-28
11.2418,5.68E-28
11.2388,5.63E-28
11.2358,5.60E-28
11.2329,5.57E-28
11.2299,5.54E-28
11.2269,5.51E-28
11.224,5.48E-28
11.221,5.45E-28
11.218,5.41E-28
11.215,5.37E-28
11.2121,5.34E-28
11.2091,5.30E-28
11.2061,5.26E-28
11.2031,5.22E-28
11.2002,5.18E-28
11.1972,5.13E-28
11.1942,5.09E-28
11.1912,5.05E-28
11.1883,5.00E-28
11.1853,4.95E-28
11.1823,4.91E-28
11.1793,4.86E-28
11.1763,4.81E-28
11.1734,4.76E-28
11.1704,4.71E-28
11.1674,4.66E-28
11.1644,4.61E-28
11.1614,4.55E-28
11.1584,4.50E-28
11.1554,4.44E-28
11.1525,4.39E-28
11.1495,4.33E-28
11.1465,4.28E-28
11.1435,4.22E-28
11.1405,4.16E-28
11.1375,4.10E-28
11.1345,4.04E-28
11.1315,3.98E-28
11.1285,3.92E-28
11.1255,3.86E-28
11.1225,3.80E-28
11.1195,3.73E-28
11.1166,3.67E-28
11.1136,3.61E-28
11.1106,3.54E-28
11.1076,3.48E-28
11.1046,3.41E-28
11.1016,3.35E-28
11.0986,3.28E-28
11.0956,3.22E-28
11.0926,3.15E-28
11.0896,3.08E-28
11.0866,3.02E-28
11.0835,2.95E-28
11.0805,2.88E-28
11.0775,2.81E-28
11.0745,2.75E-28
11.0715,2.68E-28
11.0685,2.61E-28
11.0655,2.54E-28
11.0625,2.47E-28
11.0595,2.40E-28
11.0565,2.33E-28
11.0535,2.26E-28
11.0505,2.19E-28
11.0474,2.12E-28
11.0444,2.05E-28
11.0414,1.98E-28
11.0384,1.91E-28
11.0354,1.84E-28
11.0324,1.77E-28
11.0294,1.70E-28
11.0263,1.63E-28
11.0233,1.57E-28
11.0203,1.50E-28
11.0173,1.43E-28
11.0143,1.36E-28
11.0112,1.29E-28
11.0082,1.22E-28
11.0052,1.15E-28
11.0022,1.08E-28
10.9991,1.02E-28
10.9961,9.49E-29
10.9931,8.82E-29
10.9901,8.15E-29
10.987,7.49E-29
10.984,6.82E-29
10.981,6.17E-29
10.9779,5.51E-29
10.9749,4.86E-29
10.9719,4.22E-29
10.9689,3.58E-29
10.9658,2.95E-29
10.9628,2.32E-29
10.9598,1.69E-29
10.9567,1.07E-29
10.9537,4.62E-30
10.9507,-1.45E-30
10.9476,-7.46E-30
10.9446,-1.34E-29
10.9415,-1.93E-29
10.9385,-2.51E-29
10.9355,-3.08E-29
10.9324,-3.65E-29
10.9294,-4.21E-29
10.9263,-4.76E-29
10.9233,-5.31E-29
10.9203,-5.84E-29
10.9172,-6.37E-29
10.9142,-6.89E-29
10.9111,-7.40E-29
10.9081,-7.91E-29
10.905,-8.40E-29
10.902,-8.89E-29
10.8989,-9.37E-29
10.8959,-9.83E-29
10.8928,-1.03E-28
10.8898,-1.07E-28
10.8867,-1.12E-28
10.8837,-1.16E-28
10.8806,-1.20E-28
10.8776,-1.24E-28
10.8745,-1.28E-28
10.8715,-1.32E-28
10.8684,-1.36E-28
10.8654,-1.40E-28
10.8623,-1.43E-28
10.8592,-1.47E-28
10.8562,-1.50E-28
10.8531,-1.53E-28
10.8501,-1.56E-28
10.847,-1.59E-28
10.8439,-1.62E-28
10.8409,-1.65E-28
10.8378,-1.67E-28
10.8347,-1.70E-28
10.8317,-1.72E-28
10.8286,-1.74E-28
10.8256,-1.76E-28
10.8225,-1.78E-28
10.8194,-1.80E-28
10.8164,-1.82E-28
10.8133,-1.84E-28
10.8102,-1.85E-28
10.8071,-1.86E-28
10.8041,-1.87E-28
10.801,-1.88E-28
10.7979,-1.89E-28
10.7949,-1.90E-28
10.7918,-1.91E-28
10.7887,-1.91E-28
10.7856,-1.91E-28
10.7826,-1.92E-28
10.7795,-1.92E-28
10.7764,-1.91E-28
10.7733,-1.91E-28
10.7703,-1.91E-28
10.7672,-1.90E-28
10.7641,-1.89E-28
10.761,-1.88E-28
10.7579,-1.87E-28
10.7548,-1.86E-28
10.7518,-1.88E-28
10.7487,-1.93E-28
10.7456,-1.98E-28
10.7425,-2.02E-28
10.7394,-2.07E-28
10.7363,-2.11E-28
10.7333,-2.16E-28
10.7302,-2.20E-28
10.7271,-2.25E-28
10.724,-2.29E-28
10.7209,-2.33E-28
10.7178,-2.37E-28
10.7147,-2.41E-28
10.7116,-2.45E-28
10.7085,-2.49E-28
10.7054,-2.53E-28
10.7023,-2.57E-28
10.6992,-2.61E-28
10.6961,-2.64E-28
10.6931,-2.68E-28
10.69,-2.72E-28
10.6869,-2.75E-28
10.6838,-2.79E-28
10.6807,-2.82E-28
10.6776,-2.85E-28
10.6745,-2.88E-28
10.6714,-2.91E-28
10.6683,-2.94E-28
10.6652,-2.97E-28
10.662,-3.00E-28
10.6589,-3.03E-28
10.6558,-3.06E-28
10.6527,-3.09E-28
10.6496,-3.11E-28
10.6465,-3.14E-28
10.6434,-3.16E-28
10.6403,-3.18E-28
10.6372,-3.21E-28
10.6341,-3.23E-28
10.631,-3.25E-28
10.6279,-3.27E-28
10.6247,-3.29E-28
10.6216,-3.31E-28
10.6185,-3.33E-28
10.6154,-3.34E-28
10.6123,-3.36E-28
10.6092,-3.38E-28
10.6061,-3.39E-28
10.6029,-3.41E-28
10.5998,-3.42E-28
10.5967,-3.43E-28
10.5936,-3.44E-28
10.5905,-3.45E-28
10.5873,-3.47E-28
10.5842,-3.47E-28
10.5811,-3.48E-28
10.578,-3.49E-28
10.5748,-3.50E-28
10.5717,-3.50E-28
10.5686,-3.51E-28
10.5655,-3.51E-28
10.5623,-3.52E-28
10.5592,-3.52E-28
10.5561,-3.52E-28
10.553,-3.52E-28
10.5498,-3.53E-28
10.5467,-3.53E-28
10.5436,-3.52E-28
10.5404,-3.52E-28
10.5373,-3.52E-28
10.5342,-3.52E-28
10.531,-3.51E-28
10.5279,-3.51E-28
10.5248,-3.50E-28
10.5216,-3.50E-28
10.5185,-3.49E-28
10.5154,-3.48E-28
10.5122,-3.47E-28
10.5091,-3.46E-28
10.5059,-3.45E-28
10.5028,-3.44E-28
10.4997,-3.43E-28
10.4965,-3.42E-28
10.4934,-3.41E-28
10.4902,-3.39E-28
10.4871,-3.38E-28
10.4839,-3.36E-28
10.4808,-3.35E-28
10.4777,-3.33E-28
10.4745,-3.31E-28
10.4714,-3.30E-28
10.4682,-3.28E-28
10.4651,-3.26E-28
10.4619,-3.24E-28
10.4588,-3.22E-28
10.4556,-3.20E-28
10.4525,-3.18E-28
10.4493,-3.15E-28
10.4461,-3.13E-28
10.443,-3.11E-28
10.4398,-3.08E-28
10.4367,-3.06E-28
10.4335,-3.03E-28
10.4304,-3.00E-28
10.4272,-2.98E-28
10.4241,-2.95E-28
10.4209,-2.92E-28
10.4177,-2.89E-28
10.4146,-2.86E-28
10.4114,-2.83E-28
10.4083,-2.80E-28
10.4051,-2.77E-28
10.4019,-2.74E-28
10.3988,-2.71E-28
10.3956,-2.67E-28
10.3924,-2.64E-28
10.3893,-2.61E-28
10.3861,-2.57E-28
10.3829,-2.54E-28
10.3798,-2.50E-28
10.3766,-2.46E-28
10.3734,-2.43E-28
10.3703,-2.39E-28
10.3671,-2.35E-28
10.3639,-2.31E-28
10.3607,-2.27E-28
10.3576,-2.23E-28
10.3544,-2.19E-28
10.3512,-2.15E-28
10.348,-2.11E-28
10.3449,-2.07E-28
10.3417,-2.03E-28
10.3385,-1.98E-28
10.3353,-1.94E-28
10.3322,-1.90E-28
10.329,-1.85E-28
10.3258,-1.81E-28
10.3226,-1.76E-28
10.3194,-1.72E-28
10.3162,-1.67E-28
10.3131,-1.62E-28
10.3099,-1.57E-28
10.3067,-1.53E-28
10.3035,-1.48E-28
10.3003,-1.43E-28
10.2971,-1.38E-28
10.2939,-1.33E-28
10.2908,-1.28E-28
10.2876,-1.22E-28
10.2844,-1.17E-28
10.2812,-1.12E-28
10.278,-1.06E-28
10.2748,-1.01E-28
10.2716,-9.56E-29
10.2684,-9.00E-29
10.2652,-8.44E-29
10.262,-7.87E-29
10.2588,-7.29E-29
10.2556,-6.71E-29
10.2524,-6.12E-29
10.2492,-5.52E-29
10.246,-5.00E-29
10.2428,-4.78E-29
10.2396,-4.55E-29
10.2364,-4.33E-29
10.2332,-4.10E-29
10.23,-3.88E-29
10.2268,-3.65E-29
10.2236,-3.43E-29
10.2204,-3.21E-29
10.2172,-2.99E-29
10.214,-2.78E-29
10.2108,-2.56E-29
10.2076,-2.35E-29
10.2044,-2.13E-29
10.2012,-1.92E-29
10.198,-1.71E-29
10.1948,-1.50E-29
10.1916,-1.29E-29
10.1884,-1.08E-29
10.1851,-8.78E-30
10.1819,-6.74E-30
10.1787,-4.71E-30
10.1755,-2.71E-30
10.1723,-7.14E-31
10.1691,1.26E-30
10.1659,3.22E-30
10.1626,5.17E-30
10.1594,7.09E-30
10.1562,9.00E-30
10.153,1.09E-29
10.1498,1.28E-29
10.1465,1.46E-29
10.1433,1.65E-29
10.1401,1.83E-29
10.1369,2.01E-29
10.1336,2.19E-29
10.1304,2.36E-29
10.1272,2.54E-29
10.124,2.71E-29
10.1207,2.88E-29
10.1175,3.05E-29
10.1143,3.22E-29
10.1111,3.38E-29
10.1078,3.55E-29
10.1046,3.71E-29
10.1014,3.87E-29
10.0981,4.03E-29
10.0949,4.18E-29
10.0917,4.33E-29
10.0884,4.48E-29
10.0852,4.63E-29
10.082,4.78E-29
10.0787,4.93E-29
10.0755,5.07E-29
10.0723,5.21E-29
10.069,5.35E-29
10.0658,5.48E-29
10.0626,5.62E-29
10.0593,5.75E-29
10.0561,5.88E-29
10.0528,6.01E-29
10.0496,6.13E-29
10.0463,6.26E-29
10.0431,6.38E-29
10.0399,6.50E-29
10.0366,6.61E-29
10.0334,6.73E-29
10.0301,6.84E-29
10.0269,6.95E-29
10.0236,7.06E-29
10.0204,7.17E-29
10.0171,7.27E-29
10.0139,7.37E-29
10.0106,7.47E-29
10.0074,7.57E-29
10.0041,7.66E-29
10.0009,7.75E-29
9.99762,7.84E-29
9.99436,7.93E-29
9.99111,8.01E-29
9.98785,8.10E-29
9.9846,8.18E-29
9.98134,8.26E-29
9.97808,8.33E-29
9.97482,8.40E-29
9.97156,8.48E-29
9.9683,8.54E-29
9.96504,8.61E-29
9.96178,8.67E-29
9.95852,8.74E-29
9.95526,8.79E-29
9.95199,8.85E-29
9.94873,8.90E-29
9.94546,8.96E-29
9.9422,9.01E-29
9.93893,9.05E-29
9.93567,9.10E-29
9.9324,9.14E-29
9.92913,9.18E-29
9.92586,9.21E-29
9.92259,9.25E-29
9.91932,9.28E-29
9.91605,9.31E-29
9.91278,9.33E-29
9.9095,9.36E-29
9.90623,9.38E-29
9.90296,9.40E-29
9.89968,9.41E-29
9.8964,9.43E-29
9.89313,9.44E-29
9.88985,9.44E-29
9.88657,9.45E-29
9.8833,9.45E-29
9.88002,9.45E-29
9.87674,9.45E-29
9.87346,9.44E-29
9.87017,9.43E-29
9.86689,9.42E-29
9.86361,9.41E-29
9.86033,9.39E-29
9.85704,9.37E-29
9.85376,9.35E-29
9.85047,9.32E-29
9.84719,9.29E-29
9.8439,9.26E-29
9.84061,9.23E-29
9.83732,9.19E-29
9.83403,9.15E-29
9.83074,9.10E-29
9.82745,9.06E-29
9.82416,9.01E-29
9.82087,8.95E-29
9.81758,8.90E-29
9.81428,8.84E-29
9.81099,8.77E-29
9.80769,8.71E-29
9.8044,8.64E-29
9.8011,8.57E-29
9.79781,8.49E-29
9.79451,8.41E-29
9.79121,8.33E-29
9.78791,8.24E-29
9.78461,8.15E-29
9.78131,8.06E-29
9.77801,7.96E-29
9.77471,7.86E-29
9.7714,7.75E-29
9.7681,7.65E-29
9.7648,7.54E-29
9.76149,7.42E-29
9.75819,7.30E-29
9.75488,7.18E-29
9.75157,7.05E-29
9.74827,6.92E-29
9.74496,6.79E-29
9.74165,6.65E-29
9.73834,6.51E-29
9.73503,6.36E-29
9.73172,6.21E-29
9.7284,6.05E-29
9.72509,5.90E-29
9.72178,5.73E-29
9.71846,5.73E-29
9.71515,5.75E-29
9.71183,5.76E-29
9.70852,5.78E-29
9.7052,5.79E-29
9.70188,5.81E-29
9.69856,5.82E-29
9.69525,5.83E-29
9.69193,5.85E-29
9.68861,5.86E-29
9.68528,5.87E-29
9.68196,5.88E-29
9.67864,5.89E-29
9.67532,5.91E-29
9.67199,5.92E-29
9.66867,5.93E-29
9.66534,5.94E-29
9.66202,5.95E-29
9.65869,5.95E-29
9.65536,5.96E-29
9.65203,5.97E-29
9.6487,5.98E-29
9.64537,5.99E-29
9.64204,5.99E-29
9.63871,6.00E-29
9.63538,6.00E-29
9.63205,6.01E-29
9.62871,6.01E-29
9.62538,6.02E-29
9.62205,6.02E-29
9.61871,6.02E-29
9.61537,6.03E-29
9.61204,6.03E-29
9.6087,6.03E-29
9.60536,6.03E-29
9.60202,6.03E-29
9.59868,6.03E-29
9.59534,6.03E-29
9.592,6.03E-29
9.58866,6.02E-29
9.58532,6.02E-29
9.58197,6.02E-29
9.57863,6.01E-29
9.57528,6.01E-29
9.57194,6.00E-29
9.56859,5.99E-29
9.56525,5.99E-29
9.5619,5.98E-29
9.55855,5.97E-29
9.5552,5.96E-29
9.55185,5.95E-29
9.5485,5.94E-29
9.54515,5.93E-29
9.5418,5.91E-29
9.53845,5.90E-29
9.53509,5.89E-29
9.53174,5.87E-29
9.52838,5.85E-29
9.52503,5.84E-29
9.52167,5.82E-29
9.51831,5.80E-29
9.51496,5.78E-29
9.5116,5.76E-29
9.50824,5.74E-29
9.50488,5.71E-29
9.50152,5.69E-29
9.49816,5.67E-29
9.4948,5.64E-29
9.49143,5.61E-29
9.48807,5.59E-29
9.48471,5.56E-29
9.48134,5.53E-29
9.47798,5.50E-29
9.47461,5.47E-29
9.47124,5.43E-29
9.46788,5.40E-29
9.46451,5.36E-29
9.46114,5.33E-29
9.45777,5.29E-29
9.4544,5.25E-29
9.45103,5.21E-29
9.44766,5.17E-29
9.44428,5.13E-29
9.44091,5.08E-29
9.43754,5.04E-29
9.43416,4.99E-29
9.43079,4.95E-29
9.42741,4.90E-29
9.42403,4.85E-29
9.42066,4.80E-29
9.41728,4.74E-29
9.4139,4.69E-29
9.41052,4.63E-29
9.40714,4.58E-29
9.40376,4.52E-29
9.40038,4.46E-29
9.39699,4.40E-29
9.39361,4.34E-29
9.39023,4.28E-29
9.38684,4.21E-29
9.38346,4.15E-29
9.38007,4.08E-29
9.37668,4.01E-29
9.3733,3.94E-29
9.36991,3.87E-29
9.36652,3.80E-29
9.36313,3.72E-29
9.35974,3.65E-29
9.35635,3.57E-29
9.35296,3.49E-29
9.34956,3.41E-29
9.34617,3.33E-29
9.34278,3.25E-29
9.33938,3.16E-29
9.33599,3.08E-29
9.33259,2.99E-29
9.32919,2.90E-29
9.3258,2.81E-29
9.3224,2.72E-29
9.319,2.63E-29
9.3156,2.53E-29
9.3122,2.44E-29
9.3088,2.34E-29
9.3054,2.24E-29
9.302,2.14E-29
9.29859,2.04E-29
9.29519,1.94E-29
9.29178,1.84E-29
9.28838,1.73E-29
9.28497,1.63E-29
9.28157,1.52E-29
9.27816,1.41E-29
9.27475,1.30E-29
9.27134,1.19E-29
9.26793,1.08E-29
9.26452,9.66E-30
9.26111,8.51E-30
9.2577,7.35E-30
9.25429,6.19E-30
9.25087,5.01E-30
9.24746,3.82E-30
9.24405,2.62E-30
9.24063,1.41E-30
9.23721,1.96E-31
9.2338,-1.03E-30
9.23038,-2.27E-30
9.22696,-3.51E-30
9.22354,-4.77E-30
9.22012,-6.03E-30
9.2167,-7.30E-30
9.21328,-8.57E-30
9.20986,-9.85E-30
9.20644,-1.11E-29
9.20301,-1.24E-29
9.19959,-1.37E-29
9.19617,-1.50E-29
9.19274,-1.63E-29
9.18932,-1.77E-29
9.18589,-1.90E-29
9.18246,-2.03E-29
9.17903,-2.16E-29
9.1756,-2.28E-29
9.17217,-2.38E-29
9.16874,-2.48E-29
9.16531,-2.58E-29
9.16188,-2.68E-29
9.15845,-2.78E-29
9.15502,-2.89E-29
9.15158,-2.99E-29
9.14815,-3.09E-29
9.14471,-3.20E-29
9.14128,-3.30E-29
9.13784,-3.40E-29
9.1344,-3.51E-29
9.13097,-3.61E-29
9.12753,-3.71E-29
9.12409,-3.82E-29
9.12065,-3.92E-29
9.11721,-4.03E-29
9.11376,-4.13E-29
9.11032,-4.24E-29
9.10688,-4.34E-29
9.10343,-4.44E-29
9.09999,-4.55E-29
9.09655,-4.65E-29
9.0931,-4.76E-29
9.08965,-4.86E-29
9.08621,-4.96E-29
9.08276,-5.07E-29
9.07931,-5.17E-29
9.07586,-5.27E-29
9.07241,-5.37E-29
9.06896,-5.48E-29
9.06551,-5.58E-29
9.06205,-5.68E-29
9.0586,-5.78E-29
9.05515,-5.88E-29
9.05169,-5.98E-29
9.04824,-6.08E-29
9.04478,-6.18E-29
9.04133,-6.28E-29
9.03787,-6.38E-29
9.03441,-6.48E-29
9.03095,-6.57E-29
9.02749,-6.67E-29
9.02403,-6.77E-29
9.02057,-6.86E-29
9.01711,-6.96E-29
9.01365,-7.05E-29
9.01018,-7.14E-29
9.00672,-7.23E-29
9.00326,-7.32E-29
8.99979,-7.41E-29
8.99632,-7.50E-29
8.99286,-7.59E-29
8.98939,-7.68E-29
8.98592,-7.77E-29
8.98245,-7.85E-29
8.97898,-7.94E-29
8.97551,-8.02E-29
8.97204,-8.10E-29
8.96857,-8.18E-29
8.9651,-8.26E-29
8.96163,-8.34E-29
8.95815,-8.41E-29
8.95468,-8.49E-29
8.9512,-8.56E-29
8.94773,-8.64E-29
8.94425,-8.71E-29
8.94077,-8.78E-29
8.93729,-8.85E-29
8.93382,-8.91E-29
8.93034,-8.98E-29
8.92686,-9.04E-29
8.92338,-9.10E-29
8.91989,-9.16E-29
8.91641,-9.22E-29
8.91293,-9.28E-29
8.90944,-9.33E-29
8.90596,-9.38E-29
8.90248,-9.44E-29
8.89899,-9.48E-29
8.8955,-9.53E-29
8.89202,-9.58E-29
8.88853,-9.62E-29
8.88504,-9.66E-29
8.88155,-9.70E-29
8.87806,-9.74E-29
8.87457,-9.77E-29
8.87108,-9.80E-29
8.86758,-9.83E-29
8.86409,-9.86E-29
8.8606,-9.89E-29
8.8571,-9.91E-29
8.85361,-9.93E-29
8.85011,-9.95E-29
8.84662,-9.96E-29
8.84312,-9.98E-29
8.83962,-9.99E-29
8.83612,-1.00E-28
8.83262,-1.00E-28
8.82912,-1.00E-28
8.82562,-1.00E-28
8.82212,-1.00E-28
8.81862,-1.00E-28
8.81511,-9.99E-29
8.81161,-9.98E-29
8.80811,-9.96E-29
8.8046,-9.95E-29
8.80109,-9.93E-29
8.79759,-9.90E-29
8.79408,-9.88E-29
8.79057,-9.85E-29
8.78706,-9.82E-29
8.78355,-9.78E-29
8.78004,-9.75E-29
8.77653,-9.70E-29
8.77302,-9.66E-29
8.76951,-9.61E-29
8.766,-9.56E-29
8.76248,-9.51E-29
8.75897,-9.45E-29
8.75545,-9.39E-29
8.75194,-9.33E-29
8.74842,-9.26E-29
8.7449,-9.19E-29
8.74139,-9.12E-29
8.73787,-9.04E-29
8.73435,-8.96E-29
8.73083,-8.88E-29
8.72731,-8.79E-29
8.72378,-8.70E-29
8.72026,-8.60E-29
8.71674,-8.51E-29
8.71321,-8.40E-29
8.70969,-8.30E-29
8.70617,-8.19E-29
8.70264,-8.08E-29
8.69911,-7.96E-29
8.69559,-7.84E-29
8.69206,-7.72E-29
8.68853,-7.59E-29
8.685,-7.46E-29
8.68147,-7.33E-29
8.67794,-7.19E-29
8.67441,-7.05E-29
8.67087,-6.90E-29
8.66734,-6.76E-29
8.66381,-6.60E-29
8.66027,-6.45E-29
8.65674,-6.29E-29
8.6532,-6.13E-29
8.64966,-5.96E-29
8.64613,-5.79E-29
8.64259,-5.61E-29
8.63905,-5.44E-29
8.63551,-5.25E-29
8.63197,-5.07E-29
8.62843,-4.88E-29
8.62489,-4.69E-29
8.62135,-4.49E-29
8.6178,-4.29E-29
8.61426,-4.10E-29
8.61071,-3.99E-29
8.60717,-3.88E-29
8.60362,-3.76E-29
8.60008,-3.64E-29
8.59653,-3.53E-29
8.59298,-3.41E-29
8.58943,-3.30E-29
8.58588,-3.18E-29
8.58233,-3.06E-29
8.57878,-2.95E-29
8.57523,-2.83E-29
8.57168,-2.71E-29
8.56812,-2.60E-29
8.56457,-2.48E-29
8.56102,-2.36E-29
8.55746,-2.25E-29
8.5539,-2.13E-29
8.55035,-2.02E-29
8.54679,-1.90E-29
8.54323,-1.79E-29
8.53967,-1.67E-29
8.53611,-1.56E-29
8.53255,-1.45E-29
8.52899,-1.33E-29
8.52543,-1.22E-29
8.52187,-1.11E-29
8.5183,-1.00E-29
8.51474,-8.90E-30
8.51118,-7.81E-30
8.50761,-6.73E-30
8.50404,-5.65E-30
8.50048,-4.59E-30
8.49691,-3.54E-30
8.49334,-2.50E-30
8.48977,-1.47E-30
8.4862,-4.49E-31
8.48263,5.58E-31
8.47906,1.55E-30
8.47549,2.54E-30
8.47192,3.50E-30
8.46834,4.46E-30
8.46477,5.40E-30
8.4612,6.33E-30
8.45762,7.24E-30
8.45404,8.13E-30
8.45047,9.01E-30
8.44689,9.88E-30
8.44331,1.07E-29
8.43973,1.16E-29
8.43615,1.24E-29
8.43257,1.32E-29
8.42899,1.39E-29
8.42541,1.47E-29
8.42183,1.54E-29
8.41824,1.62E-29
8.41466,1.69E-29
8.41108,1.75E-29
8.40749,1.82E-29
8.4039,1.88E-29
8.40032,1.95E-29
8.39673,2.01E-29
8.39314,2.06E-29
8.38955,2.12E-29
8.38596,2.17E-29
8.38237,2.22E-29
8.37878,2.27E-29
8.37519,2.32E-29
8.3716,2.36E-29
8.368,2.40E-29
8.36441,2.44E-29
8.36081,2.48E-29
8.35722,2.51E-29
8.35362,2.54E-29
8.35002,2.57E-29
8.34643,2.59E-29
8.34283,2.62E-29
8.33923,2.64E-29
8.33563,2.66E-29
8.33203,2.67E-29
8.32843,2.68E-29
8.32483,2.69E-29
8.32122,2.70E-29
8.31762,2.70E-29
8.31402,2.71E-29
8.31041,2.70E-29
8.30681,2.70E-29
8.3032,2.69E-29
8.29959,2.68E-29
8.29598,2.67E-29
8.29238,2.65E-29
8.28877,2.63E-29
8.28516,2.61E-29
8.28155,2.58E-29
8.27793,2.55E-29
8.27432,2.52E-29
8.27071,2.48E-29
8.2671,2.44E-29
8.26348,2.40E-29
8.25987,2.35E-29
8.25625,2.30E-29
8.25264,2.25E-29
8.24902,2.19E-29
8.2454,2.16E-29
8.24178,2.13E-29
8.23816,2.10E-29
8.23454,2.07E-29
8.23092,2.04E-29
8.2273,2.01E-29
8.22368,1.98E-29
8.22006,1.94E-29
8.21643,1.91E-29
8.21281,1.87E-29
8.20918,1.84E-29
8.20556,1.80E-29
8.20193,1.76E-29
8.1983,1.72E-29
8.19467,1.69E-29
8.19105,1.65E-29
8.18742,1.61E-29
8.18379,1.57E-29
8.18016,1.53E-29
8.17652,1.49E-29
8.17289,1.45E-29
8.16926,1.41E-29
8.16563,1.37E-29
8.16199,1.33E-29
8.15836,1.28E-29
8.15472,1.24E-29
8.15108,1.20E-29
8.14745,1.16E-29
8.14381,1.12E-29
8.14017,1.08E-29
8.13653,1.04E-29
8.13289,9.99E-30
8.12925,9.59E-30
8.12561,9.19E-30
8.12196,8.80E-30
8.11832,8.41E-30
8.11468,8.03E-30
8.11103,7.65E-30
8.10739,7.28E-30
8.10374,6.92E-30
8.1001,6.56E-30
8.09645,6.21E-30
8.0928,5.86E-30
8.08915,5.53E-30
8.0855,5.20E-30
8.08185,4.89E-30
8.0782,4.58E-30
8.07455,4.29E-30
8.0709,4.00E-30
8.06724,3.73E-30
8.06359,3.47E-30
8.05993,3.22E-30
8.05628,2.99E-30
8.05262,2.77E-30
8.04897,2.56E-30
8.04531,2.37E-30
8.04165,2.20E-30
8.03799,2.04E-30
8.03433,1.82E-30
8.03067,1.49E-30
8.02701,1.17E-30
8.02335,8.51E-31
8.01968,5.38E-31
8.01602,2.31E-31
8.01236,-7.10E-32
8.00869,-3.67E-31
8.00503,-6.58E-31
8.00136,-9.42E-31
7.99769,-1.22E-30
7.99403,-1.49E-30
7.99036,-1.76E-30
7.98669,-2.02E-30
7.98302,-2.27E-30
7.97935,-2.51E-30
7.97568,-2.75E-30
7.97201,-2.98E-30
7.96833,-3.20E-30
7.96466,-3.41E-30
7.96098,-3.62E-30
7.95731,-3.81E-30
7.95363,-4.00E-30
7.94996,-4.18E-30
7.94628,-4.35E-30
7.9426,-4.51E-30
7.93892,-4.67E-30
7.93525,-4.81E-30
7.93157,-4.94E-30
7.92788,-5.07E-30
7.9242,-5.18E-30
7.92052,-5.28E-30
7.91684,-5.37E-30
7.91315,-5.46E-30
7.90947,-5.53E-30
7.90579,-5.59E-30
7.9021,-5.64E-30
7.89841,-5.68E-30
7.89473,-5.70E-30
7.89104,-5.72E-30
7.88735,-5.72E-30
7.88366,-5.71E-30
7.87997,-5.69E-30
7.87628,-5.66E-30
7.87259,-5.61E-30
7.8689,-5.55E-30
7.8652,-5.48E-30
7.86151,-5.40E-30
7.85781,-5.30E-30
7.85412,-5.19E-30
7.85042,-5.06E-30
7.84673,-4.93E-30
7.84303,-4.77E-30
7.83933,-4.61E-30
7.83563,-4.43E-30
7.83193,-4.24E-30
7.82823,-4.03E-30
7.82453,-3.81E-30
7.82083,-3.57E-30
7.81713,-3.41E-30
7.81342,-3.25E-30
7.80972,-3.08E-30
7.80602,-2.91E-30
7.80231,-2.74E-30
7.7986,-2.57E-30
7.7949,-2.40E-30
7.79119,-2.22E-30
7.78748,-2.04E-30
7.78377,-1.86E-30
7.78006,-1.69E-30
7.77635,-1.51E-30
7.77264,-1.34E-30
7.76893,-1.16E-30
7.76522,-9.90E-31
7.7615,-8.22E-31
7.75779,-6.57E-31
7.75408,-4.96E-31
7.75036,-3.41E-31
7.74664,-1.90E-31
7.74293,-4.61E-32
7.73921,9.13E-32
7.73549,2.21E-31
7.73177,3.43E-31
7.72805,4.56E-31
7.72433,5.59E-31
7.72061,6.53E-31
7.71689,7.35E-31
7.71317,8.05E-31
7.70944,8.63E-31
7.70572,9.07E-31
7.70199,9.38E-31
7.69827,9.53E-31
7.69454,9.53E-31
7.69082,9.36E-31
7.68709,9.02E-31
7.68336,8.84E-31
7.67963,9.63E-31
7.6759,1.04E-30
7.67217,1.11E-30
7.66844,1.17E-30
7.66471,1.24E-30
7.66097,1.29E-30
7.65724,1.35E-30
7.65351,1.40E-30
7.64977,1.44E-30
7.64604,1.48E-30
7.6423,1.51E-30
7.63856,1.55E-30
7.63482,1.57E-30
7.63109,1.59E-30
7.62735,1.61E-30
7.62361,1.62E-30
7.61987,1.63E-30
7.61612,1.63E-30
7.61238,1.63E-30
7.60864,1.62E-30
7.6049,1.61E-30
7.60115,1.60E-30
7.59741,1.58E-30
7.59366,1.56E-30
7.58991,1.53E-30
7.58617,1.50E-30
7.58242,1.46E-30
7.57867,1.43E-30
7.57492,1.38E-30
7.57117,1.34E-30
7.56742,1.29E-30
7.56367,1.23E-30
7.55992,1.18E-30
7.55616,1.12E-30
7.55241,1.06E-30
7.54866,9.92E-31
7.5449,9.26E-31
7.54114,8.57E-31
7.53739,7.86E-31
7.53363,7.13E-31
7.52987,6.39E-31
7.52611,5.64E-31
7.52236,4.87E-31
7.51859,4.09E-31
7.51483,3.31E-31
7.51107,2.53E-31
7.50731,1.74E-31
7.50355,9.58E-32
7.49978,1.80E-32
7.49602,-5.90E-32
7.49225,-1.35E-31
7.48849,-2.09E-31
7.48472,-2.82E-31
7.48095,-3.53E-31
7.47719,-4.21E-31
7.47342,-4.86E-31
7.46965,-5.48E-31
7.46588,-6.07E-31
7.46211,-6.62E-31
7.45833,-7.12E-31
7.45456,-7.58E-31
7.45079,-7.99E-31
7.44702,-8.34E-31
7.44324,-8.63E-31
7.43947,-8.86E-31
7.43569,-9.02E-31
7.43191,-9.10E-31
7.42814,-9.11E-31
7.42436,-9.04E-31
7.42058,-8.88E-31
7.4168,-8.63E-31
7.41302,-8.28E-31
7.40924,-7.83E-31
7.40546,-8.01E-31
7.40167,-8.28E-31
7.39789,-8.54E-31
7.39411,-8.77E-31
7.39032,-8.98E-31
7.38654,-9.17E-31
7.38275,-9.34E-31
7.37896,-9.48E-31
7.37518,-9.60E-31
7.37139,-9.70E-31
7.3676,-9.77E-31
7.36381,-9.81E-31
7.36002,-9.83E-31
7.35623,-9.82E-31
7.35244,-9.79E-31
7.34864,-9.73E-31
7.34485,-9.65E-31
7.34106,-9.53E-31
7.33726,-9.39E-31
7.33347,-9.22E-31
7.32967,-9.02E-31
7.32587,-8.80E-31
7.32208,-8.55E-31
7.31828,-8.26E-31
7.31448,-7.96E-31
7.31068,-7.62E-31
7.30688,-7.25E-31
7.30308,-6.86E-31
7.29928,-6.43E-31
7.29547,-5.98E-31
7.29167,-5.51E-31
7.28787,-5.00E-31
7.28406,-4.47E-31
7.28026,-3.91E-31
7.27645,-3.32E-31
7.27264,-2.70E-31
7.26884,-2.09E-31
7.26503,-1.59E-31
7.26122,-1.08E-31
7.25741,-5.59E-32
7.2536,-3.62E-33
7.24979,4.90E-32
7.24598,1.02E-31
7.24216,1.55E-31
7.23835,2.08E-31
7.23454,2.60E-31
7.23072,3.13E-31
7.22691,3.64E-31
7.22309,4.15E-31
7.21927,4.65E-31
7.21546,5.14E-31
7.21164,5.62E-31
7.20782,6.08E-31
7.204,6.52E-31
7.20018,6.94E-31
7.19636,7.34E-31
7.19254,7.71E-31
7.18871,8.06E-31
7.18489,8.38E-31
7.18107,8.67E-31
7.17724,8.92E-31
7.17342,9.14E-31
7.16959,9.32E-31
7.16576,9.46E-31
7.16193,9.55E-31
7.15811,9.59E-31
7.15428,9.58E-31
7.15045,9.53E-31
7.14662,9.41E-31
7.14279,9.23E-31
7.13895,9.00E-31
7.13512,8.70E-31
7.13129,8.32E-31
7.12745,8.15E-31
7.12362,8.24E-31
7.11978,8.31E-31
7.11595,8.37E-31
7.11211,8.41E-31
7.10827,8.44E-31
7.10443,8.45E-31
7.1006,8.45E-31
7.09676,8.43E-31
7.09291,8.39E-31
7.08907,8.34E-31
7.08523,8.27E-31
7.08139,8.19E-31
7.07755,8.08E-31
7.0737,7.97E-31
7.06986,7.83E-31
7.06601,7.68E-31
7.06217,7.51E-31
7.05832,7.33E-31
7.05447,7.13E-31
7.05062,6.92E-31
7.04677,6.68E-31
7.04292,6.44E-31
7.03907,6.17E-31
7.03522,5.90E-31
7.03137,5.60E-31
7.02752,5.29E-31
7.02366,4.97E-31
7.01981,4.63E-31
7.01595,4.28E-31
7.0121,3.91E-31
7.00824,3.53E-31
7.00439,3.14E-31
7.00053,2.73E-31
6.99667,2.31E-31
6.99281,1.88E-31
6.98895,1.44E-31
6.98509,1.04E-31
6.98123,6.57E-32
6.97737,2.67E-32
6.9735,-1.24E-32
6.96964,-5.15E-32
6.96578,-9.05E-32
6.96191,-1.29E-31
6.95805,-1.68E-31
6.95418,-2.06E-31
6.95031,-2.44E-31
6.94645,-2.81E-31
6.94258,-3.17E-31
6.93871,-3.52E-31
6.93484,-3.87E-31
6.93097,-4.20E-31
6.9271,-4.52E-31
6.92322,-4.83E-31
6.91935,-5.12E-31
6.91548,-5.39E-31
6.9116,-5.65E-31
6.90773,-5.88E-31
6.90385,-6.10E-31
6.89998,-6.29E-31
6.8961,-6.45E-31
6.89222,-6.59E-31
6.88834,-6.71E-31
6.88447,-6.79E-31
6.88059,-6.84E-31
6.87671,-6.86E-31
6.87282,-6.85E-31
6.86894,-6.80E-31
6.86506,-6.71E-31
6.86118,-6.58E-31
6.85729,-6.40E-31
6.85341,-6.19E-31
6.84952,-5.92E-31
6.84563,-5.65E-31
6.84175,-5.67E-31
6.83786,-5.69E-31
6.83397,-5.69E-31
6.83008,-5.68E-31
6.82619,-5.66E-31
6.8223,-5.63E-31
6.81841,-5.59E-31
6.81452,-5.54E-31
6.81063,-5.48E-31
6.80673,-5.40E-31
6.80284,-5.32E-31
6.79894,-5.22E-31
6.79505,-5.12E-31
6.79115,-5.00E-31
6.78726,-4.87E-31
6.78336,-4.74E-31
6.77946,-4.59E-31
6.77556,-4.43E-31
6.77166,-4.27E-31
6.76776,-4.10E-31
6.76386,-3.91E-31
6.75996,-3.72E-31
6.75605,-3.52E-31
6.75215,-3.32E-31
6.74825,-3.10E-31
6.74434,-2.88E-31
6.74044,-2.65E-31
6.73653,-2.42E-31
6.73262,-2.18E-31
6.72872,-1.93E-31
6.72481,-1.68E-31
6.7209,-1.42E-31
6.71699,-1.17E-31
6.71308,-9.03E-32
6.70917,-6.38E-32
6.70525,-3.70E-32
6.70134,-1.01E-32
6.69743,1.69E-32
6.69351,4.40E-32
6.6896,7.10E-32
6.68568,9.80E-32
6.68177,1.25E-31
6.67785,1.51E-31
6.67393,1.78E-31
6.67001,2.03E-31
6.6661,2.29E-31
6.66218,2.54E-31
6.65825,2.78E-31
6.65433,3.02E-31
6.65041,3.24E-31
6.64649,3.46E-31
6.64257,3.67E-31
6.63864,3.87E-31
6.63472,4.06E-31
6.63079,4.23E-31
6.62686,4.40E-31
6.62294,4.54E-31
6.61901,4.68E-31
6.61508,4.79E-31
6.61115,4.89E-31
6.60722,4.97E-31
6.60329,5.03E-31
6.59936,5.07E-31
6.59543,5.08E-31
6.5915,5.07E-31
6.58756,5.04E-31
6.58363,4.99E-31
6.57969,4.90E-31
6.57576,4.79E-31
6.57182,4.65E-31
6.56789,4.48E-31
6.56395,4.28E-31
6.56001,4.04E-31
6.55607,3.96E-31
6.55213,3.93E-31
6.54819,3.90E-31
6.54425,3.87E-31
6.54031,3.82E-31
6.53636,3.77E-31
6.53242,3.71E-31
6.52848,3.64E-31
6.52453,3.56E-31
6.52059,3.48E-31
6.51664,3.39E-31
6.51269,3.29E-31
6.50875,3.19E-31
6.5048,3.08E-31
6.50085,2.97E-31
6.4969,2.85E-31
6.49295,2.72E-31
6.489,2.59E-31
6.48504,2.45E-31
6.48109,2.31E-31
6.47714,2.16E-31
6.47318,2.01E-31
6.46923,1.86E-31
6.46527,1.70E-31
6.46132,1.54E-31
6.45736,1.38E-31
6.4534,1.21E-31
6.44945,1.05E-31
6.44549,8.80E-32
6.44153,7.11E-32
6.43757,5.41E-32
6.4336,3.72E-32
6.42964,2.04E-32
6.42568,3.69E-33
6.42172,-1.29E-32
6.41775,-2.92E-32
6.41379,-4.52E-32
6.40982,-6.42E-32
6.40586,-8.31E-32
6.40189,-1.02E-31
6.39792,-1.21E-31
6.39395,-1.39E-31
6.38998,-1.57E-31
6.38601,-1.75E-31
6.38204,-1.93E-31
6.37807,-2.10E-31
6.3741,-2.27E-31
6.37013,-2.43E-31
6.36615,-2.58E-31
6.36218,-2.73E-31
6.35821,-2.88E-31
6.35423,-3.01E-31
6.35025,-3.14E-31
6.34628,-3.26E-31
6.3423,-3.37E-31
6.33832,-3.47E-31
6.33434,-3.56E-31
6.33036,-3.64E-31
6.32638,-3.70E-31
6.3224,-3.75E-31
6.31842,-3.79E-31
6.31444,-3.82E-31
6.31045,-3.83E-31
6.30647,-3.82E-31
6.30248,-3.80E-31
6.2985,-3.76E-31
6.29451,-3.71E-31
6.29053,-3.63E-31
6.28654,-3.54E-31
6.28255,-3.42E-31
6.27856,-3.29E-31
6.27457,-3.13E-31
6.27058,-2.94E-31
6.26659,-2.80E-31
6.2626,-2.76E-31
6.2586,-2.71E-31
6.25461,-2.66E-31
6.25062,-2.60E-31
6.24662,-2.54E-31
6.24263,-2.47E-31
6.23863,-2.40E-31
6.23463,-2.33E-31
6.23064,-2.24E-31
6.22664,-2.16E-31
6.22264,-2.07E-31
6.21864,-1.98E-31
6.21464,-1.88E-31
6.21064,-1.78E-31
6.20663,-1.67E-31
6.20263,-1.56E-31
6.19863,-1.45E-31
6.19462,-1.34E-31
6.19062,-1.23E-31
6.18661,-1.11E-31
6.18261,-9.91E-32
6.1786,-8.72E-32
6.17459,-7.51E-32
6.17059,-6.30E-32
6.16658,-5.09E-32
6.16257,-3.88E-32
6.15856,-2.67E-32
6.15454,-1.48E-32
6.15053,-3.01E-33
6.14652,8.59E-33
6.14251,1.99E-32
6.13849,3.10E-32
6.13448,4.18E-32
6.13046,5.22E-32
6.12645,6.21E-32
6.12243,7.16E-32
6.11841,8.33E-32
6.11439,9.65E-32
6.11037,1.10E-31
6.10635,1.22E-31
6.10233,1.35E-31
6.09831,1.48E-31
6.09429,1.60E-31
6.09027,1.72E-31
6.08624,1.83E-31
6.08222,1.94E-31
6.0782,2.05E-31
6.07417,2.15E-31
6.07014,2.25E-31
6.06612,2.34E-31
6.06209,2.43E-31
6.05806,2.51E-31
6.05403,2.59E-31
6.05,2.65E-31
6.04597,2.71E-31
6.04194,2.77E-31
6.03791,2.81E-31
6.03388,2.84E-31
6.02984,2.87E-31
6.02581,2.88E-31
6.02177,2.89E-31
6.01774,2.89E-31
6.0137,2.87E-31
6.00966,2.84E-31
6.00563,2.80E-31
6.00159,2.75E-31
5.99755,2.68E-31
5.99351,2.60E-31
5.98947,2.51E-31
5.98543,2.40E-31
5.98139,2.28E-31
5.97734,2.14E-31
5.9733,1.98E-31
5.96925,1.93E-31
5.96521,1.88E-31
5.96116,1.83E-31
5.95712,1.77E-31
5.95307,1.71E-31
5.94902,1.64E-31
5.94497,1.57E-31
5.94093,1.50E-31
5.93688,1.43E-31
5.93283,1.35E-31
5.92877,1.27E-31
5.92472,1.19E-31
5.92067,1.10E-31
5.91662,1.02E-31
5.91256,9.29E-32
5.90851,8.39E-32
5.90445,7.48E-32
5.90039,6.56E-32
5.89634,5.63E-32
5.89228,4.70E-32
5.88822,3.77E-32
5.88416,2.84E-32
5.8801,1.91E-32
5.87604,9.90E-33
5.87198,8.09E-34
5.86792,-8.14E-33
5.86386,-1.69E-32
5.85979,-2.55E-32
5.85573,-3.38E-32
5.85166,-4.18E-32
5.8476,-4.95E-32
5.84353,-5.68E-32
5.83946,-6.38E-32
5.8354,-7.02E-32
5.83133,-7.62E-32
5.82726,-8.16E-32
5.82319,-8.77E-32
5.81912,-9.69E-32
5.81505,-1.06E-31
5.81097,-1.15E-31
5.8069,-1.24E-31
5.80283,-1.32E-31
5.79875,-1.40E-31
5.79468,-1.48E-31
5.7906,-1.56E-31
5.78653,-1.63E-31
5.78245,-1.70E-31
5.77837,-1.77E-31
5.77429,-1.83E-31
5.77021,-1.89E-31
5.76613,-1.95E-31
5.76205,-2.00E-31
5.75797,-2.04E-31
5.75389,-2.08E-31
5.74981,-2.11E-31
5.74572,-2.14E-31
5.74164,-2.16E-31
5.73755,-2.18E-31
5.73347,-2.19E-31
5.72938,-2.19E-31
5.72529,-2.19E-31
5.72121,-2.17E-31
5.71712,-2.15E-31
5.71303,-2.12E-31
5.70894,-2.08E-31
5.70485,-2.04E-31
5.70076,-1.98E-31
5.69666,-1.91E-31
5.69257,-1.84E-31
5.68848,-1.75E-31
5.68438,-1.65E-31
5.68029,-1.55E-31
5.67619,-1.43E-31
5.67209,-1.34E-31
5.668,-1.30E-31
5.6639,-1.24E-31
5.6598,-1.19E-31
5.6557,-1.13E-31
5.6516,-1.07E-31
5.6475,-1.01E-31
5.6434,-9.45E-32
5.6393,-8.79E-32
5.63519,-8.12E-32
5.63109,-7.43E-32
5.62698,-6.72E-32
5.62288,-6.01E-32
5.61877,-5.28E-32
5.61467,-4.54E-32
5.61056,-3.80E-32
5.60645,-3.06E-32
5.60234,-2.31E-32
5.59823,-1.57E-32
5.59412,-8.27E-33
5.59001,-9.08E-34
5.5859,6.37E-33
5.58179,1.35E-32
5.57768,2.06E-32
5.57356,2.74E-32
5.56945,3.41E-32
5.56533,4.05E-32
5.56122,4.67E-32
5.5571,5.26E-32
5.55298,5.82E-32
5.54886,6.34E-32
5.54474,6.82E-32
5.54062,7.27E-32
5.5365,7.66E-32
5.53238,8.01E-32
5.52826,8.30E-32
5.52414,8.53E-32
5.52002,9.12E-32
5.51589,9.74E-32
5.51177,1.04E-31
5.50764,1.09E-31
5.50352,1.15E-31
5.49939,1.21E-31
5.49526,1.26E-31
5.49113,1.31E-31
5.487,1.36E-31
5.48287,1.40E-31
5.47874,1.45E-31
5.47461,1.49E-31
5.47048,1.52E-31
5.46635,1.55E-31
5.46222,1.58E-31
5.45808,1.61E-31
5.45395,1.63E-31
5.44981,1.65E-31
5.44567,1.66E-31
5.44154,1.67E-31
5.4374,1.67E-31
5.43326,1.67E-31
5.42912,1.66E-31
5.42498,1.65E-31
5.42084,1.63E-31
5.4167,1.61E-31
5.41256,1.58E-31
5.40842,1.55E-31
5.40427,1.50E-31
5.40013,1.46E-31
5.39598,1.40E-31
5.39184,1.34E-31
5.38769,1.27E-31
5.38354,1.19E-31
5.3794,1.11E-31
5.37525,1.02E-31
5.3711,9.28E-32
5.36695,8.82E-32
5.3628,8.34E-32
5.35865,7.84E-32
5.3545,7.32E-32
5.35034,6.79E-32
5.34619,6.25E-32
5.34203,5.69E-32
5.33788,5.12E-32
5.33372,4.54E-32
5.32957,3.95E-32
5.32541,3.35E-32
5.32125,2.75E-32
5.31709,2.14E-32
5.31293,1.54E-32
5.30877,9.27E-33
5.30461,3.20E-33
5.30045,-2.84E-33
5.29629,-8.82E-33
5.29213,-1.47E-32
5.28796,-2.05E-32
5.2838,-2.62E-32
5.27963,-3.18E-32
5.27547,-3.72E-32
5.2713,-4.24E-32
5.26713,-4.74E-32
5.26297,-5.21E-32
5.2588,-5.66E-32
5.25463,-6.08E-32
5.25046,-6.47E-32
5.24629,-6.82E-32
5.24211,-7.14E-32
5.23794,-7.42E-32
5.23377,-7.65E-32
5.22959,-7.84E-32
5.22542,-7.97E-32
5.22124,-8.06E-32
5.21707,-8.29E-32
5.21289,-8.72E-32
5.20871,-9.13E-32
5.20454,-9.53E-32
5.20036,-9.91E-32
5.19618,-1.03E-31
5.192,-1.06E-31
5.18782,-1.09E-31
5.18363,-1.12E-31
5.17945,-1.15E-31
5.17527,-1.18E-31
5.17108,-1.20E-31
5.1669,-1.22E-31
5.16271,-1.24E-31
5.15853,-1.25E-31
5.15434,-1.27E-31
5.15015,-1.28E-31
5.14596,-1.28E-31
5.14178,-1.28E-31
5.13759,-1.28E-31
5.13339,-1.28E-31
5.1292,-1.27E-31
5.12501,-1.26E-31
5.12082,-1.25E-31
5.11663,-1.23E-31
5.11243,-1.20E-31
5.10824,-1.18E-31
5.10404,-1.14E-31
5.09984,-1.11E-31
5.09565,-1.07E-31
5.09145,-1.02E-31
5.08725,-9.70E-32
5.08305,-9.14E-32
5.07885,-8.53E-32
5.07465,-7.87E-32
5.07045,-7.16E-32
5.06625,-6.39E-32
5.06204,-5.89E-32
5.05784,-5.46E-32
5.05364,-5.02E-32
5.04943,-4.57E-32
5.04522,-4.10E-32
5.04102,-3.63E-32
5.03681,-3.15E-32
5.0326,-2.66E-32
5.02839,-2.16E-32
5.02418,-1.66E-32
5.01997,-1.16E-32
5.01576,-6.58E-33
5.01155,-1.54E-33
5.00734,3.48E-33
5.00312,8.48E-33
4.99891,1.34E-32
4.9947,1.83E-32
4.99048,2.31E-32
4.98626,2.79E-32
4.98205,3.25E-32
4.97783,3.70E-32
4.97361,4.13E-32
4.96939,4.54E-32
4.96517,4.94E-32
4.96095,5.32E-32
4.95673,5.67E-32
4.95251,6.00E-32
4.94829,6.30E-32
4.94406,6.57E-32
4.93984,6.81E-32
4.93561,7.01E-32
4.93139,7.18E-32
4.92716,7.31E-32
4.92294,7.39E-32
4.91871,7.43E-32
4.91448,7.43E-32
4.91025,7.41E-32
4.90602,7.70E-32
4.90179,7.97E-32
4.89756,8.23E-32
4.89333,8.47E-32
4.88909,8.70E-32
4.88486,8.91E-32
4.88062,9.11E-32
4.87639,9.29E-32
4.87215,9.45E-32
4.86792,9.59E-32
4.86368,9.72E-32
4.85944,9.82E-32
4.8552,9.90E-32
4.85096,9.96E-32
4.84672,1.00E-31
4.84248,1.00E-31
4.83824,1.00E-31
4.834,9.97E-32
4.82975,9.91E-32
4.82551,9.82E-32
4.82127,9.71E-32
4.81702,9.57E-32
4.81277,9.40E-32
4.80853,9.21E-32
4.80428,8.98E-32
4.80003,8.73E-32
4.79578,8.44E-32
4.79153,8.12E-32
4.78728,7.77E-32
4.78303,7.38E-32
4.77878,6.96E-32
4.77453,6.51E-32
4.77027,6.02E-32
4.76602,5.50E-32
4.76176,4.94E-32
4.75751,4.34E-32
4.75325,3.81E-32
4.74899,3.43E-32
4.74473,3.04E-32
4.74048,2.65E-32
4.73622,2.24E-32
4.73196,1.84E-32
4.7277,1.42E-32
4.72343,1.01E-32
4.71917,5.86E-33
4.71491,1.65E-33
4.71065,-2.57E-33
4.70638,-6.77E-33
4.70212,-1.10E-32
4.69785,-1.51E-32
4.69358,-1.92E-32
4.68931,-2.33E-32
4.68505,-2.72E-32
4.68078,-3.11E-32
4.67651,-3.49E-32
4.67224,-3.86E-32
4.66797,-4.21E-32
4.66369,-4.55E-32
4.65942,-4.87E-32
4.65515,-5.18E-32
4.65087,-5.46E-32
4.6466,-5.73E-32
4.64232,-5.96E-32
4.63805,-6.18E-32
4.63377,-6.37E-32
4.62949,-6.52E-32
4.62521,-6.65E-32
4.62093,-6.74E-32
4.61665,-6.80E-32
4.61237,-6.82E-32
4.60809,-6.81E-32
4.60381,-6.75E-32
4.59953,-6.65E-32
4.59524,-6.74E-32
4.59096,-6.92E-32
4.58667,-7.08E-32
4.58239,-7.23E-32
4.5781,-7.36E-32
4.57381,-7.49E-32
4.56952,-7.59E-32
4.56524,-7.69E-32
4.56095,-7.77E-32
4.55666,-7.83E-32
4.55236,-7.88E-32
4.54807,-7.91E-32
4.54378,-7.93E-32
4.53949,-7.93E-32
4.53519,-7.91E-32
4.5309,-7.87E-32
4.5266,-7.82E-32
4.52231,-7.74E-32
4.51801,-7.65E-32
4.51371,-7.54E-32
4.50941,-7.41E-32
4.50511,-7.26E-32
4.50081,-7.09E-32
4.49651,-6.89E-32
4.49221,-6.68E-32
4.48791,-6.44E-32
4.48361,-6.18E-32
4.4793,-5.90E-32
4.475,-5.60E-32
4.47069,-5.27E-32
4.46639,-4.92E-32
4.46208,-4.55E-32
4.45777,-4.15E-32
4.45346,-3.73E-32
4.44915,-3.29E-32
4.44484,-2.82E-32
4.44053,-2.33E-32
4.43622,-1.99E-32
4.43191,-1.65E-32
4.4276,-1.31E-32
4.42328,-9.59E-33
4.41897,-6.07E-33
4.41466,-2.53E-33
4.41034,1.02E-33
4.40602,4.58E-33
4.40171,8.14E-33
4.39739,1.17E-32
4.39307,1.52E-32
4.38875,1.87E-32
4.38443,2.21E-32
4.38011,2.55E-32
4.37579,2.88E-32
4.37147,3.21E-32
4.36714,3.52E-32
4.36282,3.83E-32
4.35849,4.12E-32
4.35417,4.40E-32
4.34984,4.67E-32
4.34552,4.92E-32
4.34119,5.15E-32
4.33686,5.37E-32
4.33253,5.56E-32
4.3282,5.74E-32
4.32387,5.89E-32
4.31954,6.02E-32
4.31521,6.12E-32
4.31087,6.19E-32
4.30654,6.24E-32
4.30221,6.25E-32
4.29787,6.23E-32
4.29354,6.18E-32
4.2892,6.09E-32
4.28486,5.96E-32
4.28052,5.89E-32
4.27618,6.00E-32
4.27185,6.09E-32
4.2675,6.17E-32
4.26316,6.24E-32
4.25882,6.30E-32
4.25448,6.35E-32
4.25014,6.38E-32
4.24579,6.41E-32
4.24145,6.42E-32
4.2371,6.41E-32
4.23276,6.40E-32
4.22841,6.37E-32
4.22406,6.33E-32
4.21971,6.27E-32
4.21536,6.21E-32
4.21101,6.12E-32
4.20666,6.02E-32
4.20231,5.91E-32
4.19796,5.79E-32
4.19361,5.65E-32
4.18925,5.49E-32
4.1849,5.32E-32
4.18054,5.13E-32
4.17619,4.93E-32
4.17183,4.72E-32
4.16747,4.48E-32
4.16311,4.24E-32
4.15875,3.97E-32
4.15439,3.69E-32
4.15003,3.40E-32
4.14567,3.09E-32
4.14131,2.76E-32
4.13695,2.42E-32
4.13258,2.06E-32
4.12822,1.68E-32
4.12385,1.29E-32
4.11949,9.60E-33
4.11512,6.64E-33
4.11075,3.65E-33
4.10639,6.36E-34
4.10202,-2.39E-33
4.09765,-5.43E-33
4.09328,-8.47E-33
4.08891,-1.15E-32
4.08453,-1.45E-32
4.08016,-1.75E-32
4.07579,-2.05E-32
4.07141,-2.34E-32
4.06704,-2.62E-32
4.06266,-2.90E-32
4.05829,-3.18E-32
4.05391,-3.44E-32
4.04953,-3.70E-32
4.04515,-3.95E-32
4.04077,-4.18E-32
4.03639,-4.41E-32
4.03201,-4.62E-32
4.02763,-4.81E-32
4.02325,-4.99E-32
4.01887,-5.16E-32
4.01448,-5.30E-32
4.0101,-5.43E-32
4.00571,-5.53E-32
4.00133,-5.62E-32
3.99694,-5.68E-32
3.99255,-5.71E-32
3.98816,-5.73E-32
3.98377,-5.71E-32
3.97938,-5.66E-32
3.97499,-5.59E-32
3.9706,-5.48E-32
3.96621,-5.34E-32
3.96182,-5.17E-32
3.95742,-5.21E-32
3.95303,-5.25E-32
3.94863,-5.29E-32
3.94424,-5.31E-32
3.93984,-5.33E-32
3.93544,-5.33E-32
3.93104,-5.32E-32
3.92664,-5.31E-32
3.92224,-5.28E-32
3.91784,-5.24E-32
3.91344,-5.20E-32
3.90904,-5.14E-32
3.90464,-5.07E-32
3.90023,-4.99E-32
3.89583,-4.90E-32
3.89142,-4.80E-32
3.88702,-4.69E-32
3.88261,-4.57E-32
3.8782,-4.43E-32
3.8738,-4.29E-32
3.86939,-4.13E-32
3.86498,-3.97E-32
3.86057,-3.79E-32
3.85616,-3.60E-32
3.85174,-3.40E-32
3.84733,-3.19E-32
3.84292,-2.97E-32
3.8385,-2.74E-32
3.83409,-2.50E-32
3.82967,-2.25E-32
3.82526,-1.98E-32
3.82084,-1.71E-32
3.81642,-1.43E-32
3.812,-1.14E-32
3.80758,-8.33E-33
3.80316,-5.20E-33
3.79874,-2.30E-33
3.79432,-2.36E-34
3.7899,1.84E-33
3.78547,3.92E-33
3.78105,6.01E-33
3.77662,8.10E-33
3.7722,1.02E-32
3.76777,1.23E-32
3.76334,1.44E-32
3.75892,1.64E-32
3.75449,1.85E-32
3.75006,2.06E-32
3.74563,2.26E-32
3.7412,2.46E-32
3.73676,2.66E-32
3.73233,2.86E-32
3.7279,3.06E-32
3.72346,3.25E-32
3.71903,3.44E-32
3.71459,3.63E-32
3.71016,3.81E-32
3.70572,3.99E-32
3.70128,4.17E-32
3.69684,4.34E-32
3.6924,4.51E-32
3.68796,4.67E-32
3.68352,4.83E-32
3.67908,4.99E-32
3.67464,5.13E-32
3.6702,5.28E-32
3.66575,5.41E-32
3.66131,5.54E-32
3.65686,5.66E-32
3.65241,5.78E-32
3.64797,5.89E-32
3.64352,5.99E-32
3.63907,6.09E-32
3.63462,6.18E-32
3.63017,6.26E-32
3.62572,6.33E-32
3.62127,6.39E-32
3.61682,6.44E-32
3.61236,6.49E-32
3.60791,6.53E-32
3.60345,6.55E-32
3.599,6.57E-32
3.59454,6.57E-32
3.59008,6.57E-32
3.58563,6.56E-32
3.58117,6.53E-32
3.57671,6.49E-32
3.57225,6.45E-32
3.56779,6.39E-32
3.56332,6.32E-32
3.55886,6.23E-32
3.5544,6.14E-32
3.54993,6.03E-32
3.54547,5.91E-32
3.541,5.77E-32
3.53654,5.75E-32
3.53207,5.77E-32
3.5276,5.78E-32
3.52313,5.79E-32
3.51866,5.80E-32
3.51419,5.80E-32
3.50972,5.80E-32
3.50525,5.80E-32
3.50078,5.79E-32
3.4963,5.78E-32
3.49183,5.76E-32
3.48736,5.74E-32
3.48288,5.72E-32
3.4784,5.69E-32
3.47393,5.65E-32
3.46945,5.62E-32
3.46497,5.58E-32
3.46049,5.53E-32
3.45601,5.48E-32
3.45153,5.43E-32
3.44705,5.37E-32
3.44256,5.30E-32
3.43808,5.24E-32
3.4336,5.16E-32
3.42911,5.09E-32
3.42463,5.01E-32
3.42014,4.92E-32
3.41565,4.83E-32
3.41116,4.73E-32
3.40667,4.63E-32
3.40219,4.53E-32
3.39769,4.42E-32
3.3932,4.31E-32
3.38871,4.19E-32
3.38422,4.06E-32
3.37973,3.93E-32
3.37523,3.80E-32
3.37074,3.66E-32
3.36624,3.52E-32
3.36174,3.37E-32
3.35725,3.22E-32
3.35275,3.06E-32
3.34825,2.90E-32
3.34375,2.73E-32
3.33925,2.56E-32
3.33475,2.38E-32
3.33024,2.20E-32
3.32574,2.01E-32
3.32124,1.81E-32
3.31673,1.62E-32
3.31223,1.41E-32
3.30772,1.20E-32
3.30322,9.89E-33
3.29871,7.70E-33
3.2942,5.45E-33
3.28969,3.16E-33
3.28518,8.05E-34
3.28067,-1.60E-33
3.27616,-3.90E-33
3.27165,-5.35E-33
3.26713,-6.80E-33
3.26262,-8.24E-33
3.2581,-9.67E-33
3.25359,-1.11E-32
3.24907,-1.25E-32
3.24456,-1.39E-32
3.24004,-1.53E-32
3.23552,-1.66E-32
3.231,-1.80E-32
3.22648,-1.93E-32
3.22196,-2.07E-32
3.21744,-2.20E-32
3.21292,-2.32E-32
3.20839,-2.45E-32
3.20387,-2.57E-32
3.19934,-2.69E-32
3.19482,-2.81E-32
3.19029,-2.93E-32
3.18576,-3.04E-32
3.18124,-3.15E-32
3.17671,-3.26E-32
3.17218,-3.37E-32
3.16765,-3.47E-32
3.16312,-3.57E-32
3.15859,-3.66E-32
3.15405,-3.75E-32
3.14952,-3.84E-32
3.14499,-3.92E-32
3.14045,-4.00E-32
3.13591,-4.08E-32
3.13138,-4.15E-32
3.12684,-4.22E-32
3.1223,-4.28E-32
3.11776,-4.34E-32
3.11322,-4.39E-32
3.10868,-4.44E-32
3.10414,-4.49E-32
3.0996,-4.52E-32
3.09506,-4.56E-32
3.09051,-4.59E-32
3.08597,-4.61E-32
3.08142,-4.63E-32
3.07688,-4.64E-32
3.07233,-4.64E-32
3.06778,-4.64E-32
3.06323,-4.64E-32
3.05869,-4.63E-32
3.05414,-4.61E-32
3.04958,-4.58E-32
3.04503,-4.55E-32
3.04048,-4.51E-32
3.03593,-4.47E-32
3.03137,-4.42E-32
3.02682,-4.36E-32
3.02226,-4.29E-32
3.01771,-4.22E-32
3.01315,-4.14E-32
3.00859,-4.10E-32
3.00403,-4.10E-32
2.99947,-4.10E-32
2.99491,-4.10E-32
2.99035,-4.09E-32
2.98579,-4.08E-32
2.98123,-4.07E-32
2.97666,-4.05E-32
2.9721,-4.04E-32
2.96754,-4.02E-32
2.96297,-3.99E-32
2.9584,-3.97E-32
2.95384,-3.94E-32
2.94927,-3.91E-32
2.9447,-3.88E-32
2.94013,-3.84E-32
2.93556,-3.81E-32
2.93099,-3.77E-32
2.92641,-3.72E-32
2.92184,-3.68E-32
2.91727,-3.63E-32
2.91269,-3.58E-32
2.90812,-3.53E-32
2.90354,-3.47E-32
2.89896,-3.41E-32
2.89439,-3.35E-32
2.88981,-3.29E-32
2.88523,-3.22E-32
2.88065,-3.15E-32
2.87607,-3.08E-32
2.87149,-3.01E-32
2.8669,-2.93E-32
2.86232,-2.85E-32
2.85774,-2.77E-32
2.85315,-2.69E-32
2.84857,-2.60E-32
2.84398,-2.51E-32
2.83939,-2.42E-32
2.8348,-2.32E-32
2.83021,-2.22E-32
2.82562,-2.12E-32
2.82103,-2.02E-32
2.81644,-1.92E-32
2.81185,-1.81E-32
2.80726,-1.70E-32
2.80266,-1.58E-32
2.79807,-1.47E-32
2.79347,-1.35E-32
2.78888,-1.23E-32
2.78428,-1.11E-32
2.77968,-9.79E-33
2.77508,-8.50E-33
2.77049,-7.19E-33
2.76589,-5.85E-33
2.76128,-4.49E-33
2.75668,-3.10E-33
2.75208,-1.68E-33
2.74748,-2.45E-34
2.74287,1.20E-33
2.73827,2.10E-33
2.73366,2.99E-33
2.72905,3.88E-33
2.72445,4.77E-33
2.71984,5.65E-33
2.71523,6.54E-33
2.71062,7.42E-33
2.70601,8.30E-33
2.7014,9.18E-33
2.69679,1.01E-32
2.69217,1.09E-32
2.68756,1.18E-32
2.68295,1.27E-32
2.67833,1.35E-32
2.67371,1.44E-32
2.6691,1.52E-32
2.66448,1.61E-32
2.65986,1.69E-32
2.65524,1.77E-32
2.65062,1.86E-32
2.646,1.94E-32
2.64138,2.02E-32
2.63675,2.10E-32
2.63213,2.18E-32
2.62751,2.26E-32
2.62288,2.34E-32
2.61826,2.42E-32
2.61363,2.50E-32
2.609,2.58E-32
2.60437,2.65E-32
2.59974,2.73E-32
2.59511,2.80E-32
2.59048,2.88E-32
2.58585,2.95E-32
2.58122,3.02E-32
2.57659,3.09E-32
2.57195,3.16E-32
2.56732,3.23E-32
2.56268,3.30E-32
2.55805,3.37E-32
2.55341,3.44E-32
2.54877,3.50E-32
2.54413,3.57E-32
2.53949,3.63E-32
2.53485,3.69E-32
2.53021,3.75E-32
2.52557,3.81E-32
2.52092,3.87E-32
2.51628,3.93E-32
2.51164,3.99E-32
2.50699,4.04E-32
2.50234,4.10E-32
2.4977,4.15E-32
2.49305,4.21E-32
2.4884,4.26E-32
2.48375,4.31E-32
2.4791,4.36E-32
2.47445,4.40E-32
2.4698,4.45E-32
2.46515,4.49E-32
2.46049,4.54E-32
2.45584,4.58E-32
2.45118,4.62E-32
2.44653,4.66E-32
2.44187,4.70E-32
2.43721,4.74E-32
2.43255,4.77E-32
2.42789,4.81E-32
2.42323,4.84E-32
2.41857,4.87E-32
2.41391,4.90E-32
2.40925,4.93E-32
2.40459,4.96E-32
2.39992,4.98E-32
2.39526,5.01E-32
2.39059,5.03E-32
2.38592,5.05E-32
2.38126,5.07E-32
2.37659,5.09E-32
2.37192,5.11E-32
2.36725,5.12E-32
2.36258,5.14E-32
2.35791,5.15E-32
2.35324,5.16E-32
2.34856,5.17E-32
2.34389,5.18E-32
2.33921,5.18E-32
2.33454,5.19E-32
2.32986,5.19E-32
2.32518,5.19E-32
2.32051,5.19E-32
2.31583,5.19E-32
2.31115,5.19E-32
2.30647,5.18E-32
2.30179,5.17E-32
2.2971,5.17E-32
2.29242,5.16E-32
2.28774,5.14E-32
2.28305,5.13E-32
2.27837,5.11E-32
2.27368,5.10E-32
2.26899,5.08E-32
2.26431,5.06E-32
2.25962,5.04E-32
2.25493,5.01E-32
2.25024,4.99E-32
2.24554,4.96E-32
2.24085,4.93E-32
2.23616,4.90E-32
2.23147,4.87E-32
2.22677,4.84E-32
2.22208,4.80E-32
2.21738,4.76E-32
2.21268,4.72E-32
2.20799,4.69E-32
2.20329,4.69E-32
2.19859,4.68E-32
2.19389,4.68E-32
2.18919,4.67E-32
2.18448,4.66E-32
2.17978,4.65E-32
2.17508,4.65E-32
2.17037,4.64E-32
2.16567,4.63E-32
2.16096,4.62E-32
2.15625,4.60E-32
2.15155,4.59E-32
2.14684,4.58E-32
2.14213,4.57E-32
2.13742,4.55E-32
2.13271,4.54E-32
2.12799,4.52E-32
2.12328,4.50E-32
2.11857,4.49E-32
2.11385,4.47E-32
2.10914,4.45E-32
2.10442,4.43E-32
2.09971,4.41E-32
2.09499,4.39E-32
2.09027,4.37E-32
2.08555,4.35E-32
2.08083,4.33E-32
2.07611,4.31E-32
2.07139,4.28E-32
2.06666,4.26E-32
2.06194,4.23E-32
2.05722,4.21E-32
2.05249,4.18E-32
2.04776,4.16E-32
2.04304,4.13E-32
2.03831,4.10E-32
2.03358,4.08E-32
2.02885,4.05E-32
2.02412,4.02E-32
2.01939,3.99E-32
2.01466,3.96E-32
2.00992,3.93E-32
2.00519,3.90E-32
2.00046,3.86E-32
1.99572,3.83E-32
1.99099,3.80E-32
1.98625,3.76E-32
1.98151,3.73E-32
1.97677,3.70E-32
1.97203,3.66E-32
1.96729,3.63E-32
1.96255,3.59E-32
1.95781,3.55E-32
1.95307,3.52E-32
1.94832,3.48E-32
1.94358,3.44E-32
1.93883,3.40E-32
1.93409,3.37E-32
1.92934,3.33E-32
1.92459,3.29E-32
1.91984,3.25E-32
1.91509,3.21E-32
1.91034,3.17E-32
1.90559,3.13E-32
1.90084,3.08E-32
1.89609,3.04E-32
1.89133,3.00E-32
1.88658,2.96E-32
1.88182,2.91E-32
1.87707,2.87E-32
1.87231,2.83E-32
1.86755,2.78E-32
1.86279,2.74E-32
1.85803,2.69E-32
1.85327,2.65E-32
1.84851,2.60E-32
1.84375,2.56E-32
1.83898,2.51E-32
1.83422,2.46E-32
1.82946,2.42E-32
1.82469,2.37E-32
1.81992,2.32E-32
1.81516,2.27E-32
1.81039,2.23E-32
1.80562,2.18E-32
1.80085,2.13E-32
1.79608,2.08E-32
1.79131,2.03E-32
1.78654,1.98E-32
1.78176,1.93E-32
1.77699,1.88E-32
1.77221,1.83E-32
1.76744,1.78E-32
1.76266,1.73E-32
1.75788,1.68E-32
1.7531,1.63E-32
1.74833,1.58E-32
1.74355,1.53E-32
1.73876,1.48E-32
1.73398,1.43E-32
1.7292,1.37E-32
1.72442,1.32E-32
1.71963,1.27E-32
1.71485,1.22E-32
1.71006,1.17E-32
1.70528,1.11E-32
1.70049,1.06E-32
1.6957,1.01E-32
1.69091,9.56E-33
1.68612,9.03E-33
1.68133,8.50E-33
1.67654,7.97E-33
1.67174,7.44E-33
1.66695,6.90E-33
1.66216,6.41E-33
1.65736,5.98E-33
1.65256,5.55E-33
1.64777,5.13E-33
1.64297,4.70E-33
1.63817,4.28E-33
1.63337,3.86E-33
1.62857,3.45E-33
1.62377,3.03E-33
1.61897,2.62E-33
1.61416,2.21E-33
1.60936,1.80E-33
1.60455,1.40E-33
1.59975,1.00E-33
1.59494,6.03E-34
1.59014,2.09E-34
1.58533,-1.82E-34
1.58052,-5.70E-34
1.57571,-9.54E-34
1.5709,-1.33E-33
1.56609,-1.71E-33
1.56127,-2.09E-33
1.55646,-2.45E-33
1.55165,-2.82E-33
1.54683,-3.18E-33
1.54201,-3.54E-33
1.5372,-3.90E-33
1.53238,-4.25E-33
1.52756,-4.59E-33
1.52274,-4.93E-33
1.51792,-5.27E-33
1.5131,-5.60E-33
1.50828,-5.93E-33
1.50346,-6.25E-33
1.49863,-6.57E-33
1.49381,-6.89E-33
1.48898,-7.20E-33
1.48416,-7.50E-33
1.47933,-7.80E-33
1.4745,-8.10E-33
1.46967,-8.38E-33
1.46484,-8.67E-33
1.46001,-8.95E-33
1.45518,-9.22E-33
1.45035,-9.49E-33
1.44552,-9.75E-33
1.44068,-1.00E-32
1.43585,-1.03E-32
1.43101,-1.05E-32
1.42617,-1.07E-32
1.42134,-1.10E-32
1.4165,-1.12E-32
1.41166,-1.14E-32
1.40682,-1.16E-32
1.40198,-1.19E-32
1.39714,-1.21E-32
1.39229,-1.23E-32
1.38745,-1.24E-32
1.38261,-1.26E-32
1.37776,-1.28E-32
1.37291,-1.30E-32
1.36807,-1.31E-32
1.36322,-1.33E-32
1.35837,-1.35E-32
1.35352,-1.36E-32
1.34867,-1.37E-32
1.34382,-1.39E-32
1.33897,-1.40E-32
1.33411,-1.41E-32
1.32926,-1.42E-32
1.32441,-1.43E-32
1.31955,-1.44E-32
1.31469,-1.45E-32
1.30984,-1.46E-32
1.30498,-1.47E-32
1.30012,-1.47E-32
1.29526,-1.48E-32
1.2904,-1.48E-32
1.28553,-1.49E-32
1.28067,-1.49E-32
1.27581,-1.49E-32
1.27094,-1.50E-32
1.26608,-1.50E-32
1.26121,-1.50E-32
1.25635,-1.50E-32
1.25148,-1.50E-32
1.24661,-1.49E-32
1.24174,-1.49E-32
1.23687,-1.49E-32
1.232,-1.48E-32
1.22712,-1.48E-32
1.22225,-1.47E-32
1.21738,-1.46E-32
1.2125,-1.46E-32
1.20763,-1.45E-32
1.20275,-1.44E-32
1.19787,-1.43E-32
1.19299,-1.41E-32
1.18811,-1.40E-32
1.18323,-1.39E-32
1.17835,-1.37E-32
1.17347,-1.36E-32
1.16859,-1.34E-32
1.1637,-1.33E-32
1.15882,-1.31E-32
1.15393,-1.29E-32
1.14905,-1.27E-32
1.14416,-1.25E-32
1.13927,-1.23E-32
1.13438,-1.21E-32
1.12949,-1.18E-32
1.1246,-1.16E-32
1.11971,-1.13E-32
1.11482,-1.11E-32
1.10993,-1.08E-32
1.10503,-1.07E-32
1.10014,-1.06E-32
1.09524,-1.06E-32
1.09034,-1.06E-32
1.08544,-1.05E-32
1.08055,-1.05E-32
1.07565,-1.04E-32
1.07075,-1.04E-32
1.06584,-1.03E-32
1.06094,-1.03E-32
1.05604,-1.02E-32
1.05113,-1.02E-32
1.04623,-1.01E-32
1.04132,-1.00E-32
1.03642,-9.94E-33
1.03151,-9.87E-33
1.0266,-9.79E-33
1.02169,-9.71E-33
1.01678,-9.62E-33
1.01187,-9.54E-33
1.00696,-9.45E-33
1.00205,-9.35E-33
0.997132,-9.26E-33
0.992217,-9.16E-33
0.987302,-9.05E-33
0.982385,-8.95E-33
0.977468,-8.84E-33
0.97255,-8.73E-33
0.96763,-8.62E-33
0.96271,-8.50E-33
0.957789,-8.38E-33
0.952868,-8.26E-33
0.947945,-8.13E-33
0.943021,-8.01E-33
0.938097,-7.88E-33
0.933171,-7.74E-33
0.928245,-7.61E-33
0.923318,-7.47E-33
0.91839,-7.32E-33
0.913461,-7.18E-33
0.908531,-7.03E-33
0.9036,-6.88E-33
0.898669,-6.73E-33
0.893736,-6.57E-33
0.888803,-6.41E-33
0.883869,-6.25E-33
0.878933,-6.09E-33
0.873997,-5.92E-33
0.86906,-5.75E-33
0.864122,-5.58E-33
0.859184,-5.41E-33
0.854244,-5.23E-33
0.849303,-5.05E-33
0.844362,-4.87E-33
0.839419,-4.68E-33
0.834476,-4.49E-33
0.829532,-4.30E-33
0.824587,-4.11E-33
0.819641,-3.91E-33
0.814694,-3.72E-33
0.809746,-3.52E-33
0.804798,-3.31E-33
0.799848,-3.11E-33
0.794897,-2.90E-33
0.789946,-2.69E-33
0.784994,-2.47E-33
0.780041,-2.26E-33
0.775087,-2.04E-33
0.770132,-1.82E-33
0.765176,-1.60E-33
0.760219,-1.37E-33
0.755261,-1.14E-33
0.750303,-9.14E-34
0.745343,-6.82E-34
0.740383,-4.47E-34
0.735422,-2.09E-34
0.730459,3.02E-35
0.725496,2.72E-34
0.720532,5.16E-34
0.715567,7.63E-34
0.710602,1.01E-33
0.705635,1.26E-33
0.700667,1.52E-33
0.695699,1.77E-33
0.690729,2.03E-33
0.685759,2.29E-33
0.680788,2.55E-33
0.675815,2.82E-33
0.670842,3.08E-33
0.665868,3.35E-33
0.660894,3.62E-33
0.655918,3.90E-33
0.650941,4.17E-33
0.645964,4.45E-33
0.640985,4.73E-33
0.636006,5.01E-33
0.631025,5.30E-33
0.626044,5.58E-33
0.621062,5.87E-33
0.616079,6.16E-33
0.611095,6.45E-33
0.60611,6.75E-33
0.601124,7.04E-33
0.596138,7.34E-33
0.59115,7.64E-33
0.586161,7.94E-33
0.581172,8.25E-33
0.576182,8.55E-33
0.57119,8.86E-33
0.566198,9.17E-33
0.561205,9.48E-33
0.556211,9.80E-33
0.551216,1.01E-32
0.546221,1.04E-32
0.541224,1.07E-32
0.536226,1.10E-32
0.531228,1.11E-32
0.526228,1.13E-32
0.521228,1.15E-32
0.516226,1.17E-32
0.511224,1.19E-32
0.506221,1.21E-32
0.501217,1.22E-32
0.496212,1.24E-32
0.491206,1.26E-32
0.486199,1.28E-32
0.481192,1.29E-32
0.476183,1.31E-32
0.471173,1.33E-32
0.466163,1.34E-32
0.461152,1.36E-32
0.456139,1.37E-32
0.451126,1.39E-32
0.446112,1.40E-32
0.441097,1.42E-32
0.436081,1.43E-32
0.431064,1.45E-32
0.426046,1.46E-32
0.421027,1.48E-32
0.416008,1.49E-32
0.410987,1.51E-32
0.405966,1.52E-32
0.400943,1.53E-32
0.39592,1.54E-32
0.390896,1.56E-32
0.38587,1.57E-32
0.380844,1.58E-32
0.375817,1.59E-32
0.370789,1.60E-32
0.36576,1.62E-32
0.360731,1.63E-32
0.3557,1.64E-32
0.350668,1.65E-32
0.345635,1.66E-32
0.340602,1.67E-32
0.335568,1.68E-32
0.330532,1.69E-32
0.325496,1.69E-32
0.320459,1.70E-32
0.31542,1.71E-32
0.310381,1.72E-32
0.305341,1.73E-32
0.3003,1.73E-32
0.295259,1.74E-32
0.290216,1.75E-32
0.285172,1.75E-32
0.280127,1.76E-32
0.275082,1.76E-32
0.270035,1.77E-32
0.264988,1.77E-32
0.25994,1.78E-32
0.25489,1.78E-32
0.24984,1.78E-32
0.244789,1.79E-32
0.239737,1.79E-32
0.234684,1.79E-32
0.22963,1.80E-32
0.224575,1.80E-32
0.219519,1.80E-32
0.214462,1.80E-32
0.209405,1.80E-32
0.204346,1.80E-32
0.199286,1.80E-32
0.194226,1.80E-32
0.189165,1.80E-32
0.184102,1.80E-32
0.179039,1.79E-32
0.173975,1.79E-32
0.168909,1.79E-32
0.163843,1.79E-32
0.158776,1.78E-32
0.153708,1.78E-32
0.148639,1.77E-32
0.14357,1.77E-32
0.138499,1.76E-32
0.133427,1.76E-32
0.128354,1.75E-32
0.123281,1.75E-32
0.118206,1.74E-32
0.113131,1.73E-32
0.108054,1.72E-32
0.102977,1.72E-32
0.0978988,1.71E-32
0.0928196,1.70E-32
0.0877394,1.69E-32
0.0826583,1.68E-32
0.0775763,1.67E-32
0.0724933,1.66E-32
0.0674093,1.64E-32
0.0623245,1.63E-32
0.0572386,1.62E-32
0.0521519,1.61E-32
0.0470642,1.59E-32
0.0419755,1.58E-32
0.0368859,1.57E-32
0.0317954,1.55E-32
0.0267039,1.54E-32
0.0216115,1.52E-32
0.0165181,1.50E-32
0.0114238,1.49E-32
0.00632855,1.47E-32
0.00123235,1.45E-32
-0.0038648,1.43E-32
-0.00896289,1.41E-32
-0.0140619,1.39E-32
-0.0191619,1.37E-32
-0.0242629,1.35E-32
-0.0293647,1.33E-32
-0.0344676,1.31E-32
-0.0395713,1.29E-32
-0.0446761,1.28E-32
-0.0497817,1.28E-32
-0.0548883,1.27E-32
-0.0599959,1.26E-32
-0.0651044,1.26E-32
-0.0702139,1.25E-32
-0.0753243,1.24E-32
-0.0804357,1.23E-32
-0.085548,1.22E-32
-0.0906613,1.22E-32
-0.0957755,1.21E-32
-0.100891,1.20E-32
-0.106007,1.19E-32
-0.111124,1.18E-32
-0.116242,1.17E-32
-0.121361,1.17E-32
-0.126481,1.16E-32
-0.131602,1.15E-32
-0.136723,1.14E-32
-0.141846,1.13E-32
-0.14697,1.12E-32
-0.152095,1.11E-32
-0.15722,1.10E-32
-0.162347,1.09E-32
-0.167475,1.09E-32
-0.172603,1.08E-32
-0.177733,1.07E-32
-0.182863,1.06E-32
-0.187994,1.05E-32
-0.193127,1.04E-32
-0.19826,1.03E-32
-0.203394,1.02E-32
-0.208529,1.01E-32
-0.213666,9.97E-33
-0.218803,9.87E-33
-0.223941,9.77E-33
-0.22908,9.66E-33
-0.23422,9.56E-33
-0.239361,9.46E-33
-0.244503,9.35E-33
-0.249646,9.25E-33
-0.25479,9.14E-33
-0.259934,9.03E-33
-0.26508,8.92E-33
-0.270227,8.82E-33
-0.275375,8.71E-33
-0.280523,8.60E-33
-0.285673,8.49E-33
-0.290823,8.38E-33
-0.295975,8.27E-33
-0.301128,8.16E-33
-0.306281,8.04E-33
-0.311435,7.93E-33
-0.316591,7.82E-33
-0.321747,7.70E-33
-0.326905,7.59E-33
-0.332063,7.48E-33
-0.337222,7.36E-33
-0.342382,7.25E-33
-0.347544,7.13E-33
-0.352706,7.01E-33
-0.357869,6.90E-33
-0.363033,6.78E-33
-0.368198,6.66E-33
-0.373364,6.55E-33
-0.378531,6.43E-33
-0.383699,6.31E-33
-0.388868,6.19E-33
-0.394038,6.07E-33
-0.399209,5.95E-33
-0.404381,5.84E-33
-0.409553,5.72E-33
-0.414727,5.60E-33
-0.419902,5.48E-33
-0.425078,5.36E-33
-0.430254,5.24E-33
-0.435432,5.11E-33
-0.440611,4.99E-33
-0.44579,4.87E-33
-0.450971,4.75E-33
-0.456152,4.63E-33
-0.461335,4.51E-33
-0.466518,4.39E-33
-0.471703,4.27E-33
-0.476888,4.14E-33
-0.482075,4.02E-33
-0.487262,3.90E-33
-0.492451,3.78E-33
-0.49764,3.66E-33
-0.50283,3.54E-33
-0.508021,3.41E-33
-0.513214,3.29E-33
-0.518407,3.17E-33
-0.523601,3.05E-33
-0.528796,2.93E-33
-0.533993,2.80E-33
-0.53919,2.68E-33
-0.544388,2.56E-33
-0.549587,2.44E-33
-0.554787,2.32E-33
-0.559988,2.20E-33
-0.56519,2.07E-33
-0.570393,1.95E-33
-0.575597,1.83E-33
-0.580802,1.71E-33
-0.586008,1.59E-33
-0.591215,1.47E-33
-0.596423,1.35E-33
-0.601632,1.23E-33
-0.606842,1.11E-33
-0.612053,9.88E-34
-0.617265,8.68E-34
-0.622478,7.49E-34
-0.627692,6.30E-34
-0.632906,5.15E-34
-0.638122,4.16E-34
-0.643339,3.17E-34
-0.648557,2.18E-34
-0.653775,1.21E-34
-0.658995,2.44E-35
-0.664216,-7.14E-35
-0.669438,-1.66E-34
-0.67466,-2.60E-34
-0.679884,-3.53E-34
-0.685109,-4.46E-34
-0.690334,-5.37E-34
-0.695561,-6.28E-34
-0.700789,-7.17E-34
-0.706017,-8.06E-34
-0.711247,-8.93E-34
-0.716477,-9.80E-34
-0.721709,-1.07E-33
-0.726942,-1.15E-33
-0.732175,-1.23E-33
-0.73741,-1.32E-33
-0.742645,-1.40E-33
-0.747882,-1.48E-33
-0.753119,-1.56E-33
-0.758358,-1.64E-33
-0.763597,-1.71E-33
-0.768838,-1.79E-33
-0.774079,-1.86E-33
-0.779322,-1.94E-33
-0.784565,-2.01E-33
-0.78981,-2.08E-33
-0.795055,-2.15E-33
-0.800302,-2.22E-33
-0.805549,-2.29E-33
-0.810798,-2.36E-33
-0.816047,-2.42E-33
-0.821297,-2.49E-33
-0.826549,-2.55E-33
-0.831801,-2.61E-33
-0.837055,-2.67E-33
-0.842309,-2.73E-33
-0.847565,-2.79E-33
-0.852821,-2.85E-33
-0.858078,-2.90E-33
-0.863337,-2.95E-33
-0.868596,-3.01E-33
-0.873857,-3.06E-33
-0.879118,-3.11E-33
-0.88438,-3.16E-33
-0.889644,-3.20E-33
-0.894908,-3.25E-33
-0.900174,-3.29E-33
-0.90544,-3.34E-33
-0.910707,-3.38E-33
-0.915976,-3.42E-33
-0.921245,-3.45E-33
-0.926516,-3.49E-33
-0.931787,-3.53E-33
-0.937059,-3.56E-33
-0.942333,-3.59E-33
-0.947607,-3.62E-33
-0.952883,-3.65E-33
-0.958159,-3.68E-33
-0.963436,-3.71E-33
-0.968715,-3.73E-33
-0.973994,-3.75E-33
-0.979275,-3.78E-33
-0.984556,-3.80E-33
-0.989839,-3.81E-33
-0.995122,-3.83E-33
-1.00041,-3.85E-33
-1.00569,-3.86E-33
-1.01098,-3.87E-33
-1.01627,-3.88E-33
-1.02155,-3.89E-33
-1.02684,-3.90E-33
-1.03213,-3.90E-33
-1.03743,-3.90E-33
-1.04272,-3.91E-33
-1.04801,-3.91E-33
-1.05331,-3.90E-33
-1.0586,-3.90E-33
-1.0639,-3.90E-33
-1.0692,-3.89E-33
-1.07449,-3.88E-33
-1.07979,-3.87E-33
-1.0851,-3.86E-33
-1.0904,-3.84E-33
-1.0957,-3.83E-33
-1.101,-3.81E-33
-1.10631,-3.79E-33
-1.11161,-3.77E-33
-1.11692,-3.74E-33
-1.12223,-3.72E-33
-1.12754,-3.69E-33
-1.13285,-3.66E-33
-1.13816,-3.63E-33
-1.14347,-3.60E-33
-1.14878,-3.57E-33
-1.1541,-3.53E-33
-1.15941,-3.49E-33
-1.16473,-3.45E-33
-1.17004,-3.41E-33
-1.17536,-3.37E-33
-1.18068,-3.32E-33
-1.186,-3.27E-33
-1.19132,-3.22E-33
-1.19664,-3.17E-33
-1.20196,-3.12E-33
-1.20729,-3.06E-33
-1.21261,-3.00E-33
-1.21794,-2.94E-33
-1.22327,-2.88E-33
-1.22859,-2.82E-33
-1.23392,-2.75E-33
-1.23925,-2.71E-33
-1.24459,-2.69E-33
-1.24992,-2.67E-33
-1.25525,-2.65E-33
-1.26058,-2.63E-33
-1.26592,-2.61E-33
-1.27126,-2.58E-33
-1.27659,-2.56E-33
-1.28193,-2.54E-33
-1.28727,-2.51E-33
-1.29261,-2.49E-33
-1.29795,-2.46E-33
-1.30329,-2.43E-33
-1.30864,-2.41E-33
-1.31398,-2.38E-33
-1.31933,-2.35E-33
-1.32467,-2.32E-33
-1.33002,-2.29E-33
-1.33537,-2.26E-33
-1.34072,-2.23E-33
-1.34607,-2.19E-33
-1.35142,-2.16E-33
-1.35677,-2.13E-33
-1.36213,-2.09E-33
-1.36748,-2.06E-33
-1.37284,-2.03E-33
-1.3782,-1.99E-33
-1.38355,-1.95E-33
-1.38891,-1.92E-33
-1.39427,-1.88E-33
-1.39963,-1.84E-33
-1.40499,-1.80E-33
-1.41036,-1.76E-33
-1.41572,-1.72E-33
-1.42109,-1.68E-33
-1.42645,-1.64E-33
-1.43182,-1.60E-33
-1.43719,-1.56E-33
-1.44256,-1.51E-33
-1.44793,-1.47E-33
-1.4533,-1.43E-33
-1.45867,-1.38E-33
-1.46404,-1.34E-33
-1.46942,-1.29E-33
-1.47479,-1.25E-33
-1.48017,-1.20E-33
-1.48555,-1.15E-33
-1.49093,-1.10E-33
-1.4963,-1.06E-33
-1.50169,-1.01E-33
-1.50707,-9.58E-34
-1.51245,-9.08E-34
-1.51783,-8.58E-34
-1.52322,-8.08E-34
-1.5286,-7.56E-34
-1.53399,-7.05E-34
-1.53938,-6.53E-34
-1.54477,-6.00E-34
-1.55016,-5.47E-34
-1.55555,-4.93E-34
-1.56094,-4.39E-34
-1.56633,-3.85E-34
-1.57173,-3.30E-34
-1.57712,-2.74E-34
-1.58252,-2.19E-34
-1.58791,-1.62E-34
-1.59331,-1.06E-34
-1.59871,-4.86E-35
-1.60411,9.01E-36
-1.60951,6.70E-35
-1.61492,1.25E-34
-1.62032,1.84E-34
-1.62572,2.43E-34
-1.63113,3.03E-34
-1.63654,3.63E-34
-1.64194,4.24E-34
-1.64735,4.84E-34
-1.65276,5.46E-34
-1.65817,6.07E-34
-1.66358,6.69E-34
-1.669,7.32E-34
-1.67441,7.94E-34
-1.67983,8.57E-34
-1.68524,9.21E-34
-1.69066,9.85E-34
-1.69608,1.05E-33
-1.7015,1.11E-33
-1.70692,1.18E-33
-1.71234,1.24E-33
-1.71776,1.31E-33
-1.72318,1.37E-33
-1.72861,1.44E-33
-1.73403,1.51E-33
-1.73946,1.57E-33
-1.74489,1.64E-33
-1.75032,1.71E-33
-1.75575,1.78E-33
-1.76118,1.84E-33
-1.76661,1.91E-33
-1.77204,1.98E-33
-1.77747,2.05E-33
-1.78291,2.12E-33
-1.78835,2.19E-33
-1.79378,2.26E-33
-1.79922,2.33E-33
-1.80466,2.40E-33
-1.8101,2.47E-33
-1.81554,2.54E-33
-1.82098,2.61E-33
-1.82643,2.68E-33
-1.83187,2.75E-33
-1.83732,2.83E-33
-1.84276,2.90E-33
-1.84821,2.97E-33
-1.85366,3.04E-33
-1.85911,3.10E-33
-1.86456,3.14E-33
-1.87001,3.19E-33
-1.87547,3.24E-33
-1.88092,3.28E-33
-1.88637,3.33E-33
-1.89183,3.37E-33
-1.89729,3.42E-33
-1.90275,3.46E-33
-1.90821,3.50E-33
-1.91367,3.55E-33
-1.91913,3.59E-33
-1.92459,3.63E-33
-1.93005,3.67E-33
-1.93552,3.71E-33
-1.94098,3.75E-33
-1.94645,3.79E-33
-1.95192,3.83E-33
-1.95739,3.86E-33
-1.96286,3.90E-33
-1.96833,3.94E-33
-1.9738,3.97E-33
-1.97927,4.01E-33
-1.98475,4.04E-33
-1.99022,4.08E-33
-1.9957,4.11E-33
-2.00118,4.14E-33
-2.00665,4.18E-33
-2.01213,4.21E-33
-2.01761,4.24E-33
-2.0231,4.27E-33
-2.02858,4.30E-33
-2.03406,4.32E-33
-2.03955,4.35E-33
-2.04503,4.38E-33
-2.05052,4.40E-33
-2.05601,4.43E-33
-2.0615,4.45E-33
-2.06699,4.48E-33
-2.07248,4.50E-33
-2.07797,4.52E-33
-2.08347,4.55E-33
-2.08896,4.57E-33
-2.09446,4.59E-33
-2.09995,4.60E-33
-2.10545,4.62E-33
-2.11095,4.64E-33
-2.11645,4.66E-33
-2.12195,4.67E-33
-2.12745,4.69E-33
-2.13295,4.70E-33
-2.13846,4.71E-33
-2.14396,4.73E-33
-2.14947,4.74E-33
-2.15498,4.75E-33
-2.16049,4.76E-33
-2.166,4.76E-33
-2.17151,4.77E-33
-2.17702,4.78E-33
-2.18253,4.78E-33
-2.18805,4.79E-33
-2.19356,4.79E-33
-2.19908,4.80E-33
-2.20459,4.80E-33
-2.21011,4.80E-33
-2.21563,4.80E-33
-2.22115,4.80E-33
-2.22667,4.79E-33
-2.2322,4.79E-33
-2.23772,4.79E-33
-2.24324,4.78E-33
-2.24877,4.78E-33
-2.2543,4.77E-33
-2.25983,4.76E-33
-2.26535,4.75E-33
-2.27088,4.74E-33
-2.27642,4.73E-33
-2.28195,4.72E-33
-2.28748,4.70E-33
-2.29302,4.69E-33
-2.29855,4.67E-33
-2.30409,4.66E-33
-2.30963,4.64E-33
-2.31517,4.62E-33
-2.32071,4.60E-33
-2.32625,4.58E-33
-2.33179,4.56E-33
-2.33733,4.53E-33
-2.34288,4.51E-33
-2.34842,4.48E-33
-2.35397,4.46E-33
-2.35952,4.43E-33
-2.36506,4.40E-33
-2.37061,4.37E-33
-2.37616,4.34E-33
-2.38172,4.31E-33
-2.38727,4.27E-33
-2.39282,4.24E-33
-2.39838,4.20E-33
-2.40394,4.16E-33
-2.40949,4.13E-33
-2.41505,4.09E-33
-2.42061,4.05E-33
-2.42617,4.00E-33
-2.43173,3.96E-33
-2.4373,3.92E-33
-2.44286,3.87E-33
-2.44843,3.82E-33
-2.45399,3.78E-33
-2.45956,3.73E-33
-2.46513,3.68E-33
-2.4707,3.62E-33
-2.47627,3.57E-33
-2.48184,3.52E-33
-2.48741,3.46E-33
-2.49299,3.43E-33
-2.49856,3.40E-33
-2.50414,3.38E-33
-2.50971,3.35E-33
-2.51529,3.32E-33
-2.52087,3.29E-33
-2.52645,3.26E-33
-2.53203,3.23E-33
-2.53762,3.20E-33
-2.5432,3.17E-33
-2.54879,3.14E-33
-2.55437,3.11E-33
-2.55996,3.08E-33
-2.56555,3.05E-33
-2.57114,3.02E-33
-2.57673,2.98E-33
-2.58232,2.95E-33
-2.58791,2.92E-33
-2.5935,2.88E-33
-2.5991,2.85E-33
-2.6047,2.81E-33
-2.61029,2.78E-33
-2.61589,2.74E-33
-2.62149,2.71E-33
-2.62709,2.67E-33
-2.63269,2.63E-33
-2.63829,2.59E-33
-2.6439,2.56E-33
-2.6495,2.52E-33
-2.65511,2.48E-33
-2.66072,2.44E-33
-2.66632,2.40E-33
-2.67193,2.36E-33
-2.67754,2.32E-33
-2.68316,2.28E-33
-2.68877,2.24E-33
-2.69438,2.20E-33
-2.7,2.16E-33
-2.70561,2.11E-33
-2.71123,2.07E-33
-2.71685,2.03E-33
-2.72247,1.99E-33
-2.72809,1.94E-33
-2.73371,1.90E-33
-2.73933,1.85E-33
-2.74496,1.81E-33
-2.75058,1.76E-33
-2.75621,1.72E-33
-2.76183,1.67E-33
-2.76746,1.63E-33
-2.77309,1.58E-33
-2.77872,1.53E-33
-2.78435,1.49E-33
-2.78999,1.44E-33
-2.79562,1.39E-33
-2.80125,1.34E-33
-2.80689,1.29E-33
-2.81253,1.25E-33
-2.81817,1.20E-33
-2.8238,1.15E-33
-2.82945,1.10E-33
-2.83509,1.05E-33
-2.84073,9.96E-34
-2.84637,9.45E-34
-2.85202,8.94E-34
-2.85766,8.43E-34
-2.86331,7.91E-34
-2.86896,7.39E-34
-2.87461,6.87E-34
-2.88026,6.34E-34
-2.88591,5.81E-34
-2.89156,5.28E-34
-2.89722,4.75E-34
-2.90287,4.21E-34
-2.90853,3.67E-34
-2.91419,3.13E-34
-2.91985,2.58E-34
-2.92551,2.03E-34
-2.93117,1.48E-34
-2.93683,9.24E-35
-2.94249,3.66E-35
-2.94816,-1.93E-35
-2.95382,-7.56E-35
-2.95949,-1.32E-34
-2.96515,-1.89E-34
-2.97082,-2.46E-34
-2.97649,-3.03E-34
-2.98216,-3.61E-34
-2.98784,-4.19E-34
-2.99351,-4.77E-34
-2.99918,-5.35E-34
-3.00486,-5.93E-34
-3.01053,-6.52E-34
-3.01621,-7.11E-34
-3.02189,-7.71E-34
-3.02757,-8.30E-34
-3.03325,-8.90E-34
-3.03893,-9.50E-34
-3.04462,-1.01E-33
-3.0503,-1.07E-33
-3.05599,-1.13E-33
-3.06167,-1.19E-33
-3.06736,-1.25E-33
-3.07305,-1.31E-33
-3.07874,-1.38E-33
-3.08443,-1.44E-33
-3.09013,-1.50E-33
-3.09582,-1.56E-33
-3.10151,-1.62E-33
-3.10721,-1.69E-33
-3.11291,-1.75E-33
-3.1186,-1.81E-33
-3.1243,-1.87E-33
-3.13,-1.94E-33
-3.13571,-2.00E-33
-3.14141,-2.04E-33
-3.14711,-2.08E-33
-3.15282,-2.13E-33
-3.15852,-2.17E-33
-3.16423,-2.21E-33
-3.16994,-2.25E-33
-3.17565,-2.29E-33
-3.18136,-2.33E-33
-3.18707,-2.37E-33
-3.19278,-2.41E-33
-3.1985,-2.45E-33
-3.20421,-2.49E-33
-3.20993,-2.52E-33
-3.21565,-2.56E-33
-3.22137,-2.60E-33
-3.22709,-2.64E-33
-3.23281,-2.67E-33
-3.23853,-2.71E-33
-3.24425,-2.74E-33
-3.24998,-2.78E-33
-3.2557,-2.81E-33
-3.26143,-2.84E-33
-3.26716,-2.88E-33
-3.27289,-2.91E-33
-3.27862,-2.94E-33
-3.28435,-2.97E-33
-3.29008,-3.00E-33
-3.29581,-3.03E-33
-3.30155,-3.06E-33
-3.30728,-3.09E-33
-3.31302,-3.12E-33
-3.31876,-3.15E-33
-3.3245,-3.18E-33
-3.33024,-3.21E-33
-3.33598,-3.23E-33
-3.34172,-3.26E-33
-3.34747,-3.28E-33
-3.35321,-3.31E-33
-3.35896,-3.33E-33
-3.3647,-3.36E-33
-3.37045,-3.38E-33
-3.3762,-3.40E-33
-3.38195,-3.42E-33
-3.38771,-3.44E-33
-3.39346,-3.46E-33
-3.39921,-3.48E-33
-3.40497,-3.50E-33
-3.41073,-3.52E-33
-3.41648,-3.54E-33
-3.42224,-3.56E-33
-3.428,-3.57E-33
-3.43376,-3.59E-33
-3.43953,-3.60E-33
-3.44529,-3.62E-33
-3.45105,-3.63E-33
-3.45682,-3.65E-33
-3.46259,-3.66E-33
-3.46836,-3.67E-33
-3.47412,-3.68E-33
-3.4799,-3.69E-33
-3.48567,-3.70E-33
-3.49144,-3.71E-33
-3.49721,-3.72E-33
-3.50299,-3.72E-33
-3.50877,-3.73E-33
-3.51454,-3.74E-33
-3.52032,-3.74E-33
-3.5261,-3.74E-33
-3.53188,-3.75E-33
-3.53766,-3.75E-33
-3.54345,-3.75E-33
-3.54923,-3.75E-33
-3.55502,-3.75E-33
-3.5608,-3.75E-33
-3.56659,-3.75E-33
-3.57238,-3.75E-33
-3.57817,-3.75E-33
-3.58396,-3.74E-33
-3.58976,-3.74E-33
-3.59555,-3.73E-33
-3.60134,-3.73E-33
-3.60714,-3.72E-33
-3.61294,-3.71E-33
-3.61874,-3.71E-33
-3.62454,-3.70E-33
-3.63034,-3.69E-33
-3.63614,-3.68E-33
-3.64194,-3.66E-33
-3.64775,-3.65E-33
-3.65355,-3.64E-33
-3.65936,-3.62E-33
-3.66517,-3.61E-33
-3.67098,-3.59E-33
-3.67679,-3.57E-33
-3.6826,-3.56E-33
-3.68841,-3.54E-33
-3.69422,-3.52E-33
-3.70004,-3.50E-33
-3.70585,-3.48E-33
-3.71167,-3.45E-33
-3.71749,-3.43E-33
-3.72331,-3.41E-33
-3.72913,-3.38E-33
-3.73495,-3.35E-33
-3.74077,-3.33E-33
-3.7466,-3.30E-33
-3.75242,-3.27E-33
-3.75825,-3.24E-33
-3.76408,-3.21E-33
-3.76991,-3.18E-33
-3.77574,-3.15E-33
-3.78157,-3.11E-33
-3.7874,-3.08E-33
-3.79324,-3.04E-33
-3.79907,-3.01E-33
-3.80491,-3.00E-33
-3.81074,-2.98E-33
-3.81658,-2.96E-33
-3.82242,-2.94E-33
-3.82826,-2.92E-33
-3.8341,-2.90E-33
-3.83995,-2.88E-33
-3.84579,-2.86E-33
-3.85164,-2.84E-33
-3.85748,-2.82E-33
-3.86333,-2.80E-33
-3.86918,-2.78E-33
-3.87503,-2.76E-33
-3.88088,-2.74E-33
-3.88674,-2.71E-33
-3.89259,-2.69E-33
-3.89844,-2.67E-33
-3.9043,-2.64E-33
-3.91016,-2.62E-33
-3.91602,-2.59E-33
-3.92188,-2.57E-33
-3.92774,-2.54E-33
-3.9336,-2.52E-33
-3.93946,-2.49E-33
-3.94533,-2.46E-33
-3.95119,-2.44E-33
-3.95706,-2.41E-33
-3.96293,-2.38E-33
-3.9688,-2.35E-33
-3.97467,-2.32E-33
-3.98054,-2.30E-33
-3.98641,-2.27E-33
-3.99228,-2.24E-33
-3.99816,-2.21E-33
-4.00404,-2.17E-33
-4.00991,-2.14E-33
-4.01579,-2.11E-33
-4.02167,-2.08E-33
-4.02755,-2.05E-33
-4.03344,-2.02E-33
-4.03932,-1.98E-33
-4.0452,-1.95E-33
-4.05109,-1.92E-33
-4.05698,-1.88E-33
-4.06287,-1.85E-33
-4.06875,-1.81E-33
-4.07465,-1.78E-33
-4.08054,-1.74E-33
-4.08643,-1.71E-33
-4.09232,-1.67E-33
-4.09822,-1.63E-33
-4.10412,-1.60E-33
-4.11001,-1.56E-33
-4.11591,-1.52E-33
-4.12181,-1.48E-33
-4.12772,-1.44E-33
-4.13362,-1.41E-33
-4.13952,-1.37E-33
-4.14543,-1.33E-33
-4.15133,-1.29E-33
-4.15724,-1.25E-33
-4.16315,-1.21E-33
-4.16906,-1.17E-33
-4.17497,-1.12E-33
-4.18088,-1.08E-33
-4.1868,-1.04E-33
-4.19271,-9.99E-34
-4.19863,-9.56E-34
-4.20454,-9.14E-34
-4.21046,-8.71E-34
-4.21638,-8.27E-34
-4.2223,-7.83E-34
-4.22822,-7.39E-34
-4.23415,-6.95E-34
-4.24007,-6.50E-34
-4.246,-6.05E-34
-4.25192,-5.59E-34
-4.25785,-5.14E-34
-4.26378,-4.67E-34
-4.26971,-4.21E-34
-4.27564,-3.74E-34
-4.28157,-3.27E-34
-4.28751,-2.80E-34
-4.29344,-2.33E-34
-4.29938,-1.85E-34
-4.30532,-1.36E-34
-4.31126,-8.79E-35
-4.3172,-3.91E-35
-4.32314,9.97E-36
-4.32908,5.94E-35
-4.33502,1.09E-34
-4.34097,1.59E-34
-4.34691,2.09E-34
-4.35286,2.60E-34
-4.35881,3.11E-34
-4.36476,3.62E-34
-4.37071,4.13E-34
-4.37666,4.65E-34
-4.38262,5.17E-34
-4.38857,5.69E-34
-4.39453,6.22E-34
-4.40048,6.75E-34
-4.40644,7.28E-34
-4.4124,7.81E-34
-4.41836,8.35E-34
-4.42432,8.89E-34
-4.43029,9.43E-34
-4.43625,9.97E-34
-4.44222,1.05E-33
-4.44818,1.11E-33
-4.45415,1.16E-33
-4.46012,1.22E-33
-4.46609,1.27E-33
-4.47206,1.33E-33
-4.47803,1.38E-33
-4.48401,1.41E-33
-4.48998,1.45E-33
-4.49596,1.49E-33
-4.50194,1.53E-33
-4.50792,1.56E-33
-4.5139,1.60E-33
-4.51988,1.63E-33
-4.52586,1.67E-33
-4.53184,1.71E-33
-4.53783,1.74E-33
-4.54381,1.78E-33
-4.5498,1.81E-33
-4.55579,1.84E-33
-4.56178,1.88E-33
-4.56777,1.91E-33
-4.57376,1.95E-33
-4.57976,1.98E-33
-4.58575,2.01E-33
-4.59175,2.04E-33
-4.59775,2.08E-33
-4.60374,2.11E-33
-4.60974,2.14E-33
-4.61574,2.17E-33
-4.62175,2.20E-33
-4.62775,2.23E-33
-4.63375,2.26E-33
-4.63976,2.29E-33
-4.64577,2.32E-33
-4.65178,2.35E-33
-4.65778,2.38E-33
-4.6638,2.40E-33
-4.66981,2.43E-33
-4.67582,2.46E-33
-4.68183,2.48E-33
-4.68785,2.51E-33
-4.69387,2.54E-33
-4.69989,2.56E-33
-4.7059,2.59E-33
-4.71193,2.61E-33
-4.71795,2.63E-33
-4.72397,2.66E-33
-4.72999,2.68E-33
-4.73602,2.70E-33
-4.74205,2.73E-33
-4.74807,2.75E-33
-4.7541,2.77E-33
-4.76013,2.79E-33
-4.76617,2.81E-33
-4.7722,2.83E-33
-4.77823,2.85E-33
-4.78427,2.87E-33
-4.7903,2.89E-33
-4.79634,2.90E-33
-4.80238,2.92E-33
-4.80842,2.94E-33
-4.81446,2.96E-33
-4.82051,2.97E-33
-4.82655,2.99E-33
-4.83259,3.00E-33
-4.83864,3.02E-33
-4.84469,3.03E-33
-4.85074,3.04E-33
-4.85679,3.05E-33
-4.86284,3.07E-33
-4.86889,3.08E-33
-4.87495,3.09E-33
-4.881,3.10E-33
-4.88706,3.11E-33
-4.89312,3.12E-33
-4.89917,3.13E-33
-4.90523,3.13E-33
-4.9113,3.14E-33
-4.91736,3.15E-33
-4.92342,3.16E-33
-4.92949,3.16E-33
-4.93555,3.17E-33
-4.94162,3.17E-33
-4.94769,3.17E-33
-4.95376,3.18E-33
-4.95983,3.18E-33
-4.9659,3.18E-33
-4.97198,3.18E-33
-4.97805,3.18E-33
-4.98413,3.18E-33
-4.99021,3.18E-33
-4.99628,3.18E-33
-5.00236,3.18E-33
-5.00845,3.18E-33
-5.01453,3.17E-33
-5.02061,3.17E-33
-5.0267,3.17E-33
-5.03278,3.16E-33
-5.03887,3.16E-33
-5.04496,3.15E-33
-5.05105,3.14E-33
-5.05714,3.13E-33
-5.06323,3.13E-33
-5.06933,3.12E-33
-5.07542,3.11E-33
-5.08152,3.10E-33
-5.08762,3.09E-33
-5.09372,3.07E-33
-5.09982,3.06E-33
-5.10592,3.05E-33
-5.11202,3.03E-33
-5.11812,3.02E-33
-5.12423,3.00E-33
-5.13033,2.99E-33
-5.13644,2.97E-33
-5.14255,2.95E-33
-5.14866,2.94E-33
-5.15477,2.92E-33
-5.16088,2.90E-33
-5.167,2.88E-33
-5.17311,2.86E-33
-5.17923,2.85E-33
-5.18535,2.84E-33
-5.19147,2.83E-33
-5.19759,2.82E-33
-5.20371,2.81E-33
-5.20983,2.80E-33
-5.21595,2.79E-33
-5.22208,2.78E-33
-5.22821,2.77E-33
-5.23433,2.75E-33
-5.24046,2.74E-33
-5.24659,2.73E-33
-5.25272,2.71E-33
-5.25886,2.70E-33
-5.26499,2.68E-33
-5.27113,2.67E-33
-5.27726,2.65E-33
-5.2834,2.64E-33
-5.28954,2.62E-33
-5.29568,2.60E-33
-5.30182,2.59E-33
-5.30796,2.57E-33
-5.31411,2.55E-33
-5.32025,2.53E-33
-5.3264,2.52E-33
-5.33255,2.50E-33
-5.3387,2.48E-33
-5.34485,2.46E-33
-5.351,2.44E-33
-5.35715,2.41E-33
-5.3633,2.39E-33
-5.36946,2.37E-33
-5.37562,2.35E-33
-5.38177,2.33E-33
-5.38793,2.30E-33
-5.39409,2.28E-33
-5.40026,2.26E-33
-5.40642,2.23E-33
-5.41258,2.21E-33
-5.41875,2.18E-33
-5.42492,2.16E-33
-5.43108,2.13E-33
-5.43725,2.11E-33
-5.44342,2.08E-33
-5.4496,2.05E-33
-5.45577,2.03E-33
-5.46194,2.00E-33
-5.46812,1.97E-33
-5.4743,1.94E-33
-5.48047,1.91E-33
-5.48665,1.89E-33
-5.49283,1.86E-33
-5.49902,1.83E-33
-5.5052,1.80E-33
-5.51138,1.76E-33
-5.51757,1.73E-33
-5.52376,1.70E-33
-5.52995,1.67E-33
-5.53614,1.64E-33
-5.54233,1.61E-33
-5.54852,1.57E-33
-5.55471,1.54E-33
-5.56091,1.50E-33
-5.5671,1.47E-33
-5.5733,1.44E-33
-5.5795,1.40E-33
-5.5857,1.37E-33
-5.5919,1.33E-33
-5.5981,1.29E-33
-5.60431,1.26E-33
-5.61051,1.22E-33
-5.61672,1.18E-33
-5.62293,1.14E-33
-5.62913,1.11E-33
-5.63534,1.07E-33
-5.64156,1.03E-33
-5.64777,9.90E-34
-5.65398,9.51E-34
-5.6602,9.11E-34
-5.66641,8.70E-34
-5.67263,8.29E-34
-5.67885,7.88E-34
-5.68507,7.47E-34
-5.69129,7.05E-34
-5.69752,6.63E-34
-5.70374,6.20E-34
-5.70997,5.77E-34
-5.71619,5.34E-34
-5.72242,4.90E-34
-5.72865,4.46E-34
-5.73488,4.01E-34
-5.74111,3.57E-34
-5.74735,3.11E-34
-5.75358,2.66E-34
-5.75982,2.20E-34
-5.76605,1.74E-34
-5.77229,1.27E-34
-5.77853,7.98E-35
-5.78477,3.24E-35
-5.79102,-1.53E-35
-5.79726,-6.34E-35
-5.8035,-1.12E-34
-5.80975,-1.61E-34
-5.816,-2.10E-34
-5.82225,-2.59E-34
-5.8285,-3.09E-34
-5.83475,-3.60E-34
-5.841,-4.10E-34
-5.84725,-4.61E-34
-5.85351,-5.13E-34
-5.85976,-5.64E-34
-5.86602,-6.16E-34
-5.87228,-6.69E-34
-5.87854,-7.21E-34
-5.8848,-7.58E-34
-5.89107,-7.94E-34
-5.89733,-8.28E-34
-5.9036,-8.63E-34
-5.90986,-8.98E-34
-5.91613,-9.32E-34
-5.9224,-9.67E-34
-5.92867,-1.00E-33
-5.93494,-1.04E-33
-5.94122,-1.07E-33
-5.94749,-1.10E-33
-5.95377,-1.14E-33
-5.96004,-1.17E-33
-5.96632,-1.20E-33
-5.9726,-1.24E-33
-5.97888,-1.27E-33
-5.98516,-1.30E-33
-5.99145,-1.33E-33
-5.99773,-1.37E-33
-6.00402,-1.40E-33
-6.01031,-1.43E-33
-6.01659,-1.46E-33
-6.02288,-1.49E-33
-6.02918,-1.52E-33
-6.03547,-1.55E-33
-6.04176,-1.59E-33
-6.04806,-1.62E-33
-6.05435,-1.65E-33
-6.06065,-1.68E-33
-6.06695,-1.71E-33
-6.07325,-1.74E-33
-6.07955,-1.76E-33
-6.08586,-1.79E-33
-6.09216,-1.82E-33
-6.09847,-1.85E-33
-6.10477,-1.88E-33
-6.11108,-1.91E-33
-6.11739,-1.93E-33
-6.1237,-1.96E-33
-6.13001,-1.99E-33
-6.13633,-2.01E-33
-6.14264,-2.04E-33
-6.14896,-2.07E-33
-6.15528,-2.09E-33
-6.16159,-2.12E-33
-6.16791,-2.14E-33
-6.17424,-2.17E-33
-6.18056,-2.19E-33
-6.18688,-2.22E-33
-6.19321,-2.24E-33
-6.19953,-2.26E-33
-6.20586,-2.29E-33
-6.21219,-2.31E-33
-6.21852,-2.33E-33
-6.22485,-2.35E-33
-6.23119,-2.38E-33
-6.23752,-2.40E-33
-6.24386,-2.42E-33
-6.25019,-2.44E-33
-6.25653,-2.46E-33
-6.26287,-2.48E-33
-6.26921,-2.50E-33
-6.27555,-2.52E-33
-6.2819,-2.53E-33
-6.28824,-2.55E-33
-6.29459,-2.57E-33
-6.30093,-2.59E-33
-6.30728,-2.61E-33
-6.31363,-2.62E-33
-6.31998,-2.64E-33
-6.32634,-2.65E-33
-6.33269,-2.67E-33
-6.33905,-2.68E-33
-6.3454,-2.70E-33
-6.35176,-2.71E-33
-6.35812,-2.73E-33
-6.36448,-2.74E-33
-6.37084,-2.75E-33
-6.37721,-2.77E-33
-6.38357,-2.78E-33
-6.38994,-2.79E-33
-6.3963,-2.80E-33
-6.40267,-2.81E-33
-6.40904,-2.82E-33
-6.41541,-2.83E-33
-6.42178,-2.84E-33
-6.42816,-2.85E-33
-6.43453,-2.86E-33
-6.44091,-2.86E-33
-6.44729,-2.87E-33
-6.45367,-2.88E-33
-6.46005,-2.88E-33
-6.46643,-2.89E-33
-6.47281,-2.90E-33
-6.47919,-2.90E-33
-6.48558,-2.90E-33
-6.49197,-2.91E-33
-6.49835,-2.91E-33
-6.50474,-2.91E-33
-6.51114,-2.92E-33
-6.51753,-2.92E-33
-6.52392,-2.92E-33
-6.53032,-2.92E-33
-6.53671,-2.92E-33
-6.54311,-2.92E-33
-6.54951,-2.92E-33
-6.55591,-2.92E-33
-6.56231,-2.92E-33
-6.56871,-2.91E-33
-6.57512,-2.91E-33
-6.58152,-2.91E-33
-6.58793,-2.90E-33
-6.59434,-2.90E-33
-6.60074,-2.89E-33
-6.60716,-2.89E-33
-6.61357,-2.89E-33
-6.61998,-2.89E-33
-6.62639,-2.89E-33
-6.63281,-2.89E-33
-6.63923,-2.88E-33
-6.64565,-2.88E-33
-6.65207,-2.88E-33
-6.65849,-2.88E-33
-6.66491,-2.87E-33
-6.67133,-2.87E-33
-6.67776,-2.86E-33
-6.68419,-2.86E-33
-6.69061,-2.85E-33
-6.69704,-2.85E-33
-6.70347,-2.84E-33
-6.7099,-2.84E-33
-6.71634,-2.83E-33
-6.72277,-2.82E-33
-6.72921,-2.82E-33
-6.73564,-2.81E-33
-6.74208,-2.80E-33
-6.74852,-2.79E-33
-6.75496,-2.78E-33
-6.76141,-2.77E-33
-6.76785,-2.76E-33
-6.7743,-2.75E-33
-6.78074,-2.74E-33
-6.78719,-2.73E-33
-6.79364,-2.72E-33
-6.80009,-2.71E-33
-6.80654,-2.69E-33
-6.81299,-2.68E-33
-6.81945,-2.67E-33
-6.8259,-2.65E-33
-6.83236,-2.64E-33
-6.83882,-2.62E-33
-6.84528,-2.61E-33
-6.85174,-2.59E-33
-6.8582,-2.58E-33
-6.86467,-2.56E-33
-6.87113,-2.54E-33
-6.8776,-2.53E-33
-6.88406,-2.51E-33
-6.89053,-2.49E-33
-6.897,-2.47E-33
-6.90348,-2.45E-33
-6.90995,-2.43E-33
-6.91642,-2.41E-33
-6.9229,-2.39E-33
-6.92938,-2.37E-33
-6.93585,-2.35E-33
-6.94233,-2.33E-33
-6.94881,-2.30E-33
-6.9553,-2.28E-33
-6.96178,-2.26E-33
-6.96827,-2.24E-33
-6.97475,-2.21E-33
-6.98124,-2.19E-33
-6.98773,-2.16E-33
-6.99422,-2.14E-33
-7.00071,-2.11E-33
-7.0072,-2.08E-33
-7.0137,-2.06E-33
-7.02019,-2.03E-33
-7.02669,-2.00E-33
-7.03319,-1.98E-33
-7.03969,-1.95E-33
-7.04619,-1.92E-33
-7.05269,-1.89E-33
-7.0592,-1.86E-33
-7.0657,-1.83E-33
-7.07221,-1.80E-33
-7.07872,-1.77E-33
-7.08523,-1.73E-33
-7.09174,-1.70E-33
-7.09825,-1.67E-33
-7.10476,-1.64E-33
-7.11128,-1.60E-33
-7.11779,-1.57E-33
-7.12431,-1.54E-33
-7.13083,-1.50E-33
-7.13735,-1.47E-33
-7.14387,-1.43E-33
-7.15039,-1.39E-33
-7.15691,-1.36E-33
-7.16344,-1.32E-33
-7.16997,-1.28E-33
-7.17649,-1.24E-33
-7.18302,-1.21E-33
-7.18955,-1.17E-33
-7.19609,-1.13E-33
-7.20262,-1.09E-33
-7.20915,-1.05E-33
-7.21569,-1.01E-33
-7.22223,-9.65E-34
-7.22877,-9.24E-34
-7.23531,-8.82E-34
-7.24185,-8.39E-34
-7.24839,-7.96E-34
-7.25493,-7.53E-34
-7.26148,-7.09E-34
-7.26803,-6.64E-34
-7.27458,-6.20E-34
-7.28112,-5.74E-34
-7.28768,-5.29E-34
-7.29423,-4.82E-34
-7.30078,-4.36E-34
-7.30734,-3.89E-34
-7.31389,-3.41E-34
-7.32045,-2.93E-34
-7.32701,-2.45E-34
-7.33357,-1.96E-34
-7.34013,-1.46E-34
-7.34669,-9.65E-35
-7.35326,-5.20E-35
-7.35982,-2.08E-35
-7.36639,1.00E-35
-7.37296,4.06E-35
-7.37953,7.08E-35
-7.3861,1.01E-34
-7.39267,1.30E-34
-7.39925,1.60E-34
-7.40582,1.88E-34
-7.4124,2.17E-34
-7.41898,2.45E-34
-7.42555,2.73E-34
-7.43214,3.00E-34
-7.43872,3.27E-34
-7.4453,3.53E-34
-7.45189,3.79E-34
-7.45847,4.04E-34
-7.46506,4.29E-34
-7.47165,4.54E-34
-7.47824,4.78E-34
-7.48483,5.01E-34
-7.49142,5.24E-34
-7.49802,5.47E-34
-7.50461,5.69E-34
-7.51121,5.90E-34
-7.51781,6.11E-34
-7.52441,6.31E-34
-7.53101,6.51E-34
-7.53761,6.70E-34
-7.54421,6.88E-34
-7.55082,7.06E-34
-7.55742,7.23E-34
-7.56403,7.40E-34
-7.57064,7.56E-34
-7.57725,7.71E-34
-7.58386,7.85E-34
-7.59047,7.99E-34
-7.59709,8.12E-34
-7.6037,8.25E-34
-7.61032,8.36E-34
-7.61694,8.47E-34
-7.62356,8.57E-34
-7.63018,8.67E-34
-7.6368,8.75E-34
-7.64343,8.83E-34
-7.65005,8.90E-34
-7.65668,8.97E-34
-7.66331,9.02E-34
-7.66994,9.07E-34
-7.67657,9.11E-34
-7.6832,9.14E-34
-7.68983,9.16E-34
-7.69647,9.17E-34
-7.7031,9.17E-34
-7.70974,9.17E-34
-7.71638,9.15E-34
-7.72302,9.13E-34
-7.72966,9.10E-34
-7.73631,9.05E-34
-7.74295,9.00E-34
-7.7496,8.94E-34
-7.75624,8.87E-34
-7.76289,8.79E-34
-7.76954,8.70E-34
-7.77619,8.60E-34
-7.78285,8.49E-34
-7.7895,8.37E-34
-7.79615,8.23E-34
-7.80281,8.09E-34
-7.80947,7.94E-34
-7.81613,7.78E-34
-7.82279,7.60E-34
-7.82945,7.42E-34
-7.83611,7.22E-34
-7.84278,7.02E-34
-7.84945,6.80E-34
-7.85611,6.57E-34
-7.86278,6.33E-34
-7.86945,6.08E-34
-7.87612,5.83E-34
-7.8828,5.80E-34
-7.88947,5.76E-34
-7.89615,5.72E-34
-7.90282,5.68E-34
-7.9095,5.63E-34
-7.91618,5.59E-34
-7.92286,5.54E-34
-7.92955,5.49E-34
-7.93623,5.44E-34
-7.94292,5.38E-34
-7.9496,5.33E-34
-7.95629,5.27E-34
-7.96298,5.21E-34
-7.96967,5.15E-34
-7.97636,5.09E-34
-7.98306,5.03E-34
-7.98975,4.96E-34
-7.99645,4.90E-34
-8.00315,4.83E-34
-8.00984,4.76E-34
-8.01654,4.69E-34
-8.02325,4.62E-34
-8.02995,4.54E-34
-8.03665,4.47E-34
-8.04336,4.40E-34
-8.05007,4.32E-34
-8.05678,4.24E-34
-8.06349,4.17E-34
-8.0702,4.09E-34
-8.07691,4.01E-34
-8.08362,3.93E-34
-8.09034,3.85E-34
-8.09706,3.76E-34
-8.10377,3.68E-34
-8.11049,3.60E-34
-8.11721,3.51E-34
-8.12394,3.43E-34
-8.13066,3.34E-34
-8.13739,3.26E-34
-8.14411,3.17E-34
-8.15084,3.09E-34
-8.15757,3.00E-34
-8.1643,2.92E-34
-8.17103,2.83E-34
-8.17776,2.74E-34
-8.1845,2.66E-34
-8.19124,2.57E-34
-8.19797,2.48E-34
-8.20471,2.40E-34
-8.21145,2.31E-34
-8.21819,2.22E-34
-8.22494,2.14E-34
-8.23168,2.05E-34
-8.23843,1.97E-34
-8.24517,1.88E-34
-8.25192,1.80E-34
-8.25867,1.71E-34
-8.26542,1.63E-34
-8.27218,1.55E-34
-8.27893,1.47E-34
-8.28568,1.38E-34
-8.29244,1.30E-34
-8.2992,1.22E-34
-8.30596,1.14E-34
-8.31272,1.07E-34
-8.31948,9.90E-35
-8.32625,9.14E-35
-8.33301,8.39E-35
-8.33978,7.65E-35
-8.34654,6.93E-35
-8.35331,6.21E-35
-8.36008,5.51E-35
-8.36686,4.82E-35
-8.37363,4.15E-35
-8.3804,3.49E-35
-8.38718,2.85E-35
-8.39396,2.22E-35
-8.40074,1.61E-35
-8.40752,1.01E-35
-8.4143,2.16E-36
-8.42108,-6.15E-36
-8.42786,-1.44E-35
-8.43465,-2.25E-35
-8.44144,-3.06E-35
-8.44823,-3.86E-35
-8.45501,-4.65E-35
-8.46181,-5.43E-35
-8.4686,-6.21E-35
-8.47539,-6.97E-35
-8.48219,-7.72E-35
-8.48898,-8.46E-35
-8.49578,-9.19E-35
-8.50258,-9.91E-35
-8.50938,-1.06E-34
-8.51619,-1.13E-34
-8.52299,-1.20E-34
-8.52979,-1.27E-34
-8.5366,-1.33E-34
-8.54341,-1.40E-34
-8.55022,-1.46E-34
-8.55703,-1.52E-34
-8.56384,-1.58E-34
-8.57065,-1.64E-34
-8.57747,-1.70E-34
-8.58428,-1.75E-34
-8.5911,-1.80E-34
-8.59792,-1.86E-34
-8.60474,-1.91E-34
-8.61156,-1.96E-34
-8.61838,-2.00E-34
-8.62521,-2.05E-34
-8.63203,-2.09E-34
-8.63886,-2.13E-34
-8.64569,-2.17E-34
-8.65252,-2.21E-34
-8.65935,-2.25E-34
-8.66618,-2.28E-34
-8.67302,-2.31E-34
-8.67985,-2.34E-34
-8.68669,-2.37E-34
-8.69353,-2.40E-34
-8.70037,-2.42E-34
-8.70721,-2.44E-34
-8.71405,-2.46E-34
-8.72089,-2.48E-34
-8.72774,-2.49E-34
-8.73459,-2.50E-34
-8.74143,-2.51E-34
-8.74828,-2.52E-34
-8.75513,-2.52E-34
-8.76199,-2.53E-34
-8.76884,-2.53E-34
-8.77569,-2.52E-34
-8.78255,-2.52E-34
-8.78941,-2.51E-34
-8.79627,-2.50E-34
-8.80313,-2.49E-34
-8.80999,-2.47E-34
-8.81685,-2.45E-34
-8.82372,-2.43E-34
-8.83058,-2.41E-34
-8.83745,-2.38E-34
-8.84432,-2.35E-34
-8.85119,-2.32E-34
-8.85806,-2.28E-34
-8.86493,-2.25E-34
-8.87181,-2.21E-34
-8.87868,-2.16E-34
-8.88556,-2.11E-34
-8.89244,-2.06E-34
-8.89932,-2.01E-34
-8.9062,-1.95E-34
-8.91308,-1.89E-34
-8.91996,-1.83E-34
-8.92685,-1.76E-34
-8.93374,-1.70E-34
-8.94062,-1.62E-34
-8.94751,-1.55E-34
-8.95441,-1.51E-34
-8.9613,-1.49E-34
-8.96819,-1.48E-34
-8.97509,-1.46E-34
-8.98198,-1.45E-34
-8.98888,-1.43E-34
-8.99578,-1.41E-34
-9.00268,-1.40E-34
-9.00958,-1.38E-34
-9.01649,-1.36E-34
-9.02339,-1.34E-34
-9.0303,-1.32E-34
-9.0372,-1.30E-34
-9.04411,-1.28E-34
-9.05102,-1.26E-34
-9.05794,-1.24E-34
-9.06485,-1.21E-34
-9.07176,-1.19E-34
-9.07868,-1.17E-34
-9.0856,-1.15E-34
-9.09251,-1.12E-34
-9.09943,-1.10E-34
-9.10636,-1.07E-34
-9.11328,-1.05E-34
-9.1202,-1.02E-34
-9.12713,-9.96E-35
-9.13406,-9.69E-35
-9.14098,-9.43E-35
-9.14791,-9.16E-35
-9.15485,-8.89E-35
-9.16178,-8.61E-35
-9.16871,-8.34E-35
-9.17565,-8.06E-35
-9.18258,-7.77E-35
-9.18952,-7.49E-35
-9.19646,-7.20E-35
-9.2034,-6.91E-35
-9.21035,-6.62E-35
-9.21729,-6.33E-35
-9.22423,-6.03E-35
-9.23118,-5.74E-35
-9.23813,-5.44E-35
-9.24508,-5.14E-35
-9.25203,-4.84E-35
-9.25898,-4.54E-35
-9.26593,-4.24E-35
-9.27289,-3.94E-35
-9.27985,-3.64E-35
-9.2868,-3.33E-35
-9.29376,-3.03E-35
-9.30072,-2.73E-35
-9.30769,-2.42E-35
-9.31465,-2.12E-35
-9.32161,-1.82E-35
-9.32858,-1.52E-35
-9.33555,-1.21E-35
-9.34252,-9.14E-36
-9.34949,-6.15E-36
-9.35646,-3.16E-36
-9.36343,-1.89E-37
-9.3704,2.77E-36
-9.37738,5.71E-36
-9.38436,8.64E-36
-9.39134,1.15E-35
-9.39832,1.44E-35
-9.4053,1.73E-35
-9.41228,2.01E-35
-9.41926,2.30E-35
-9.42625,2.57E-35
-9.43324,2.85E-35
-9.44023,3.12E-35
-9.44722,3.40E-35
-9.45421,3.66E-35
-9.4612,3.93E-35
-9.46819,4.19E-35
-9.47519,4.44E-35
-9.48219,4.70E-35
-9.48918,4.95E-35
-9.49618,5.19E-35
-9.50318,5.45E-35
-9.51019,5.72E-35
-9.51719,5.99E-35
-9.5242,6.26E-35
-9.5312,6.52E-35
-9.53821,6.78E-35
-9.54522,7.04E-35
-9.55223,7.30E-35
-9.55924,7.55E-35
-9.56626,7.79E-35
-9.57327,8.03E-35
-9.58029,8.27E-35
-9.5873,8.51E-35
-9.59432,8.73E-35
-9.60134,8.96E-35
-9.60837,9.18E-35
-9.61539,9.39E-35
-9.62241,9.60E-35
-9.62944,9.81E-35
-9.63647,1.00E-34
-9.6435,1.02E-34
-9.65053,1.04E-34
-9.65756,1.06E-34
-9.66459,1.08E-34
-9.67163,1.09E-34
-9.67866,1.11E-34
-9.6857,1.13E-34
-9.69274,1.14E-34
-9.69978,1.16E-34
-9.70682,1.17E-34
-9.71386,1.18E-34
-9.72091,1.20E-34
-9.72795,1.21E-34
-9.735,1.22E-34
-9.74205,1.23E-34
-9.7491,1.24E-34
-9.75615,1.25E-34
-9.7632,1.26E-34
-9.77026,1.27E-34
-9.77731,1.27E-34
-9.78437,1.28E-34
-9.79143,1.28E-34
-9.79849,1.29E-34
-9.80555,1.29E-34
-9.81261,1.30E-34
-9.81967,1.30E-34
-9.82674,1.30E-34
-9.8338,1.30E-34
-9.84087,1.30E-34
-9.84794,1.30E-34
-9.85501,1.30E-34
-9.86209,1.29E-34
-9.86916,1.29E-34
-9.87623,1.28E-34
-9.88331,1.28E-34
-9.89039,1.27E-34
-9.89747,1.26E-34
-9.90455,1.25E-34
-9.91163,1.24E-34
-9.91871,1.23E-34
-9.9258,1.22E-34
-9.93288,1.21E-34
-9.93997,1.19E-34
-9.94706,1.18E-34
-9.95415,1.16E-34
-9.96124,1.15E-34
-9.96834,1.13E-34
-9.97543,1.11E-34
-9.98253,1.09E-34
-9.98962,1.07E-34
-9.99672,1.05E-34
-10.0038,1.02E-34
-10.0109,9.97E-35
-10.018,9.71E-35
-10.0251,9.43E-35
-10.0322,9.15E-35
-10.0393,8.85E-35
-10.0465,8.55E-35
-10.0536,8.23E-35
-10.0607,7.93E-35
-10.0678,7.83E-35
-10.0749,7.73E-35
-10.082,7.62E-35
-10.0891,7.52E-35
-10.0963,7.41E-35
-10.1034,7.30E-35
-10.1105,7.19E-35
-10.1176,7.07E-35
-10.1247,6.96E-35
-10.1319,6.84E-35
-10.139,6.72E-35
-10.1461,6.59E-35
-10.1533,6.47E-35
-10.1604,6.34E-35
-10.1675,6.21E-35
-10.1746,6.08E-35
-10.1818,5.95E-35
-10.1889,5.81E-35
-10.1961,5.68E-35
-10.2032,5.54E-35
-10.2103,5.40E-35
-10.2175,5.26E-35
-10.2246,5.12E-35
-10.2318,4.97E-35
-10.2389,4.83E-35
-10.2461,4.68E-35
-10.2532,4.54E-35
-10.2604,4.39E-35
-10.2675,4.24E-35
-10.2747,4.09E-35
-10.2818,3.93E-35
-10.289,3.78E-35
-10.2961,3.63E-35
-10.3033,3.47E-35
-10.3105,3.31E-35
-10.3176,3.16E-35
-10.3248,3.00E-35
-10.3319,2.84E-35
-10.3391,2.68E-35
-10.3463,2.52E-35
-10.3534,2.36E-35
-10.3606,2.20E-35
-10.3678,2.04E-35
-10.375,1.88E-35
-10.3821,1.71E-35
-10.3893,1.55E-35
-10.3965,1.39E-35
-10.4037,1.22E-35
-10.4108,1.06E-35
-10.418,8.97E-36
-10.4252,7.34E-36
-10.4324,5.70E-36
-10.4396,4.07E-36
-10.4468,2.44E-36
-10.454,8.08E-37
-10.4611,-8.21E-37
-10.4683,-2.45E-36
-10.4755,-4.07E-36
-10.4827,-5.69E-36
-10.4899,-7.30E-36
-10.4971,-8.91E-36
-10.5043,-1.05E-35
-10.5115,-1.21E-35
-10.5187,-1.37E-35
-10.5259,-1.53E-35
-10.5331,-1.69E-35
-10.5403,-1.84E-35
-10.5475,-2.00E-35
-10.5547,-2.15E-35
-10.562,-2.31E-35
-10.5692,-2.46E-35
-10.5764,-2.61E-35
-10.5836,-2.76E-35
-10.5908,-2.91E-35
-10.598,-3.06E-35
-10.6052,-3.21E-35
-10.6125,-3.35E-35
-10.6197,-3.50E-35
-10.6269,-3.64E-35
-10.6341,-3.78E-35
-10.6413,-3.91E-35
-10.6486,-4.05E-35
-10.6558,-4.18E-35
-10.663,-4.31E-35
-10.6703,-4.43E-35
-10.6775,-4.56E-35
-10.6847,-4.68E-35
-10.692,-4.80E-35
-10.6992,-4.92E-35
-10.7064,-5.04E-35
-10.7137,-5.15E-35
-10.7209,-5.26E-35
-10.7282,-5.37E-35
-10.7354,-5.48E-35
-10.7426,-5.58E-35
-10.7499,-5.69E-35
-10.7571,-5.78E-35
-10.7644,-5.88E-35
-10.7716,-5.97E-35
-10.7789,-6.06E-35
-10.7861,-6.15E-35
-10.7934,-6.24E-35
-10.8006,-6.32E-35
-10.8079,-6.40E-35
-10.8152,-6.47E-35
-10.8224,-6.54E-35
-10.8297,-6.61E-35
-10.8369,-6.68E-35
-10.8442,-6.74E-35
-10.8515,-6.80E-35
-10.8587,-6.85E-35
-10.866,-6.90E-35
-10.8733,-6.95E-35
-10.8806,-7.00E-35
-10.8878,-7.04E-35
-10.8951,-7.07E-35
-10.9024,-7.11E-35
-10.9096,-7.14E-35
-10.9169,-7.16E-35
-10.9242,-7.18E-35
-10.9315,-7.20E-35
-10.9388,-7.21E-35
-10.9461,-7.22E-35
-10.9533,-7.23E-35
-10.9606,-7.23E-35
-10.9679,-7.23E-35
-10.9752,-7.22E-35
-10.9825,-7.21E-35
-10.9898,-7.19E-35
-10.9971,-7.17E-35
-11.0044,-7.14E-35
-11.0117,-7.11E-35
-11.019,-7.08E-35
-11.0263,-7.04E-35
-11.0336,-6.99E-35
-11.0409,-6.94E-35
-11.0482,-6.89E-35
-11.0555,-6.83E-35
-11.0628,-6.76E-35
-11.0701,-6.69E-35
-11.0774,-6.62E-35
-11.0847,-6.54E-35
-11.092,-6.46E-35
-11.0993,-6.37E-35
-11.1066,-6.27E-35
-11.114,-6.17E-35
-11.1213,-6.06E-35
-11.1286,-5.95E-35
-11.1359,-5.84E-35
-11.1432,-5.71E-35
-11.1506,-5.59E-35
-11.1579,-5.45E-35
-11.1652,-5.31E-35
-11.1725,-5.17E-35
-11.1799,-5.02E-35
-11.1872,-4.86E-35
-11.1945,-4.70E-35
-11.2019,-4.53E-35
-11.2092,-4.43E-35
-11.2165,-4.37E-35
-11.2239,-4.30E-35
-11.2312,-4.24E-35
-11.2385,-4.17E-35
-11.2459,-4.10E-35
-11.2532,-4.03E-35
-11.2606,-3.96E-35
-11.2679,-3.89E-35
-11.2753,-3.82E-35
-11.2826,-3.75E-35
-11.29,-3.67E-35
-11.2973,-3.59E-35
-11.3047,-3.52E-35
-11.312,-3.44E-35
-11.3194,-3.36E-35
-11.3267,-3.28E-35
-11.3341,-3.20E-35
-11.3414,-3.11E-35
-11.3488,-3.03E-35
-11.3562,-2.95E-35
-11.3635,-2.86E-35
-11.3709,-2.78E-35
-11.3782,-2.69E-35
-11.3856,-2.60E-35
-11.393,-2.51E-35
-11.4004,-2.42E-35
-11.4077,-2.33E-35
-11.4151,-2.24E-35
-11.4225,-2.15E-35
-11.4298,-2.06E-35
-11.4372,-1.97E-35
-11.4446,-1.87E-35
-11.452,-1.78E-35
-11.4594,-1.68E-35
-11.4667,-1.59E-35
-11.4741,-1.49E-35
-11.4815,-1.40E-35
-11.4889,-1.30E-35
-11.4963,-1.20E-35
-11.5037,-1.11E-35
-11.5111,-1.01E-35
-11.5185,-9.11E-36
-11.5259,-8.12E-36
-11.5333,-7.14E-36
-11.5406,-6.15E-36
-11.548,-5.16E-36
-11.5554,-4.17E-36
-11.5628,-3.17E-36
-11.5702,-2.18E-36
-11.5776,-1.18E-36
-11.5851,-1.80E-37
-11.5925,8.19E-37
-11.5999,1.82E-36
-11.6073,2.82E-36
-11.6147,3.82E-36
-11.6221,4.82E-36
-11.6295,5.81E-36
-11.6369,6.81E-36
-11.6443,7.81E-36
-11.6518,8.80E-36
-11.6592,9.79E-36
-11.6666,1.08E-35
-11.674,1.18E-35
-11.6814,1.28E-35
-11.6889,1.37E-35
-11.6963,1.47E-35
-11.7037,1.57E-35
-11.7111,1.67E-35
-11.7186,1.76E-35
-11.726,1.86E-35
-11.7334,1.96E-35
-11.7409,2.05E-35
-11.7483,2.15E-35
-11.7557,2.24E-35
-11.7632,2.33E-35
-11.7706,2.43E-35
-11.7781,2.52E-35
-11.7855,2.61E-35
-11.793,2.70E-35
-11.8004,2.78E-35
-11.8078,2.86E-35
-11.8153,2.94E-35
-11.8227,3.02E-35
-11.8302,3.09E-35
-11.8376,3.17E-35
-11.8451,3.24E-35
-11.8525,3.32E-35
-11.86,3.39E-35
-11.8675,3.46E-35
-11.8749,3.53E-35
-11.8824,3.59E-35
-11.8898,3.66E-35
-11.8973,3.72E-35
-11.9048,3.79E-35
-11.9122,3.85E-35
-11.9197,3.91E-35
-11.9272,3.97E-35
-11.9346,4.02E-35
-11.9421,4.08E-35
-11.9496,4.13E-35
-11.9571,4.18E-35
-11.9645,4.23E-35
-11.972,4.28E-35
-11.9795,4.32E-35
-11.987,4.37E-35
-11.9945,4.41E-35
-12.0019,4.45E-35
-12.0094,4.49E-35
-12.0169,4.52E-35
-12.0244,4.56E-35
-12.0319,4.59E-35
-12.0394,4.62E-35
-12.0469,4.64E-35
-12.0543,4.67E-35
-12.0618,4.69E-35
-12.0693,4.71E-35
-12.0768,4.73E-35
-12.0843,4.75E-35
-12.0918,4.76E-35
-12.0993,4.77E-35
-12.1068,4.78E-35
-12.1143,4.79E-35
-12.1218,4.79E-35
-12.1293,4.79E-35
-12.1369,4.79E-35
-12.1444,4.79E-35
-12.1519,4.78E-35
-12.1594,4.77E-35
-12.1669,4.76E-35
-12.1744,4.75E-35
-12.1819,4.73E-35
-12.1894,4.71E-35
-12.197,4.69E-35
-12.2045,4.66E-35
-12.212,4.63E-35
-12.2195,4.60E-35
-12.227,4.57E-35
-12.2346,4.53E-35
-12.2421,4.49E-35
-12.2496,4.45E-35
-12.2572,4.40E-35
-12.2647,4.35E-35
-12.2722,4.30E-35
-12.2797,4.25E-35
-12.2873,4.19E-35
-12.2948,4.13E-35
-12.3024,4.06E-35
-12.3099,3.99E-35
-12.3174,3.92E-35
-12.325,3.85E-35
-12.3325,3.77E-35
-12.3401,3.69E-35
-12.3476,3.61E-35
-12.3552,3.52E-35
-12.3627,3.43E-35
-12.3703,3.33E-35
-12.3778,3.23E-35
-12.3854,3.14E-35
-12.3929,3.09E-35
-12.4005,3.03E-35
-12.408,2.97E-35
-12.4156,2.92E-35
-12.4231,2.86E-35
-12.4307,2.80E-35
-12.4383,2.74E-35
-12.4458,2.68E-35
-12.4534,2.62E-35
-12.461,2.56E-35
-12.4685,2.50E-35
-12.4761,2.44E-35
-12.4837,2.38E-35
-12.4912,2.32E-35
-12.4988,2.26E-35
-12.5064,2.19E-35
-12.514,2.13E-35
-12.5215,2.07E-35
-12.5291,2.01E-35
-12.5367,1.95E-35
-12.5443,1.89E-35
-12.5519,1.83E-35
-12.5594,1.77E-35
-12.567,1.71E-35
-12.5746,1.65E-35
-12.5822,1.59E-35
-12.5898,1.54E-35
-12.5974,1.48E-35
-12.605,1.42E-35
-12.6126,1.37E-35
-12.6202,1.31E-35
-12.6278,1.26E-35
-12.6354,1.20E-35
-12.643,1.15E-35
-12.6506,1.10E-35
-12.6582,1.05E-35
-12.6658,9.97E-36
-12.6734,9.49E-36
-12.681,9.01E-36
-12.6886,8.55E-36
-12.6962,8.10E-36
-12.7038,7.67E-36
-12.7114,7.25E-36
-12.719,6.84E-36
-12.7266,6.45E-36
-12.7343,6.07E-36
-12.7419,5.71E-36
-12.7495,5.37E-36
-12.7571,5.05E-36
-12.7647,4.74E-36
-12.7724,4.45E-36
-12.78,4.18E-36
-12.7876,3.93E-36
-12.7952,3.70E-36
-12.8029,3.43E-36
-12.8105,3.01E-36
-12.8181,2.61E-36
-12.8258,2.21E-36
-12.8334,1.83E-36
-12.841,1.45E-36
-12.8487,1.08E-36
-12.8563,7.25E-37
-12.8639,3.77E-37
-12.8716,3.87E-38
-12.8792,-2.89E-37
-12.8869,-6.06E-37
-12.8945,-9.11E-37
-12.9021,-1.21E-36
-12.9098,-1.49E-36
-12.9174,-1.76E-36
-12.9251,-2.02E-36
-12.9327,-2.27E-36
-12.9404,-2.50E-36
-12.948,-2.72E-36
-12.9557,-2.93E-36
-12.9634,-3.13E-36
-12.971,-3.31E-36
-12.9787,-3.48E-36
-12.9863,-3.64E-36
-12.994,-3.78E-36
-13.0017,-3.90E-36
-13.0093,-4.02E-36
-13.017,-4.11E-36
-13.0247,-4.19E-36
-13.0323,-4.26E-36
-13.04,-4.31E-36
-13.0477,-4.35E-36
-13.0553,-4.37E-36
-13.063,-4.37E-36
-13.0707,-4.35E-36
-13.0784,-4.32E-36
-13.086,-4.28E-36
-13.0937,-4.21E-36
-13.1014,-4.13E-36
-13.1091,-4.03E-36
-13.1168,-3.91E-36
-13.1245,-3.78E-36
-13.1321,-3.62E-36
-13.1398,-3.45E-36
-13.1475,-3.26E-36
-13.1552,-3.05E-36
-13.1629,-2.82E-36
-13.1706,-2.57E-36
-13.1783,-2.30E-36
-13.186,-2.01E-36
-13.1937,-1.70E-36
-13.2014,-1.38E-36
-13.2091,-1.03E-36
-13.2168,-6.56E-37
-13.2245,-3.77E-37
-13.2322,-2.34E-37
-13.2399,-8.48E-38
-13.2476,6.89E-38
-13.2553,2.27E-37
-13.263,3.91E-37
-13.2707,5.58E-37
-13.2784,7.30E-37
-13.2862,9.06E-37
-13.2939,1.09E-36
-13.3016,1.27E-36
-13.3093,1.46E-36
-13.317,1.65E-36
-13.3247,1.84E-36
-13.3325,2.04E-36
-13.3402,2.24E-36
-13.3479,2.44E-36
-13.3556,2.64E-36
-13.3634,2.85E-36
-13.3711,3.06E-36
-13.3788,3.27E-36
-13.3865,3.48E-36
-13.3943,3.69E-36
-13.402,3.91E-36
-13.4097,4.12E-36
-13.4175,4.34E-36
-13.4252,4.55E-36
-13.433,4.77E-36
-13.4407,4.99E-36
-13.4484,5.20E-36
-13.4562,5.42E-36
-13.4639,5.63E-36
-13.4717,5.84E-36
-13.4794,6.06E-36
-13.4872,6.27E-36
-13.4949,6.48E-36
-13.5027,6.69E-36
-13.5104,6.89E-36
-13.5182,7.09E-36
-13.5259,7.30E-36
-13.5337,7.49E-36
-13.5414,7.69E-36
-13.5492,7.88E-36
-13.557,8.07E-36
-13.5647,8.25E-36
-13.5725,8.43E-36
-13.5802,8.61E-36
-13.588,8.78E-36
-13.5958,8.95E-36
-13.6036,9.11E-36
-13.6113,9.27E-36
-13.6191,9.42E-36
-13.6269,9.56E-36
-13.6346,9.70E-36
-13.6424,9.83E-36
-13.6502,1.00E-35
-13.658,1.02E-35
-13.6657,1.05E-35
-13.6735,1.07E-35
-13.6813,1.09E-35
-13.6891,1.11E-35
-13.6969,1.14E-35
-13.7047,1.16E-35
-13.7124,1.18E-35
-13.7202,1.20E-35
-13.728,1.22E-35
-13.7358,1.24E-35
-13.7436,1.26E-35
-13.7514,1.28E-35
-13.7592,1.30E-35
-13.767,1.32E-35
-13.7748,1.34E-35
-13.7826,1.36E-35
-13.7904,1.38E-35
-13.7982,1.40E-35
-13.806,1.42E-35
-13.8138,1.44E-35
-13.8216,1.45E-35
-13.8294,1.47E-35
-13.8372,1.49E-35
-13.845,1.50E-35
-13.8528,1.52E-35
-13.8607,1.53E-35
-13.8685,1.55E-35
-13.8763,1.56E-35
-13.8841,1.58E-35
-13.8919,1.59E-35
-13.8997,1.60E-35
-13.9076,1.61E-35
-13.9154,1.62E-35
-13.9232,1.64E-35
-13.931,1.65E-35
-13.9388,1.65E-35
-13.9467,1.66E-35
-13.9545,1.67E-35
-13.9623,1.68E-35
-13.9702,1.68E-35
-13.978,1.69E-35
-13.9858,1.70E-35
-13.9937,1.70E-35
-14.0015,1.70E-35
-14.0093,1.71E-35
-14.0172,1.71E-35
-14.025,1.71E-35
-14.0329,1.71E-35
-14.0407,1.71E-35
-14.0485,1.70E-35
-14.0564,1.70E-35
-14.0642,1.70E-35
-14.0721,1.69E-35
-14.0799,1.69E-35
-14.0878,1.68E-35
-14.0956,1.67E-35
-14.1035,1.66E-35
-14.1113,1.65E-35
-14.1192,1.64E-35
-14.1271,1.63E-35
-14.1349,1.62E-35
-14.1428,1.60E-35
-14.1506,1.59E-35
-14.1585,1.57E-35
-14.1664,1.55E-35
-14.1742,1.53E-35
-14.1821,1.51E-35
-14.19,1.49E-35
-14.1978,1.47E-35
-14.2057,1.44E-35
-14.2136,1.42E-35
-14.2214,1.39E-35
-14.2293,1.36E-35
-14.2372,1.33E-35
-14.2451,1.30E-35
-14.2529,1.26E-35
-14.2608,1.23E-35
-14.2687,1.19E-35
-14.2766,1.16E-35
-14.2845,1.12E-35
-14.2924,1.08E-35
-14.3002,1.04E-35
-14.3081,1.02E-35
-14.316,9.94E-36
-14.3239,9.70E-36
-14.3318,9.46E-36
-14.3397,9.22E-36
-14.3476,8.97E-36
-14.3555,8.72E-36
-14.3634,8.47E-36
-14.3713,8.21E-36
-14.3792,7.95E-36
-14.3871,7.69E-36
-14.395,7.43E-36
-14.4029,7.17E-36
-14.4108,6.91E-36
-14.4187,6.64E-36
-14.4266,6.38E-36
-14.4345,6.11E-36
-14.4424,5.85E-36
-14.4503,5.58E-36
-14.4582,5.31E-36
-14.4662,5.05E-36
-14.4741,4.78E-36
-14.482,4.52E-36
-14.4899,4.26E-36
-14.4978,3.99E-36
-14.5057,3.74E-36
-14.5137,3.48E-36
-14.5216,3.22E-36
-14.5295,2.97E-36
-14.5374,2.72E-36
-14.5454,2.48E-36
-14.5533,2.23E-36
-14.5612,2.00E-36
-14.5691,1.76E-36
-14.5771,1.53E-36
-14.585,1.31E-36
-14.5929,1.09E-36
-14.6009,8.75E-37
-14.6088,6.67E-37
-14.6168,4.66E-37
-14.6247,2.71E-37
-14.6326,8.34E-38
-14.6406,-9.69E-38
-14.6485,-2.69E-37
-14.6565,-4.34E-37
-14.6644,-5.90E-37
-14.6724,-7.37E-37
-14.6803,-8.74E-37
-14.6883,-1.00E-36
-14.6962,-1.12E-36
-14.7042,-1.23E-36
-14.7121,-1.32E-36
-14.7201,-1.41E-36
-14.728,-1.48E-36
-14.736,-1.54E-36
-14.7439,-1.59E-36
-14.7519,-1.63E-36
-14.7599,-1.65E-36
-14.7678,-1.80E-36
-14.7758,-1.95E-36
-14.7838,-2.10E-36
-14.7917,-2.24E-36
-14.7997,-2.37E-36
-14.8077,-2.50E-36
-14.8156,-2.63E-36
-14.8236,-2.75E-36
-14.8316,-2.86E-36
-14.8395,-2.97E-36
-14.8475,-3.07E-36
-14.8555,-3.17E-36
-14.8635,-3.25E-36
-14.8715,-3.34E-36
-14.8794,-3.41E-36
-14.8874,-3.48E-36
-14.8954,-3.54E-36
-14.9034,-3.60E-36
-14.9114,-3.64E-36
-14.9194,-3.68E-36
-14.9274,-3.72E-36
-14.9353,-3.74E-36
-14.9433,-3.76E-36
-14.9513,-3.76E-36
-14.9593,-3.76E-36
-14.9673,-3.76E-36
-14.9753,-3.74E-36
-14.9833,-3.71E-36
-14.9913,-3.68E-36
-14.9993,-3.63E-36
-15.0073,-3.58E-36
-15.0153,-3.51E-36
-15.0233,-3.44E-36
-15.0313,-3.36E-36
-15.0393,-3.27E-36
-15.0473,-3.16E-36
-15.0553,-3.05E-36
-15.0634,-2.93E-36
-15.0714,-2.79E-36
-15.0794,-2.65E-36
-15.0874,-2.49E-36
-15.0954,-2.33E-36
-15.1034,-2.15E-36
-15.1114,-1.96E-36
-15.1195,-1.76E-36
-15.1275,-1.54E-36
-15.1355,-1.32E-36
-15.1435,-1.08E-36
-15.1516,-8.34E-37
-15.1596,-5.72E-37
-15.1676,-2.98E-37
-15.1756,-1.14E-38
-15.1837,2.88E-37
-15.1917,6.01E-37
-15.1997,9.27E-37
-15.2078,1.27E-36
-15.2158,1.62E-36
-15.2238,1.99E-36
-15.2319,2.22E-36
-15.2399,2.36E-36
-15.2479,2.51E-36
-15.256,2.65E-36
-15.264,2.80E-36
-15.2721,2.94E-36
-15.2801,3.09E-36
-15.2882,3.24E-36
-15.2962,3.38E-36
-15.3043,3.53E-36
-15.3123,3.68E-36
-15.3204,3.83E-36
-15.3284,3.98E-36
-15.3365,4.12E-36
-15.3445,4.27E-36
-15.3526,4.42E-36
-15.3606,4.57E-36
-15.3687,4.72E-36
-15.3767,4.86E-36
-15.3848,5.01E-36
-15.3929,5.15E-36
-15.4009,5.30E-36
-15.409,5.44E-36
-15.4171,5.59E-36
-15.4251,5.73E-36
-15.4332,5.87E-36
-15.4413,6.01E-36
-15.4493,6.15E-36
-15.4574,6.29E-36
-15.4655,6.43E-36
-15.4736,6.56E-36
-15.4816,6.70E-36
-15.4897,6.83E-36
-15.4978,6.96E-36
-15.5059,7.09E-36
-15.514,7.22E-36
-15.522,7.35E-36
-15.5301,7.47E-36
-15.5382,7.59E-36
-15.5463,7.71E-36
-15.5544,7.83E-36
-15.5625,7.95E-36
-15.5706,8.06E-36
-15.5787,8.17E-36
-15.5867,8.28E-36
-15.5948,8.39E-36
-15.6029,8.50E-36
-15.611,8.60E-36
-15.6191,8.70E-36
-15.6272,8.80E-36
-15.6353,8.89E-36
-15.6434,8.99E-36
-15.6515,9.08E-36
-15.6596,9.16E-36
-15.6677,9.25E-36
-15.6758,9.33E-36
-15.684,9.41E-36
-15.6921,9.48E-36
-15.7002,9.55E-36
-15.7083,9.62E-36
-15.7164,9.69E-36
-15.7245,9.75E-36
-15.7326,9.81E-36
-15.7407,9.87E-36
-15.7489,9.92E-36
-15.757,9.97E-36
-15.7651,1.00E-35
-15.7732,1.01E-35
-15.7813,1.01E-35
-15.7895,1.01E-35
-15.7976,1.02E-35
-15.8057,1.02E-35
-15.8138,1.02E-35
-15.822,1.03E-35
-15.8301,1.03E-35
-15.8382,1.03E-35
-15.8464,1.03E-35
-15.8545,1.03E-35
-15.8626,1.03E-35
-15.8708,1.03E-35
-15.8789,1.03E-35
-15.887,1.03E-35
-15.8952,1.03E-35
-15.9033,1.03E-35
-15.9115,1.03E-35
-15.9196,1.02E-35
-15.9278,1.02E-35
-15.9359,1.02E-35
-15.9441,1.02E-35
-15.9522,1.01E-35
-15.9604,1.01E-35
-15.9685,1.00E-35
-15.9767,9.98E-36
-15.9848,9.93E-36
-15.993,9.89E-36
-16.0011,9.86E-36
-16.0093,9.82E-36
-16.0174,9.78E-36
-16.0256,9.74E-36
-16.0338,9.69E-36
-16.0419,9.64E-36
-16.0501,9.59E-36
-16.0582,9.54E-36
-16.0664,9.48E-36
-16.0746,9.42E-36
-16.0827,9.36E-36
-16.0909,9.29E-36
-16.0991,9.23E-36
-16.1073,9.16E-36
-16.1154,9.09E-36
-16.1236,9.01E-36
-16.1318,8.93E-36
-16.14,8.85E-36
-16.1481,8.77E-36
-16.1563,8.69E-36
-16.1645,8.60E-36
-16.1727,8.51E-36
-16.1809,8.42E-36
-16.1891,8.33E-36
-16.1972,8.23E-36
-16.2054,8.14E-36
-16.2136,8.04E-36
-16.2218,7.94E-36
-16.23,7.83E-36
-16.2382,7.73E-36
-16.2464,7.62E-36
-16.2546,7.51E-36
-16.2628,7.40E-36
-16.271,7.29E-36
-16.2792,7.18E-36
-16.2874,7.06E-36
-16.2956,6.95E-36
-16.3038,6.83E-36
-16.312,6.71E-36
-16.3202,6.59E-36
-16.3284,6.47E-36
-16.3366,6.35E-36
-16.3448,6.23E-36
-16.353,6.10E-36
-16.3612,5.98E-36
-16.3694,5.86E-36
-16.3776,5.73E-36
-16.3858,5.60E-36
-16.3941,5.48E-36
-16.4023,5.35E-36
-16.4105,5.22E-36
-16.4187,5.09E-36
-16.4269,4.96E-36
-16.4351,4.84E-36
-16.4434,4.71E-36
-16.4516,4.58E-36
-16.4598,4.45E-36
-16.468,4.32E-36
-16.4763,4.20E-36
-16.4845,4.07E-36
-16.4927,3.94E-36
-16.501,3.82E-36
-16.5092,3.69E-36
-16.5174,3.57E-36
-16.5257,3.44E-36
-16.5339,3.32E-36
-16.5421,3.20E-36
-16.5504,3.08E-36
-16.5586,2.96E-36
-16.5669,2.84E-36
-16.5751,2.73E-36
-16.5833,2.61E-36
-16.5916,2.50E-36
-16.5998,2.39E-36
-16.6081,2.28E-36
-16.6163,2.17E-36
-16.6246,2.07E-36
-16.6328,1.97E-36
-16.6411,1.87E-36
-16.6493,1.77E-36
-16.6576,1.68E-36
-16.6658,1.59E-36
-16.6741,1.50E-36
-16.6823,1.41E-36
-16.6906,1.33E-36
-16.6989,1.25E-36
-16.7071,1.18E-36
-16.7154,1.10E-36
-16.7236,1.04E-36
-16.7319,9.71E-37
-16.7402,9.10E-37
-16.7484,8.53E-37
-16.7567,8.01E-37
-16.765,6.73E-37
-16.7733,5.41E-37
-16.7815,4.09E-37
-16.7898,2.79E-37
-16.7981,1.50E-37
-16.8063,2.29E-38
-16.8146,-1.03E-37
-16.8229,-2.28E-37
-16.8312,-3.51E-37
-16.8395,-4.72E-37
-16.8477,-5.92E-37
-16.856,-7.09E-37
-16.8643,-8.25E-37
-16.8726,-9.39E-37
-16.8809,-1.05E-36
-16.8892,-1.16E-36
-16.8975,-1.27E-36
-16.9057,-1.37E-36
-16.914,-1.47E-36
-16.9223,-1.57E-36
-16.9306,-1.67E-36
-16.9389,-1.77E-36
-16.9472,-1.86E-36
-16.9555,-1.95E-36
-16.9638,-2.03E-36
-16.9721,-2.12E-36
-16.9804,-2.20E-36
-16.9887,-2.27E-36
-16.997,-2.35E-36
-17.0053,-2.42E-36
-17.0136,-2.48E-36
-17.0219,-2.54E-36
-17.0302,-2.60E-36
-17.0385,-2.66E-36
-17.0468,-2.71E-36
-17.0552,-2.76E-36
-17.0635,-2.80E-36
-17.0718,-2.84E-36
-17.0801,-2.87E-36
-17.0884,-2.90E-36
-17.0967,-2.93E-36
-17.105,-2.95E-36
-17.1134,-2.97E-36
-17.1217,-2.98E-36
-17.13,-2.99E-36
-17.1383,-2.99E-36
-17.1467,-2.99E-36
-17.155,-2.98E-36
-17.1633,-2.96E-36
-17.1716,-2.94E-36
-17.18,-2.92E-36
-17.1883,-2.89E-36
-17.1966,-2.85E-36
-17.205,-2.81E-36
-17.2133,-2.76E-36
-17.2216,-2.71E-36
-17.23,-2.65E-36
-17.2383,-2.58E-36
-17.2466,-2.51E-36
-17.255,-2.43E-36
-17.2633,-2.35E-36
-17.2717,-2.26E-36
-17.28,-2.16E-36
-17.2883,-2.05E-36
-17.2967,-1.94E-36
-17.305,-1.82E-36
-17.3134,-1.69E-36
-17.3217,-1.56E-36
-17.3301,-1.41E-36
-17.3384,-1.27E-36
-17.3468,-1.11E-36
-17.3551,-9.43E-37
-17.3635,-7.70E-37
-17.3719,-5.89E-37
-17.3802,-3.99E-37
-17.3886,-2.02E-37
-17.3969,3.83E-39
-17.4053,2.18E-37
-17.4137,4.41E-37
-17.422,6.73E-37
-17.4304,9.13E-37
-17.4387,1.16E-36
-17.4471,1.42E-36
-17.4555,1.69E-36
-17.4638,1.97E-36
-17.4722,2.25E-36
-17.4806,2.55E-36
-17.489,2.85E-36
-17.4973,3.17E-36
-17.5057,3.50E-36
-17.5141,3.83E-36
-17.5225,4.18E-36
-17.5308,4.53E-36
-17.5392,4.88E-36
-17.5476,5.06E-36
-17.556,5.25E-36
-17.5644,5.44E-36
-17.5727,5.63E-36
-17.5811,5.82E-36
-17.5895,6.01E-36
-17.5979,6.21E-36
-17.6063,6.41E-36
-17.6147,6.62E-36
-17.6231,6.83E-36
-17.6315,7.04E-36
-17.6399,7.25E-36
-17.6483,7.47E-36
-17.6566,7.68E-36
-17.665,7.91E-36
-17.6734,8.13E-36
-17.6818,8.36E-36
-17.6902,8.59E-36
-17.6986,8.82E-36
-17.707,9.05E-36
-17.7155,9.29E-36
-17.7239,9.53E-36
-17.7323,9.78E-36
-17.7407,1.00E-35
-17.7491,1.03E-35
-17.7575,1.05E-35
-17.7659,1.08E-35
-17.7743,1.10E-35
-17.7827,1.13E-35
-17.7911,1.15E-35
-17.7996,1.18E-35
-17.808,1.21E-35
-17.8164,1.23E-35
-17.8248,1.26E-35
-17.8332,1.29E-35
-17.8416,1.32E-35
-17.8501,1.34E-35
-17.8585,1.37E-35
-17.8669,1.40E-35
-17.8753,1.43E-35
-17.8838,1.46E-35
-17.8922,1.49E-35
-17.9006,1.52E-35
-17.9091,1.55E-35
-17.9175,1.57E-35
-17.9259,1.60E-35
-17.9344,1.63E-35
-17.9428,1.66E-35
-17.9512,1.69E-35
-17.9597,1.73E-35
-17.9681,1.76E-35
-17.9765,1.79E-35
-17.985,1.82E-35
-17.9934,1.85E-35
-18.0019,1.88E-35
-18.0103,1.91E-35
-18.0188,1.94E-35
-18.0272,1.98E-35
-18.0356,2.01E-35
-18.0441,2.04E-35
-18.0525,2.07E-35
-18.061,2.11E-35
-18.0694,2.14E-35
-18.0779,2.17E-35
-18.0864,2.21E-35
-18.0948,2.24E-35
-18.1033,2.27E-35
-18.1117,2.31E-35
-18.1202,2.34E-35
-18.1286,2.37E-35
-18.1371,2.41E-35
-18.1456,2.44E-35
-18.154,2.47E-35
-18.1625,2.51E-35
-18.171,2.54E-35
-18.1794,2.58E-35
-18.1879,2.61E-35
-18.1964,2.65E-35
-18.2048,2.68E-35
-18.2133,2.72E-35
-18.2218,2.75E-35
-18.2303,2.79E-35
-18.2387,2.82E-35
-18.2472,2.86E-35
-18.2557,2.89E-35
-18.2642,2.93E-35
-18.2726,2.96E-35
-18.2811,3.00E-35
-18.2896,3.03E-35
-18.2981,3.07E-35
-18.3066,3.10E-35
-18.3151,3.14E-35
-18.3235,3.18E-35
-18.332,3.21E-35
-18.3405,3.24E-35
-18.349,3.27E-35
-18.3575,3.29E-35
-18.366,3.32E-35
-18.3745,3.35E-35
-18.383,3.38E-35
-18.3915,3.40E-35
-18.4,3.43E-35
-18.4085,3.46E-35
-18.417,3.48E-35
-18.4255,3.51E-35
-18.434,3.53E-35
-18.4425,3.56E-35
-18.451,3.58E-35
-18.4595,3.61E-35
-18.468,3.63E-35
-18.4765,3.65E-35
-18.485,3.68E-35
-18.4935,3.70E-35
-18.502,3.72E-35
-18.5105,3.74E-35
-18.519,3.76E-35
-18.5275,3.78E-35
-18.5361,3.80E-35
-18.5446,3.82E-35
-18.5531,3.84E-35
-18.5616,3.86E-35
-18.5701,3.88E-35
-18.5787,3.90E-35
-18.5872,3.91E-35
-18.5957,3.93E-35
-18.6042,3.95E-35
-18.6127,3.96E-35
-18.6213,3.98E-35
-18.6298,3.99E-35
-18.6383,4.00E-35
-18.6469,4.02E-35
-18.6554,4.03E-35
-18.6639,4.04E-35
-18.6724,4.05E-35
-18.681,4.06E-35
-18.6895,4.07E-35
-18.6981,4.08E-35
-18.7066,4.09E-35
-18.7151,4.10E-35
-18.7237,4.10E-35
-18.7322,4.11E-35
-18.7407,4.11E-35
-18.7493,4.12E-35
-18.7578,4.12E-35
-18.7664,4.13E-35
-18.7749,4.13E-35
-18.7835,4.13E-35
-18.792,4.13E-35
-18.8006,4.13E-35
-18.8091,4.13E-35
-18.8177,4.13E-35
-18.8262,4.12E-35
-18.8348,4.12E-35
-18.8433,4.12E-35
-18.8519,4.11E-35
-18.8604,4.10E-35
-18.869,4.10E-35
-18.8776,4.09E-35
-18.8861,4.08E-35
-18.8947,4.07E-35
-18.9032,4.06E-35
-18.9118,4.05E-35
-18.9204,4.03E-35
-18.9289,4.02E-35
-18.9375,4.00E-35
-18.9461,3.99E-35
-18.9546,3.97E-35
-18.9632,3.95E-35
-18.9718,3.93E-35
-18.9804,3.91E-35
-18.9889,3.89E-35
-18.9975,3.87E-35
-19.0061,3.84E-35
-19.0147,3.82E-35
-19.0232,3.79E-35
-19.0318,3.77E-35
-19.0404,3.74E-35
-19.049,3.71E-35
-19.0576,3.68E-35
-19.0662,3.65E-35
-19.0747,3.61E-35
-19.0833,3.58E-35
-19.0919,3.54E-35
-19.1005,3.51E-35
-19.1091,3.47E-35
-19.1177,3.43E-35
-19.1263,3.39E-35
-19.1349,3.35E-35
-19.1435,3.33E-35
-19.1521,3.30E-35
-19.1606,3.27E-35
-19.1692,3.25E-35
-19.1778,3.22E-35
-19.1864,3.19E-35
-19.195,3.16E-35
-19.2036,3.13E-35
-19.2122,3.10E-35
-19.2209,3.07E-35
-19.2295,3.03E-35
-19.2381,3.00E-35
-19.2467,2.97E-35
-19.2553,2.93E-35
-19.2639,2.90E-35
-19.2725,2.86E-35
-19.2811,2.83E-35
-19.2897,2.79E-35
-19.2983,2.75E-35
-19.307,2.72E-35
-19.3156,2.68E-35
-19.3242,2.64E-35
-19.3328,2.60E-35
-19.3414,2.56E-35
-19.35,2.52E-35
-19.3587,2.48E-35
-19.3673,2.43E-35
-19.3759,2.39E-35
-19.3845,2.35E-35
-19.3932,2.30E-35
-19.4018,2.26E-35
-19.4104,2.21E-35
-19.419,2.16E-35
-19.4277,2.12E-35
-19.4363,2.07E-35
-19.4449,2.02E-35
-19.4536,1.97E-35
-19.4622,1.92E-35
-19.4708,1.87E-35
-19.4795,1.82E-35
-19.4881,1.77E-35
-19.4968,1.72E-35
-19.5054,1.66E-35
-19.514,1.61E-35
-19.5227,1.56E-35
-19.5313,1.50E-35
-19.54,1.45E-35
-19.5486,1.39E-35
-19.5573,1.33E-35
-19.5659,1.28E-35
-19.5746,1.22E-35
-19.5832,1.16E-35
-19.5919,1.10E-35
-19.6005,1.04E-35
-19.6092,9.81E-36
-19.6178,9.20E-36
-19.6265,8.58E-36
-19.6351,7.96E-36
-19.6438,7.33E-36
-19.6525,6.70E-36
-19.6611,6.06E-36
-19.6698,5.41E-36
-19.6784,4.76E-36
-19.6871,4.10E-36
-19.6958,3.44E-36
-19.7044,2.77E-36
-19.7131,2.09E-36
-19.7218,1.41E-36
-19.7304,7.18E-37
-19.7391,2.38E-38
-19.7478,-6.76E-37
-19.7564,-1.38E-36
-19.7651,-2.09E-36
-19.7738,-2.81E-36
-19.7825,-3.54E-36
-19.7911,-4.26E-36
-19.7998,-5.00E-36
-19.8085,-5.74E-36
-19.8172,-6.49E-36
-19.8259,-7.24E-36
-19.8345,-8.00E-36
-19.8432,-8.76E-36
-19.8519,-9.53E-36
-19.8606,-1.03E-35
-19.8693,-1.11E-35
-19.878,-1.19E-35
-19.8867,-1.27E-35
-19.8953,-1.35E-35
-19.904,-1.43E-35
-19.9127,-1.51E-35
-19.9214,-1.59E-35
-19.9301,-1.67E-35
-19.9388,-1.75E-35
-19.9475,-1.82E-35
-19.9562,-1.89E-35
-19.9649,-1.95E-35
-19.9736,-2.01E-35
-19.9823,-2.08E-35
-19.991,-2.14E-35
-19.9997,-2.20E-35
-20.0084,-2.26E-35
-20.0171,-2.32E-35
-20.0258,-2.38E-35
-20.0345,-2.43E-35
-20.0432,-2.49E-35
-20.0519,-2.55E-35
-20.0607,-2.60E-35
-20.0694,-2.65E-35
-20.0781,-2.71E-35
-20.0868,-2.76E-35
-20.0955,-2.81E-35
-20.1042,-2.86E-35
-20.1129,-2.91E-35
-20.1217,-2.95E-35
-20.1304,-3.00E-35
-20.1391,-3.04E-35
-20.1478,-3.09E-35
-20.1565,-3.13E-35
-20.1653,-3.17E-35
-20.174,-3.21E-35
-20.1827,-3.24E-35
-20.1914,-3.28E-35
-20.2002,-3.31E-35
-20.2089,-3.34E-35
-20.2176,-3.37E-35
-20.2264,-3.40E-35
-20.2351,-3.43E-35
-20.2438,-3.45E-35
-20.2526,-3.48E-35
-20.2613,-3.50E-35
-20.27,-3.52E-35
-20.2788,-3.53E-35
-20.2875,-3.55E-35
-20.2962,-3.56E-35
-20.305,-3.57E-35
-20.3137,-3.58E-35
-20.3225,-3.59E-35
-20.3312,-3.59E-35
-20.34,-3.59E-35
-20.3487,-3.59E-35
-20.3575,-3.59E-35
-20.3662,-3.58E-35
-20.375,-3.57E-35
-20.3837,-3.56E-35
-20.3925,-3.55E-35
-20.4012,-3.53E-35
-20.41,-3.51E-35
-20.4187,-3.49E-35
-20.4275,-3.46E-35
-20.4362,-3.44E-35
-20.445,-3.40E-35
-20.4538,-3.37E-35
-20.4625,-3.33E-35
-20.4713,-3.29E-35
-20.48,-3.25E-35
-20.4888,-3.20E-35
-20.4976,-3.15E-35
-20.5063,-3.10E-35
-20.5151,-3.08E-35
-20.5239,-3.06E-35
-20.5326,-3.04E-35
-20.5414,-3.02E-35
-20.5502,-3.00E-35
-20.5589,-2.98E-35
-20.5677,-2.95E-35
-20.5765,-2.93E-35
-20.5853,-2.90E-35
-20.594,-2.87E-35
-20.6028,-2.84E-35
-20.6116,-2.81E-35
-20.6204,-2.78E-35
-20.6292,-2.75E-35
-20.6379,-2.72E-35
-20.6467,-2.68E-35
-20.6555,-2.65E-35
-20.6643,-2.61E-35
-20.6731,-2.58E-35
-20.6819,-2.54E-35
-20.6907,-2.50E-35
-20.6995,-2.46E-35
-20.7082,-2.42E-35
-20.717,-2.38E-35
-20.7258,-2.34E-35
-20.7346,-2.29E-35
-20.7434,-2.25E-35
-20.7522,-2.21E-35
-20.761,-2.16E-35
-20.7698,-2.11E-35
-20.7786,-2.07E-35
-20.7874,-2.02E-35
-20.7962,-1.97E-35
-20.805,-1.92E-35
-20.8138,-1.87E-35
-20.8226,-1.82E-35
-20.8314,-1.77E-35
-20.8402,-1.72E-35
-20.849,-1.67E-35
-20.8579,-1.62E-35
-20.8667,-1.56E-35
-20.8755,-1.51E-35
-20.8843,-1.46E-35
-20.8931,-1.40E-35
-20.9019,-1.35E-35
-20.9107,-1.29E-35
-20.9196,-1.24E-35
-20.9284,-1.18E-35
-20.9372,-1.13E-35
-20.946,-1.07E-35
-20.9548,-1.02E-35
-20.9637,-9.61E-36
-20.9725,-9.05E-36
-20.9813,-8.48E-36
-20.9901,-7.92E-36
-20.999,-7.35E-36
-21.0078,-6.78E-36
-21.0166,-6.22E-36
-21.0254,-5.65E-36
-21.0343,-5.09E-36
-21.0431,-4.53E-36
-21.0519,-3.97E-36
-21.0608,-3.41E-36
-21.0696,-2.85E-36
-21.0784,-2.29E-36
-21.0873,-1.72E-36
-21.0961,-1.15E-36
-21.105,-5.81E-37
-21.1138,-1.70E-38
-21.1226,5.43E-37
-21.1315,1.10E-36
-21.1403,1.65E-36
-21.1492,2.20E-36
-21.158,2.74E-36
-21.1669,3.28E-36
-21.1757,3.81E-36
-21.1846,4.34E-36
-21.1934,4.86E-36
-21.2023,5.37E-36
-21.2111,5.88E-36
-21.22,6.38E-36
-21.2288,6.87E-36
-21.2377,7.35E-36
-21.2465,7.83E-36
-21.2554,8.29E-36
-21.2643,8.75E-36
-21.2731,9.19E-36
-21.282,9.63E-36
-21.2908,1.01E-35
-21.2997,1.05E-35
-21.3086,1.09E-35
-21.3174,1.13E-35
-21.3263,1.16E-35
-21.3352,1.20E-35
-21.344,1.23E-35
-21.3529,1.27E-35
-21.3618,1.30E-35
-21.3707,1.33E-35
-21.3795,1.36E-35
-21.3884,1.39E-35
-21.3973,1.41E-35
-21.4062,1.44E-35
-21.415,1.46E-35
-21.4239,1.48E-35
-21.4328,1.50E-35
-21.4417,1.52E-35
-21.4506,1.53E-35
-21.4594,1.55E-35
-21.4683,1.56E-35
-21.4772,1.57E-35
-21.4861,1.57E-35
-21.495,1.58E-35
-21.5039,1.58E-35
-21.5128,1.58E-35
-21.5216,1.58E-35
-21.5305,1.58E-35
-21.5394,1.57E-35
-21.5483,1.56E-35
-21.5572,1.55E-35
-21.5661,1.53E-35
-21.575,1.52E-35
-21.5839,1.50E-35
-21.5928,1.48E-35
-21.6017,1.45E-35
-21.6106,1.42E-35
-21.6195,1.39E-35
-21.6284,1.36E-35
-21.6373,1.32E-35
-21.6462,1.28E-35
-21.6551,1.26E-35
-21.664,1.25E-35
-21.673,1.23E-35
-21.6819,1.21E-35
-21.6908,1.19E-35
-21.6997,1.17E-35
-21.7086,1.15E-35
-21.7175,1.12E-35
-21.7264,1.10E-35
-21.7354,1.07E-35
-21.7443,1.04E-35
-21.7532,1.01E-35
-21.7621,9.74E-36
-21.771,9.40E-36
-21.78,9.05E-36
-21.7889,8.67E-36
-21.7978,8.28E-36
-21.8067,7.88E-36
-21.8157,7.46E-36
-21.8246,7.02E-36
-21.8335,6.57E-36
-21.8424,6.10E-36
-21.8514,5.62E-36
-21.8603,5.12E-36
-21.8692,4.60E-36
-21.8782,4.07E-36
-21.8871,3.52E-36
-21.896,2.95E-36
-21.905,2.37E-36
-21.9139,1.78E-36
-21.9229,1.16E-36
-21.9318,5.32E-37
-21.9407,-1.14E-37
-21.9497,-7.76E-37
-21.9586,-1.45E-36
-21.9676,-2.15E-36
-21.9765,-2.86E-36
-21.9855,-3.59E-36
-21.9944,-4.33E-36
-22.0034,-5.09E-36
-22.0123,-5.87E-36
-22.0213,-6.66E-36
-22.0302,-7.47E-36
-22.0392,-8.29E-36
-22.0481,-9.13E-36
-22.0571,-9.99E-36
-22.066,-1.09E-35
-22.075,-1.18E-35
-22.084,-1.27E-35
-22.0929,-1.36E-35
-22.1019,-1.45E-35
-22.1108,-1.55E-35
-22.1198,-1.64E-35
-22.1288,-1.74E-35
-22.1377,-1.84E-35
-22.1467,-1.94E-35
-22.1557,-2.05E-35
-22.1646,-2.15E-35
-22.1736,-2.26E-35
-22.1826,-2.36E-35
-22.1916,-2.47E-35
-22.2005,-2.58E-35
-22.2095,-2.70E-35
-22.2185,-2.81E-35
-22.2275,-2.92E-35
-22.2364,-3.01E-35
-22.2454,-3.10E-35
-22.2544,-3.18E-35
-22.2634,-3.27E-35
-22.2724,-3.36E-35
-22.2814,-3.44E-35
-22.2903,-3.53E-35
-22.2993,-3.61E-35
-22.3083,-3.69E-35
-22.3173,-3.77E-35
-22.3263,-3.84E-35
-22.3353,-3.92E-35
-22.3443,-3.99E-35
-22.3533,-4.06E-35
-22.3623,-4.12E-35
-22.3712,-4.19E-35
-22.3802,-4.25E-35
-22.3892,-4.31E-35
-22.3982,-4.36E-35
-22.4072,-4.42E-35
-22.4162,-4.46E-35
-22.4252,-4.51E-35
-22.4342,-4.55E-35
-22.4432,-4.59E-35
-22.4523,-4.62E-35
-22.4613,-4.65E-35
-22.4703,-4.67E-35
-22.4793,-4.69E-35
-22.4883,-4.71E-35
-22.4973,-4.72E-35
-22.5063,-4.72E-35
-22.5153,-4.72E-35
-22.5243,-4.72E-35
-22.5333,-4.71E-35
-22.5424,-4.69E-35
-22.5514,-4.67E-35
-22.5604,-4.64E-35
-22.5694,-4.60E-35
-22.5784,-4.56E-35
-22.5875,-4.51E-35
-22.5965,-4.45E-35
-22.6055,-4.39E-35
-22.6145,-4.33E-35
-22.6235,-4.30E-35
-22.6326,-4.26E-35
-22.6416,-4.22E-35
-22.6506,-4.18E-35
-22.6597,-4.13E-35
-22.6687,-4.08E-35
-22.6777,-4.03E-35
-22.6868,-3.97E-35
-22.6958,-3.91E-35
-22.7048,-3.84E-35
-22.7139,-3.77E-35
-22.7229,-3.70E-35
-22.7319,-3.62E-35
-22.741,-3.54E-35
-22.75,-3.45E-35
-22.7591,-3.36E-35
-22.7681,-3.27E-35
-22.7772,-3.17E-35
-22.7862,-3.07E-35
-22.7952,-2.97E-35
-22.8043,-2.86E-35
-22.8133,-2.74E-35
-22.8224,-2.63E-35
-22.8314,-2.50E-35
-22.8405,-2.38E-35
-22.8496,-2.25E-35
-22.8586,-2.11E-35
-22.8677,-1.98E-35
-22.8767,-1.84E-35
-22.8858,-1.69E-35
-22.8948,-1.54E-35
-22.9039,-1.39E-35
-22.913,-1.23E-35
-22.922,-1.07E-35
-22.9311,-9.04E-36
-22.9402,-7.35E-36
-22.9492,-5.62E-36
-22.9583,-3.85E-36
-22.9674,-2.05E-36
-22.9764,-2.05E-37
-22.9855,1.67E-36
-22.9946,3.59E-36
-23.0036,5.43E-36
-23.0127,7.12E-36
-23.0218,8.81E-36
-23.0309,1.05E-35
-23.0399,1.22E-35
-23.049,1.39E-35
-23.0581,1.56E-35
-23.0672,1.73E-35
-23.0763,1.90E-35
-23.0853,2.07E-35
-23.0944,2.24E-35
-23.1035,2.41E-35
-23.1126,2.58E-35
-23.1217,2.74E-35
-23.1308,2.91E-35
-23.1399,3.07E-35
-23.1489,3.23E-35
-23.158,3.39E-35
-23.1671,3.55E-35
-23.1762,3.70E-35
-23.1853,3.86E-35
-23.1944,4.01E-35
-23.2035,4.15E-35
-23.2126,4.29E-35
-23.2217,4.43E-35
-23.2308,4.57E-35
-23.2399,4.70E-35
-23.249,4.82E-35
-23.2581,4.94E-35
-23.2672,5.06E-35
-23.2763,5.17E-35
-23.2854,5.27E-35
-23.2945,5.37E-35
-23.3037,5.46E-35
-23.3128,5.55E-35
-23.3219,5.63E-35
-23.331,5.70E-35
-23.3401,5.77E-35
-23.3492,5.82E-35
-23.3583,5.87E-35
-23.3675,5.91E-35
-23.3766,5.94E-35
-23.3857,5.97E-35
-23.3948,6.00E-35
-23.4039,6.08E-35
-23.4131,6.14E-35
-23.4222,6.21E-35
-23.4313,6.26E-35
-23.4404,6.32E-35
-23.4496,6.37E-35
-23.4587,6.42E-35
-23.4678,6.46E-35
-23.477,6.49E-35
-23.4861,6.53E-35
-23.4952,6.55E-35
-23.5044,6.58E-35
-23.5135,6.60E-35
-23.5226,6.61E-35
-23.5318,6.62E-35
-23.5409,6.62E-35
-23.55,6.62E-35
-23.5592,6.61E-35
-23.5683,6.60E-35
-23.5775,6.58E-35
-23.5866,6.56E-35
-23.5958,6.53E-35
-23.6049,6.49E-35
-23.6141,6.45E-35
-23.6232,6.41E-35
-23.6324,6.35E-35
-23.6415,6.30E-35
-23.6507,6.23E-35
-23.6598,6.16E-35
-23.669,6.09E-35
-23.6781,6.01E-35
-23.6873,5.92E-35
-23.6964,5.83E-35
-23.7056,5.73E-35
-23.7148,5.62E-35
-23.7239,5.51E-35
-23.7331,5.39E-35
-23.7423,5.27E-35
-23.7514,5.14E-35
-23.7606,5.00E-35
-23.7698,4.86E-35
-23.7789,4.71E-35
-23.7881,4.56E-35
-23.7973,4.43E-35
-23.8064,4.30E-35
-23.8156,4.17E-35
-23.8248,4.03E-35
-23.834,3.89E-35
-23.8431,3.75E-35
-23.8523,3.60E-35
-23.8615,3.45E-35
-23.8707,3.30E-35
-23.8799,3.14E-35
-23.889,2.99E-35
-23.8982,2.83E-35
-23.9074,2.67E-35
-23.9166,2.51E-35
-23.9258,2.34E-35
-23.935,2.18E-35
-23.9442,2.01E-35
-23.9533,1.84E-35
-23.9625,1.68E-35
-23.9717,1.51E-35
-23.9809,1.34E-35
-23.9901,1.17E-35
-23.9993,9.97E-36
-24.0085,8.27E-36
-24.0177,6.57E-36
-24.0269,4.88E-36
-24.0361,3.19E-36
-24.0453,1.51E-36
-24.0545,-1.52E-37
-24.0637,-1.80E-36
-24.0729,-3.44E-36
-24.0821,-5.05E-36
-24.0913,-6.64E-36
-24.1005,-8.21E-36
-24.1098,-9.76E-36
-24.119,-1.13E-35
-24.1282,-1.28E-35
-24.1374,-1.42E-35
-24.1466,-1.56E-35
-24.1558,-1.70E-35
-24.165,-1.83E-35
-24.1743,-1.96E-35
-24.1835,-2.09E-35
-24.1927,-2.24E-35
-24.2019,-2.38E-35
-24.2111,-2.52E-35
-24.2204,-2.66E-35
-24.2296,-2.79E-35
-24.2388,-2.92E-35
-24.248,-3.04E-35
-24.2573,-3.16E-35
-24.2665,-3.28E-35
-24.2757,-3.39E-35
-24.285,-3.49E-35
-24.2942,-3.59E-35
-24.3034,-3.69E-35
-24.3127,-3.78E-35
-24.3219,-3.86E-35
-24.3312,-3.94E-35
-24.3404,-4.01E-35
-24.3496,-4.08E-35
-24.3589,-4.14E-35
-24.3681,-4.19E-35
-24.3774,-4.23E-35
-24.3866,-4.27E-35
-24.3958,-4.29E-35
-24.4051,-4.31E-35
-24.4143,-4.33E-35
-24.4236,-4.33E-35
-24.4328,-4.32E-35
-24.4421,-4.31E-35
-24.4514,-4.29E-35
-24.4606,-4.25E-35
-24.4699,-4.21E-35
-24.4791,-4.16E-35
-24.4884,-4.09E-35
-24.4976,-4.02E-35
-24.5069,-3.93E-35
-24.5162,-3.83E-35
-24.5254,-3.73E-35
-24.5347,-3.61E-35
-24.5439,-3.47E-35
-24.5532,-3.33E-35
-24.5625,-3.17E-35
-24.5717,-3.00E-35
-24.581,-2.85E-35
-24.5903,-2.74E-35
-24.5996,-2.62E-35
-24.6088,-2.50E-35
-24.6181,-2.37E-35
-24.6274,-2.23E-35
-24.6367,-2.09E-35
-24.6459,-1.94E-35
-24.6552,-1.78E-35
-24.6645,-1.62E-35
-24.6738,-1.46E-35
-24.6831,-1.28E-35
-24.6923,-1.11E-35
-24.7016,-9.22E-36
-24.7109,-7.33E-36
-24.7202,-5.38E-36
-24.7295,-3.39E-36
-24.7388,-1.34E-36
-24.7481,7.62E-37
-24.7574,2.91E-36
-24.7667,5.11E-36
-24.776,7.36E-36
-24.7852,9.65E-36
-24.7945,1.20E-35
-24.8038,1.44E-35
-24.8131,1.68E-35
-24.8224,1.92E-35
-24.8317,2.18E-35
-24.841,2.43E-35
-24.8503,2.69E-35
-24.8597,2.95E-35
-24.869,3.21E-35
-24.8783,3.48E-35
-24.8876,3.75E-35
-24.8969,4.02E-35
-24.9062,4.30E-35
-24.9155,4.57E-35
-24.9248,4.85E-35
-24.9341,5.14E-35
-24.9435,5.42E-35
-24.9528,5.70E-35
-24.9621,5.99E-35
-24.9714,6.28E-35
-24.9807,6.56E-35
-24.99,6.83E-35
-24.9994,7.10E-35
-25.0087,7.36E-35
-25.018,7.63E-35
-25.0273,7.89E-35
-25.0367,8.16E-35
-25.046,8.41E-35
-25.0553,8.67E-35
-25.0647,8.92E-35
-25.074,9.17E-35
-25.0833,9.41E-35
-25.0927,9.65E-35
-25.102,9.88E-35
-25.1113,1.01E-34
-25.1207,1.03E-34
-25.13,1.05E-34
-25.1394,1.07E-34
-25.1487,1.09E-34
-25.158,1.11E-34
-25.1674,1.13E-34
-25.1767,1.15E-34
-25.1861,1.17E-34
-25.1954,1.18E-34
-25.2048,1.20E-34
-25.2141,1.21E-34
-25.2235,1.22E-34
-25.2328,1.23E-34
-25.2422,1.24E-34
-25.2515,1.25E-34
-25.2609,1.26E-34
-25.2702,1.27E-34
-25.2796,1.27E-34
-25.289,1.28E-34
-25.2983,1.28E-34
-25.3077,1.28E-34
-25.3171,1.28E-34
-25.3264,1.27E-34
-25.3358,1.27E-34
-25.3451,1.26E-34
-25.3545,1.25E-34
-25.3639,1.24E-34
-25.3733,1.23E-34
-25.3826,1.22E-34
-25.392,1.21E-34
-25.4014,1.21E-34
-25.4108,1.20E-34
-25.4201,1.19E-34
-25.4295,1.18E-34
-25.4389,1.16E-34
-25.4483,1.15E-34
-25.4576,1.14E-34
-25.467,1.12E-34
-25.4764,1.11E-34
-25.4858,1.09E-34
-25.4952,1.08E-34
-25.5046,1.06E-34
-25.514,1.04E-34
-25.5233,1.02E-34
-25.5327,1.01E-34
-25.5421,9.88E-35
-25.5515,9.69E-35
-25.5609,9.49E-35
-25.5703,9.30E-35
-25.5797,9.10E-35
-25.5891,8.90E-35
-25.5985,8.70E-35
-25.6079,8.50E-35
-25.6173,8.29E-35
-25.6267,8.10E-35
-25.6361,7.90E-35
-25.6455,7.71E-35
-25.6549,7.50E-35
-25.6643,7.29E-35
-25.6737,7.09E-35
-25.6832,6.89E-35
-25.6926,6.69E-35
-25.702,6.49E-35
-25.7114,6.29E-35
-25.7208,6.10E-35
-25.7302,5.92E-35
-25.7396,5.74E-35
-25.7491,5.57E-35
-25.7585,5.40E-35
-25.7679,5.24E-35
-25.7773,5.09E-35
-25.7868,4.94E-35
-25.7962,4.81E-35
-25.8056,4.68E-35
-25.815,4.57E-35
-25.8245,4.46E-35
-25.8339,4.37E-35
-25.8433,4.29E-35
-25.8528,4.20E-35
-25.8622,4.11E-35
-25.8716,4.02E-35
-25.8811,3.94E-35
-25.8905,3.87E-35
-25.8999,3.80E-35
-25.9094,3.75E-35
-25.9188,3.69E-35
-25.9283,3.65E-35
-25.9377,3.61E-35
-25.9471,3.58E-35
-25.9566,3.56E-35
-25.966,3.54E-35
-25.9755,3.53E-35
-25.9849,3.53E-35
-25.9944,3.53E-35
-26.0038,3.53E-35
-26.0133,3.55E-35
-26.0227,3.56E-35
-26.0322,3.59E-35
-26.0417,3.61E-35
-26.0511,3.64E-35
-26.0606,3.67E-35
-26.07,3.70E-35
-26.0795,3.74E-35
-26.089,3.77E-35
-26.0984,3.81E-35
-26.1079,3.85E-35
-26.1173,3.88E-35
-26.1268,3.92E-35
-26.1363,3.95E-35
-26.1458,3.98E-35
-26.1552,4.01E-35
-26.1647,4.03E-35
-26.1742,4.04E-35
-26.1836,4.05E-35
-26.1931,4.06E-35
-26.2026,4.05E-35
-26.2121,4.03E-35
-26.2216,4.01E-35
-26.231,3.97E-35
-26.2405,3.92E-35
-26.25,3.87E-35
-26.2595,3.85E-35
-26.269,3.83E-35
-26.2785,3.80E-35
-26.2879,3.76E-35
-26.2974,3.72E-35
-26.3069,3.66E-35
-26.3164,3.61E-35
-26.3259,3.54E-35
-26.3354,3.47E-35
-26.3449,3.39E-35
-26.3544,3.30E-35
-26.3639,3.21E-35
-26.3734,3.10E-35
-26.3829,2.99E-35
-26.3924,2.87E-35
-26.4019,2.74E-35
-26.4114,2.60E-35
-26.4209,2.45E-35
-26.4304,2.30E-35
-26.4399,2.13E-35
-26.4494,1.96E-35
-26.4589,1.82E-35
-26.4685,1.67E-35
-26.478,1.52E-35
-26.4875,1.37E-35
-26.497,1.22E-35
-26.5065,1.06E-35
-26.516,9.16E-36
-26.5256,7.68E-36
-26.5351,6.25E-36
-26.5446,4.85E-36
-26.5541,3.50E-36
-26.5636,2.22E-36
-26.5732,1.01E-36
-26.5827,-1.20E-37
-26.5922,-1.15E-36
-26.6018,-2.06E-36
-26.6113,-2.86E-36
-26.6208,-3.51E-36
-26.6303,-4.01E-36
-26.6399,-4.34E-36
-26.6494,-4.60E-36
-26.659,-5.28E-36
-26.6685,-5.89E-36
-26.678,-6.42E-36
-26.6876,-6.86E-36
-26.6971,-7.20E-36
-26.7067,-7.45E-36
-26.7162,-7.60E-36
-26.7257,-7.65E-36
-26.7353,-7.58E-36
-26.7448,-7.39E-36
-26.7544,-7.09E-36
-26.7639,-6.66E-36
-26.7735,-6.10E-36
-26.783,-5.41E-36
-26.7926,-4.58E-36
-26.8021,-3.60E-36
-26.8117,-2.48E-36
-26.8213,-1.20E-36
-26.8308,2.29E-37
-26.8404,1.82E-36
-26.8499,3.56E-36
-26.8595,4.82E-36
-26.8691,6.14E-36
-26.8786,7.49E-36
-26.8882,8.87E-36
-26.8978,1.03E-35
-26.9073,1.17E-35
-26.9169,1.31E-35
-26.9265,1.45E-35
-26.936,1.59E-35
-26.9456,1.73E-35
-26.9552,1.86E-35
-26.9648,1.98E-35
-26.9743,2.10E-35
-26.9839,2.21E-35
-26.9935,2.31E-35
-27.0031,2.39E-35
-27.0127,2.47E-35
-27.0223,2.52E-35
-27.0318,2.56E-35
-27.0414,2.58E-35
-27.051,2.58E-35
-27.0606,2.64E-35
-27.0702,2.70E-35
-27.0798,2.74E-35
-27.0894,2.78E-35
-27.099,2.80E-35
-27.1086,2.82E-35
-27.1182,2.82E-35
-27.1278,2.81E-35
-27.1373,2.78E-35
-27.1469,2.74E-35
-27.1565,2.69E-35
-27.1662,2.62E-35
-27.1758,2.54E-35
-27.1854,2.43E-35
-27.195,2.31E-35
-27.2046,2.17E-35
-27.2142,2.02E-35
-27.2238,1.84E-35
-27.2334,1.64E-35
-27.243,1.42E-35
-27.2526,1.18E-35
-27.2622,9.87E-36
-27.2719,8.05E-36
-27.2815,6.18E-36
-27.2911,4.26E-36
-27.3007,2.32E-36
-27.3103,3.53E-37
-27.32,-1.62E-36
-27.3296,-3.59E-36
-27.3392,-5.54E-36
-27.3488,-7.45E-36
-27.3585,-9.32E-36
-27.3681,-1.11E-35
-27.3777,-1.28E-35
-27.3873,-1.44E-35
-27.397,-1.59E-35
-27.4066,-1.73E-35
-27.4162,-1.85E-35
-27.4259,-1.95E-35
-27.4355,-2.03E-35
-27.4452,-2.08E-35
-27.4548,-2.11E-35
-27.4644,-2.20E-35
-27.4741,-2.32E-35
-27.4837,-2.43E-35
-27.4934,-2.53E-35
-27.503,-2.63E-35
-27.5127,-2.72E-35
-27.5223,-2.80E-35
-27.532,-2.87E-35
-27.5416,-2.93E-35
-27.5513,-2.98E-35
-27.5609,-3.02E-35
-27.5706,-3.05E-35
-27.5802,-3.06E-35
-27.5899,-3.07E-35
-27.5995,-3.06E-35
-27.6092,-3.04E-35
-27.6189,-3.01E-35
-27.6285,-2.96E-35
-27.6382,-2.90E-35
-27.6478,-2.83E-35
-27.6575,-2.74E-35
-27.6672,-2.66E-35
-27.6768,-2.58E-35
-27.6865,-2.49E-35
-27.6962,-2.40E-35
-27.7059,-2.30E-35
-27.7155,-2.19E-35
-27.7252,-2.07E-35
-27.7349,-1.95E-35
-27.7446,-1.83E-35
-27.7542,-1.70E-35
-27.7639,-1.57E-35
-27.7736,-1.44E-35
-27.7833,-1.30E-35
-27.793,-1.17E-35
-27.8026,-1.03E-35
-27.8123,-8.97E-36
-27.822,-7.67E-36
-27.8317,-6.40E-36
-27.8414,-5.18E-36
-27.8511,-4.03E-36
-27.8608,-2.96E-36
-27.8705,-1.77E-36
-27.8802,-3.32E-37
-27.8899,1.09E-36
-27.8995,2.48E-36
-27.9092,3.85E-36
-27.9189,5.17E-36
-27.9286,6.45E-36
-27.9383,7.67E-36
-27.9481,8.84E-36
-27.9578,9.93E-36
-27.9675,1.09E-35
-27.9772,1.19E-35
-27.9869,1.27E-35
-27.9966,1.35E-35
-28.0063,1.41E-35
-28.016,1.46E-35
-28.0257,1.49E-35
-28.0354,1.52E-35
-28.0451,1.53E-35
-28.0549,1.52E-35
-28.0646,1.49E-35
-28.0743,1.47E-35
-28.084,1.46E-35
-28.0937,1.45E-35
-28.1035,1.44E-35
-28.1132,1.41E-35
-28.1229,1.37E-35
-28.1326,1.32E-35
-28.1424,1.27E-35
-28.1521,1.21E-35
-28.1618,1.13E-35
-28.1716,1.05E-35
-28.1813,9.65E-36
-28.191,8.68E-36
-28.2008,7.63E-36
-28.2105,6.51E-36
-28.2202,5.32E-36
-28.23,4.06E-36
-28.2397,2.74E-36
-28.2495,1.36E-36
-28.2592,-8.17E-38
-28.2689,-1.57E-36
-28.2787,-3.09E-36
-28.2884,-4.60E-36
-28.2982,-6.13E-36
-28.3079,-7.68E-36
-28.3177,-9.22E-36
-28.3274,-1.08E-35
-28.3372,-1.23E-35
-28.3469,-1.38E-35
-28.3567,-1.53E-35
-28.3665,-1.67E-35
-28.3762,-1.81E-35
-28.386,-1.94E-35
-28.3957,-2.06E-35
-28.4055,-2.17E-35
-28.4153,-2.28E-35
-28.425,-2.37E-35
-28.4348,-2.44E-35
-28.4446,-2.51E-35
-28.4543,-2.55E-35
-28.4641,-2.58E-35
-28.4739,-2.59E-35
-28.4836,-2.58E-35
-28.4934,-2.60E-35
-28.5032,-2.62E-35
-28.513,-2.63E-35
-28.5227,-2.63E-35
-28.5325,-2.62E-35
-28.5423,-2.60E-35
-28.5521,-2.58E-35
-28.5618,-2.55E-35
-28.5716,-2.51E-35
-28.5814,-2.47E-35
-28.5912,-2.43E-35
-28.601,-2.38E-35
-28.6108,-2.33E-35
-28.6206,-2.28E-35
-28.6304,-2.22E-35
-28.6401,-2.16E-35
-28.6499,-2.08E-35
-28.6597,-2.00E-35
-28.6695,-1.92E-35
-28.6793,-1.84E-35
-28.6891,-1.75E-35
-28.6989,-1.67E-35
-28.7087,-1.59E-35
-28.7185,-1.52E-35
-28.7283,-1.44E-35
-28.7381,-1.38E-35
-28.7479,-1.32E-35
-28.7577,-1.27E-35
-28.7675,-1.23E-35
-28.7773,-1.20E-35
-28.7872,-1.18E-35
-28.797,-1.14E-35
-28.8068,-1.10E-35
-28.8166,-1.07E-35
-28.8264,-1.04E-35
-28.8362,-1.03E-35
-28.846,-1.01E-35
-28.8559,-1.01E-35
-28.8657,-1.01E-35
-28.8755,-1.02E-35
-28.8853,-1.04E-35
-28.8951,-1.07E-35
-28.905,-1.10E-35
-28.9148,-1.14E-35
-28.9246,-1.20E-35
-28.9345,-1.25E-35
-28.9443,-1.31E-35
-28.9541,-1.36E-35
-28.9639,-1.42E-35
-28.9738,-1.48E-35
-28.9836,-1.54E-35
-28.9935,-1.59E-35
-29.0033,-1.65E-35
-29.0131,-1.71E-35
-29.023,-1.76E-35
-29.0328,-1.81E-35
-29.0426,-1.85E-35
-29.0525,-1.88E-35
-29.0623,-1.90E-35
-29.0722,-1.91E-35
-29.082,-1.91E-35
-29.0919,-1.90E-35
-29.1017,-1.92E-35
-29.1116,-1.94E-35
-29.1214,-1.94E-35
-29.1313,-1.94E-35
-29.1411,-1.93E-35
-29.151,-1.92E-35
-29.1608,-1.89E-35
-29.1707,-1.86E-35
-29.1806,-1.82E-35
-29.1904,-1.76E-35
-29.2003,-1.70E-35
-29.2102,-1.62E-35
-29.22,-1.53E-35
-29.2299,-1.43E-35
-29.2397,-1.32E-35
-29.2496,-1.22E-35
-29.2595,-1.12E-35
-29.2694,-1.01E-35
-29.2792,-9.00E-36
-29.2891,-7.87E-36
-29.299,-6.72E-36
-29.3088,-5.56E-36
-29.3187,-4.39E-36
-29.3286,-3.23E-36
-29.3385,-2.09E-36
-29.3484,-9.86E-37
-29.3582,6.53E-38
-29.3681,1.05E-36
-29.378,1.95E-36
-29.3879,2.75E-36
-29.3978,3.60E-36
-29.4077,4.64E-36
-29.4176,5.64E-36
-29.4274,6.59E-36
-29.4373,7.49E-36
-29.4472,8.33E-36
-29.4571,9.11E-36
-29.467,9.80E-36
-29.4769,1.04E-35
-29.4868,1.09E-35
-29.4967,1.14E-35
-29.5066,1.17E-35
-29.5165,1.19E-35
-29.5264,1.19E-35
-29.5363,1.19E-35
-29.5462,1.16E-35
-29.5561,1.16E-35
-29.566,1.14E-35
-29.5759,1.12E-35
-29.5858,1.09E-35
-29.5958,1.06E-35
-29.6057,1.03E-35
-29.6156,1.00E-35
-29.6255,9.68E-36
-29.6354,9.37E-36
-29.6453,9.11E-36
-29.6552,8.92E-36
-29.6652,8.61E-36
-29.6751,8.19E-36
-29.685,7.77E-36
-29.6949,7.37E-36
-29.7049,6.98E-36
-29.7148,6.61E-36
-29.7247,6.27E-36
-29.7346,5.96E-36
-29.7446,5.70E-36
-29.7545,5.49E-36
-29.7644,5.34E-36
-29.7744,5.22E-36
-29.7843,5.06E-36
-29.7942,4.93E-36
-29.8042,4.82E-36
-29.8141,4.74E-36
-29.824,4.67E-36
-29.834,4.63E-36
-29.8439,4.60E-36
-29.8539,4.58E-36
-29.8638,4.55E-36
-29.8737,4.52E-36
-29.8837,4.48E-36
-29.8936,4.53E-36
-29.9036,4.60E-36
-29.9135,4.68E-36
-29.9235,4.77E-36
-29.9334,4.86E-36
-29.9434,4.94E-36
-29.9533,5.01E-36
-29.9633,5.07E-36
-29.9733,5.11E-36
-29.9832,5.11E-36
-29.9932,5.08E-36
-30.0031,5.07E-36
-30.0131,5.10E-36
-30.0231,5.12E-36
-30.033,5.13E-36
-30.043,5.13E-36
-30.053,5.11E-36
-30.0629,5.09E-36
-30.0729,5.06E-36
-30.0829,5.01E-36
-30.0928,4.96E-36
-30.1028,4.90E-36
-30.1128,4.83E-36
-30.1228,4.74E-36
-30.1327,4.64E-36
-30.1427,4.54E-36
-30.1527,4.43E-36
-30.1627,4.32E-36
-30.1726,4.21E-36
-30.1826,4.10E-36
-30.1926,3.99E-36
-30.2026,3.90E-36
-30.2126,3.81E-36
-30.2226,3.75E-36
-30.2325,3.65E-36
-30.2425,3.54E-36
-30.2525,3.44E-36
-30.2625,3.34E-36
-30.2725,3.24E-36
-30.2825,3.15E-36
-30.2925,3.06E-36
-30.3025,2.99E-36
-30.3125,2.92E-36
-30.3225,2.86E-36
-30.3325,2.81E-36
-30.3425,2.75E-36
-30.3525,2.67E-36
-30.3625,2.58E-36
-30.3725,2.49E-36
-30.3825,2.40E-36
-30.3925,2.32E-36
-30.4025,2.23E-36
-30.4125,2.14E-36
-30.4225,2.06E-36
-30.4325,1.98E-36
-30.4426,1.90E-36
-30.4526,1.82E-36
-30.4626,1.75E-36
-30.4726,1.68E-36
-30.4826,1.62E-36
-30.4926,1.56E-36
-30.5027,1.51E-36
-30.5127,1.46E-36
-30.5227,1.42E-36
-30.5327,1.39E-36
-30.5428,1.36E-36
-30.5528,1.29E-36
-30.5628,1.23E-36
-30.5728,1.16E-36
-30.5829,1.09E-36
-30.5929,1.03E-36
-30.6029,9.66E-37
-30.613,9.05E-37
-30.623,8.47E-37
-30.633,7.90E-37
-30.6431,7.36E-37
-30.6531,6.85E-37
-30.6631,6.38E-37
-30.6732,5.93E-37
-30.6832,5.53E-37
-30.6933,5.17E-37
-30.7033,4.86E-37
-30.7133,4.60E-37
-30.7234,4.39E-37
-30.7334,4.24E-37
-30.7435,4.15E-37
-30.7535,3.81E-37
-30.7636,3.48E-37
-30.7736,3.16E-37
-30.7837,2.86E-37
-30.7937,2.57E-37
-30.8038,2.29E-37
-30.8138,2.04E-37
-30.8239,1.80E-37
-30.834,1.58E-37
-30.844,1.37E-37
-30.8541,1.19E-37
-30.8641,1.02E-37
-30.8742,8.70E-38
-30.8843,7.41E-38
-30.8943,6.33E-38
-30.9044,5.45E-38
-30.9145,4.79E-38
-30.9245,4.36E-38
-30.9346,4.15E-38
-30.9447,4.17E-38
-30.9548,3.77E-38
-30.9648,3.24E-38
-30.9749,2.80E-38
-30.985,2.44E-38
-30.9951,2.15E-38
-31.0051,1.94E-38
-31.0152,1.78E-38
-31.0253,1.69E-38
-31.0354,1.64E-38
-31.0455,1.64E-38
-31.0555,1.68E-38
-31.0656,1.75E-38
-31.0757,1.84E-38
-31.0858,1.96E-38
-31.0959,2.09E-38
-31.106,2.22E-38
-31.1161,2.35E-38
-31.1261,2.47E-38
-31.1362,2.58E-38
-31.1463,2.66E-38
-31.1564,2.87E-38
-31.1665,3.23E-38
-31.1766,3.60E-38
-31.1867,3.99E-38
-31.1968,4.37E-38
-31.2069,4.75E-38
-31.217,5.13E-38
-31.2271,5.50E-38
-31.2372,5.86E-38
-31.2473,6.20E-38
-31.2574,6.52E-38
-31.2675,6.82E-38
-31.2777,7.08E-38
-31.2878,7.31E-38
-31.2979,7.51E-38
-31.308,7.67E-38
-31.3181,7.77E-38
-31.3282,7.83E-38
-31.3383,7.84E-38
-31.3484,7.79E-38
-31.3586,7.75E-38
-31.3687,7.90E-38
-31.3788,8.02E-38
-31.3889,8.14E-38
-31.399,8.23E-38
-31.4092,8.31E-38
-31.4193,8.37E-38
-31.4294,8.42E-38
-31.4395,8.45E-38
-31.4497,8.46E-38
-31.4598,8.46E-38
-31.4699,8.44E-38
-31.4801,8.41E-38
-31.4902,8.37E-38
-31.5003,8.31E-38
-31.5105,8.23E-38
-31.5206,8.15E-38
-31.5307,8.05E-38
-31.5409,7.94E-38
-31.551,7.82E-38
-31.5612,7.70E-38
-31.5713,7.55E-38
-31.5814,7.40E-38
-31.5916,7.23E-38
-31.6017,7.06E-38
-31.6119,6.89E-38
-31.622,6.71E-38
-31.6322,6.53E-38
-31.6423,6.35E-38
-31.6525,6.17E-38
-31.6626,5.99E-38
-31.6728,5.81E-38
-31.6829,5.64E-38
-31.6931,5.47E-38
-31.7032,5.31E-38
-31.7134,5.17E-38
-31.7235,5.03E-38
-31.7337,4.91E-38
-31.7439,4.80E-38
-31.754,4.71E-38
-31.7642,4.64E-38
-31.7743,4.49E-38
-31.7845,4.32E-38
-31.7947,4.16E-38
-31.8048,4.00E-38
-31.815,3.84E-38
-31.8252,3.69E-38
-31.8353,3.54E-38
-31.8455,3.39E-38
-31.8557,3.26E-38
-31.8659,3.13E-38
-31.876,3.00E-38
-31.8862,2.89E-38
-31.8964,2.79E-38
-31.9066,2.69E-38
-31.9167,2.60E-38
-31.9269,2.53E-38
-31.9371,2.47E-38
-31.9473,2.42E-38
-31.9575,2.38E-38
-31.9677,2.36E-38
-31.9778,2.31E-38
-31.988,2.25E-38
-31.9982,2.19E-38
-32.0084,2.13E-38
-32.0186,2.08E-38
-32.0288,2.03E-38
-32.039,1.99E-38
-32.0492,1.95E-38
-32.0594,1.92E-38
-32.0696,1.88E-38
-32.0797,1.85E-38
-32.0899,1.83E-38
-32.1001,1.80E-38
-32.1103,1.78E-38
-32.1205,1.76E-38
-32.1307,1.75E-38
-32.1409,1.73E-38
-32.1511,1.72E-38
-32.1614,1.71E-38
-32.1716,1.70E-38
-32.1818,1.69E-38
-32.192,1.69E-38
-32.2022,1.69E-38
-32.2124,1.69E-38
-32.2226,1.69E-38
-32.2328,1.70E-38
-32.243,1.70E-38
-32.2532,1.70E-38
-32.2635,1.71E-38
-32.2737,1.71E-38
-32.2839,1.72E-38
-32.2941,1.72E-38
-32.3043,1.72E-38
-32.3145,1.72E-38
-32.3248,1.72E-38
-32.335,1.72E-38
-32.3452,1.71E-38
-32.3554,1.70E-38
-32.3657,1.69E-38
-32.3759,1.68E-38
-32.3861,1.66E-38
-32.3963,1.66E-38
-32.4066,1.66E-38
-32.4168,1.66E-38
-32.427,1.66E-38
-32.4373,1.66E-38
-32.4475,1.65E-38
-32.4577,1.65E-38
-32.468,1.65E-38
-32.4782,1.64E-38
-32.4885,1.64E-38
-32.4987,1.63E-38
-32.5089,1.62E-38
-32.5192,1.61E-38
-32.5294,1.60E-38
-32.5397,1.59E-38
-32.5499,1.57E-38
-32.5601,1.56E-38
-32.5704,1.54E-38
-32.5806,1.52E-38
-32.5909,1.50E-38
-32.6011,1.49E-38
-32.6114,1.48E-38
-32.6216,1.47E-38
-32.6319,1.46E-38
-32.6421,1.45E-38
-32.6524,1.43E-38
-32.6627,1.42E-38
-32.6729,1.41E-38
-32.6832,1.40E-38
-32.6934,1.39E-38
-32.7037,1.37E-38
-32.714,1.36E-38
-32.7242,1.35E-38
-32.7345,1.34E-38
-32.7447,1.32E-38
-32.755,1.31E-38
-32.7653,1.30E-38
-32.7755,1.28E-38
-32.7858,1.27E-38
-32.7961,1.25E-38
-32.8064,1.24E-38
-32.8166,1.23E-38
-32.8269,1.21E-38
-32.8372,1.20E-38
-32.8474,1.18E-38
-32.8577,1.17E-38
-32.868,1.15E-38
-32.8783,1.14E-38
-32.8885,1.12E-38
-32.8988,1.11E-38
-32.9091,1.09E-38
-32.9194,1.08E-38
-32.9297,1.06E-38
-32.94,1.04E-38
-32.9502,1.03E-38
-32.9605,1.01E-38
-32.9708,9.96E-39
-32.9811,9.80E-39
-32.9914,9.64E-39
-33.0017,9.50E-39
-33.012,9.35E-39
-33.0223,9.21E-39
-33.0326,9.07E-39
-33.0428,8.92E-39
-33.0531,8.78E-39
-33.0634,8.64E-39
-33.0737,8.51E-39
-33.084,8.37E-39
-33.0943,8.23E-39
-33.1046,8.10E-39
-33.1149,7.97E-39
-33.1252,7.84E-39
-33.1355,7.71E-39
-33.1458,7.58E-39
-33.1561,7.46E-39
-33.1664,7.33E-39
-33.1768,7.21E-39
-33.1871,7.09E-39
-33.1974,6.98E-39
-33.2077,6.86E-39
-33.218,6.75E-39
-33.2283,6.64E-39
-33.2386,6.53E-39
-33.2489,6.43E-39
-33.2592,6.33E-39
-33.2696,6.23E-39
-33.2799,6.13E-39
-33.2902,6.04E-39
-33.3005,5.95E-39
-33.3108,5.86E-39
-33.3212,5.78E-39
-33.3315,5.70E-39
-33.3418,5.62E-39
-33.3521,5.55E-39
-33.3624,5.48E-39
-33.3728,5.41E-39
-33.3831,5.35E-39
-33.3934,5.28E-39
-33.4038,5.21E-39
-33.4141,5.14E-39
-33.4244,5.07E-39
-33.4347,5.01E-39
-33.4451,4.94E-39
-33.4554,4.88E-39
-33.4657,4.82E-39
-33.4761,4.76E-39
-33.4864,4.70E-39
-33.4967,4.64E-39
-33.5071,4.59E-39
-33.5174,4.53E-39
-33.5278,4.48E-39
-33.5381,4.43E-39
-33.5484,4.38E-39
-33.5588,4.33E-39
-33.5691,4.28E-39
-33.5795,4.24E-39
-33.5898,4.19E-39
-33.6002,4.14E-39
-33.6105,4.10E-39
-33.6209,4.06E-39
-33.6312,4.01E-39
-33.6416,3.97E-39
-33.6519,3.93E-39
-33.6623,3.89E-39
-33.6726,3.85E-39
-33.683,3.81E-39
-33.6933,3.78E-39
-33.7037,3.74E-39
-33.714,3.71E-39
-33.7244,3.68E-39
-33.7348,3.64E-39
-33.7451,3.61E-39
-33.7555,3.58E-39
-33.7658,3.55E-39
-33.7762,3.52E-39
-33.7866,3.49E-39
-33.7969,3.46E-39
-33.8073,3.43E-39
-33.8177,3.40E-39
-33.828,3.37E-39
-33.8384,3.34E-39
-33.8488,3.31E-39
-33.8591,3.28E-39
-33.8695,3.25E-39
-33.8799,3.22E-39
-33.8903,3.19E-39
-33.9006,3.16E-39
-33.911,3.13E-39
-33.9214,3.10E-39
-33.9318,3.06E-39
-33.9421,3.03E-39
-33.9525,3.01E-39
-33.9629,2.98E-39
-33.9733,2.95E-39
-33.9837,2.93E-39
-33.994,2.90E-39
-34.0044,2.88E-39
-34.0148,2.85E-39
-34.0252,2.82E-39
-34.0356,2.80E-39
-34.046,2.77E-39
-34.0564,2.75E-39
-34.0668,2.72E-39
-34.0771,2.70E-39
-34.0875,2.67E-39
-34.0979,2.65E-39
-34.1083,2.62E-39
-34.1187,2.60E-39
-34.1291,2.57E-39
-34.1395,2.54E-39
-34.1499,2.52E-39
-34.1603,2.49E-39
-34.1707,2.47E-39
-34.1811,2.44E-39
-34.1915,2.41E-39
-34.2019,2.39E-39
-34.2123,2.36E-39
-34.2227,2.33E-39
-34.2331,2.31E-39
-34.2435,2.28E-39
-34.2539,2.26E-39
-34.2643,2.24E-39
-34.2747,2.21E-39
-34.2851,2.19E-39
-34.2955,2.16E-39
-34.306,2.14E-39
-34.3164,2.11E-39
-34.3268,2.09E-39
-34.3372,2.07E-39
-34.3476,2.04E-39
-34.358,2.02E-39
-34.3684,2.00E-39
-34.3788,1.98E-39
-34.3893,1.95E-39
-34.3997,1.93E-39
-34.4101,1.91E-39
-34.4205,1.89E-39
-34.4309,1.87E-39
-34.4414,1.85E-39
-34.4518,1.83E-39
-34.4622,1.81E-39
-34.4726,1.79E-39
-34.4831,1.77E-39
-34.4935,1.75E-39
-34.5039,1.73E-39
-34.5143,1.71E-39
-34.5248,1.69E-39
-34.5352,1.67E-39
-34.5456,1.65E-39
-34.5561,1.63E-39
-34.5665,1.61E-39
-34.5769,1.59E-39
-34.5874,1.57E-39
-34.5978,1.56E-39
-34.6082,1.54E-39
-34.6187,1.52E-39
-34.6291,1.50E-39
-34.6395,1.49E-39
-34.65,1.47E-39
-34.6604,1.45E-39
-34.6709,1.44E-39
-34.6813,1.42E-39
-34.6918,1.40E-39
-34.7022,1.39E-39
-34.7126,1.37E-39
-34.7231,1.36E-39
-34.7335,1.35E-39
-34.744,1.33E-39
-34.7544,1.32E-39
-34.7649,1.31E-39
-34.7753,1.29E-39
-34.7858,1.28E-39
-34.7962,1.27E-39
-34.8067,1.25E-39
-34.8171,1.24E-39
-34.8276,1.23E-39
-34.838,1.21E-39
-34.8485,1.20E-39
-34.859,1.19E-39
-34.8694,1.18E-39
-34.8799,1.16E-39
-34.8903,1.15E-39
-34.9008,1.14E-39
-34.9113,1.13E-39
-34.9217,1.12E-39
-34.9322,1.11E-39
-34.9426,1.10E-39
-34.9531,1.09E-39
-34.9636,1.08E-39
-34.974,1.06E-39
-34.9845,1.05E-39
-34.995,1.04E-39
-35.0055,1.03E-39
-35.0159,1.02E-39
-35.0264,1.02E-39
-35.0369,1.01E-39
-35.0473,9.96E-40
-35.0578,9.87E-40
-35.0683,9.78E-40
-35.0788,9.69E-40
-35.0892,9.60E-40
-35.0997,9.51E-40
-35.1102,9.43E-40
-35.1207,9.34E-40
-35.1311,9.26E-40
-35.1416,9.17E-40
-35.1521,9.09E-40
-35.1626,9.01E-40
-35.1731,8.93E-40
-35.1836,8.85E-40
-35.194,8.77E-40
-35.2045,8.69E-40
-35.215,8.61E-40
-35.2255,8.53E-40
-35.236,8.46E-40
-35.2465,8.38E-40
-35.257,8.30E-40
-35.2675,8.23E-40
-35.2779,8.15E-40
-35.2884,8.07E-40
-35.2989,8.00E-40
-35.3094,7.92E-40
-35.3199,7.85E-40
-35.3304,7.77E-40
-35.3409,7.70E-40
-35.3514,7.63E-40
-35.3619,7.56E-40
-35.3724,7.49E-40
-35.3829,7.43E-40
-35.3934,7.36E-40
-35.4039,7.29E-40
-35.4144,7.23E-40
-35.4249,7.16E-40
-35.4354,7.10E-40
-35.4459,7.03E-40
-35.4564,6.97E-40
-35.4669,6.90E-40
-35.4774,6.84E-40
-35.4879,6.77E-40
-35.4984,6.71E-40
-35.509,6.65E-40
-35.5195,6.59E-40
-35.53,6.52E-40
-35.5405,6.46E-40
-35.551,6.40E-40
-35.5615,6.34E-40
-35.572,6.28E-40
-35.5825,6.22E-40
-35.5931,6.16E-40
-35.6036,6.10E-40
-35.6141,6.04E-40
-35.6246,5.98E-40
-35.6351,5.92E-40
-35.6457,5.86E-40
-35.6562,5.81E-40
-35.6667,5.75E-40
-35.6772,5.69E-40
-35.6877,5.64E-40
-35.6983,5.58E-40
-35.7088,5.53E-40
-35.7193,5.48E-40
-35.7298,5.42E-40
-35.7404,5.37E-40
-35.7509,5.32E-40
-35.7614,5.26E-40
-35.772,5.21E-40
-35.7825,5.16E-40
-35.793,5.11E-40
-35.8035,5.06E-40
-35.8141,5.01E-40
-35.8246,4.96E-40
-35.8351,4.91E-40
-35.8457,4.87E-40
-35.8562,4.82E-40
-35.8668,4.77E-40
-35.8773,4.73E-40
-35.8878,4.68E-40
-35.8984,4.63E-40
-35.9089,4.59E-40
-35.9195,4.54E-40
-35.93,4.50E-40
-35.9405,4.45E-40
-35.9511,4.41E-40
-35.9616,4.37E-40
-35.9722,4.32E-40
-35.9827,4.28E-40
-35.9933,4.24E-40
-36.0038,4.20E-40
-36.0144,4.16E-40
-36.0249,4.12E-40
-36.0355,4.08E-40
-36.046,4.04E-40
-36.0566,4.00E-40
-36.0671,3.96E-40
-36.0777,3.92E-40
-36.0882,3.88E-40
-36.0988,3.85E-40
-36.1093,3.81E-40
-36.1199,3.77E-40
-36.1304,3.74E-40
-36.141,3.70E-40
-36.1515,3.67E-40
-36.1621,3.64E-40
-36.1727,3.60E-40
-36.1832,3.57E-40
-36.1938,3.53E-40
-36.2043,3.50E-40
-36.2149,3.47E-40
-36.2255,3.44E-40
-36.236,3.40E-40
-36.2466,3.37E-40
-36.2572,3.34E-40
-36.2677,3.31E-40
-36.2783,3.28E-40
-36.2889,3.25E-40
-36.2994,3.22E-40
-36.31,3.19E-40
-36.3206,3.16E-40
-36.3312,3.13E-40
-36.3417,3.10E-40
-36.3523,3.07E-40
-36.3629,3.05E-40
-36.3734,3.02E-40
-36.384,2.99E-40
-36.3946,2.97E-40
-36.4052,2.94E-40
-36.4158,2.91E-40
-36.4263,2.89E-40
-36.4369,2.86E-40
-36.4475,2.83E-40
-36.4581,2.81E-40
-36.4687,2.78E-40
-36.4792,2.76E-40
-36.4898,2.74E-40
-36.5004,2.71E-40
-36.511,2.69E-40
-36.5216,2.66E-40
-36.5322,2.64E-40
-36.5427,2.62E-40
-36.5533,2.59E-40
-36.5639,2.57E-40
-36.5745,2.55E-40
-36.5851,2.53E-40
-36.5957,2.50E-40
-36.6063,2.48E-40
-36.6169,2.46E-40
-36.6275,2.44E-40
-36.6381,2.42E-40
-36.6486,2.40E-40
-36.6592,2.37E-40
-36.6698,2.35E-40
-36.6804,2.33E-40
-36.691,2.31E-40
-36.7016,2.29E-40
-36.7122,2.27E-40
-36.7228,2.25E-40
-36.7334,2.23E-40
-36.744,2.21E-40
-36.7546,2.19E-40
-36.7652,2.17E-40
-36.7758,2.15E-40
-36.7864,2.14E-40
-36.797,2.12E-40
-36.8077,2.10E-40
-36.8183,2.08E-40
-36.8289,2.06E-40
-36.8395,2.04E-40
-36.8501,2.03E-40
-36.8607,2.01E-40
-36.8713,1.99E-40
-36.8819,1.97E-40
-36.8925,1.95E-40
-36.9031,1.94E-40
-36.9137,1.92E-40
-36.9244,1.90E-40
-36.935,1.89E-40
-36.9456,1.87E-40
-36.9562,1.85E-40
-36.9668,1.84E-40
-36.9774,1.82E-40
-36.9881,1.80E-40
-36.9987,1.79E-40
-37.0093,1.77E-40
-37.0199,1.76E-40
-37.0305,1.74E-40
-37.0412,1.73E-40
-37.0518,1.71E-40
-37.0624,1.69E-40
-37.073,1.68E-40
-37.0837,1.66E-40
-37.0943,1.65E-40
-37.1049,1.64E-40
-37.1155,1.62E-40
-37.1262,1.61E-40
-37.1368,1.59E-40
-37.1474,1.58E-40
-37.158,1.56E-40
-37.1687,1.55E-40
-37.1793,1.54E-40
-37.1899,1.52E-40
-37.2006,1.51E-40
-37.2112,1.50E-40
-37.2218,1.48E-40
-37.2325,1.47E-40
-37.2431,1.46E-40
-37.2537,1.44E-40
-37.2644,1.43E-40
-37.275,1.42E-40
-37.2857,1.41E-40
-37.2963,1.39E-40
-37.3069,1.38E-40
-37.3176,1.37E-40
-37.3282,1.36E-40
-37.3389,1.34E-40
-37.3495,1.33E-40
-37.3602,1.32E-40
-37.3708,1.31E-40
-37.3814,1.30E-40
-37.3921,1.29E-40
-37.4027,1.27E-40
-37.4134,1.26E-40
-37.424,1.25E-40
-37.4347,1.24E-40
-37.4453,1.23E-40
-37.456,1.22E-40
-37.4666,1.21E-40
-37.4773,1.20E-40
-37.4879,1.19E-40
-37.4986,1.18E-40
-37.5092,1.17E-40
-37.5199,1.16E-40
-37.5305,1.15E-40
-37.5412,1.14E-40
-37.5519,1.13E-40
-37.5625,1.12E-40
-37.5732,1.11E-40
-37.5838,1.10E-40
-37.5945,1.09E-40
-37.6052,1.08E-40
-37.6158,1.07E-40
-37.6265,1.06E-40
-37.6371,1.05E-40
-37.6478,1.04E-40
-37.6585,1.03E-40
-37.6691,1.03E-40
-37.6798,1.02E-40
-37.6905,1.01E-40
-37.7011,9.99E-41
-37.7118,9.91E-41
-37.7225,9.83E-41
-37.7331,9.74E-41
-37.7438,9.66E-41
-37.7545,9.58E-41
-37.7651,9.50E-41
-37.7758,9.42E-41
-37.7865,9.34E-41
-37.7972,9.26E-41
-37.8078,9.18E-41
-37.8185,9.10E-41
-37.8292,9.03E-41
-37.8399,8.95E-41
-37.8505,8.87E-41
-37.8612,8.80E-41
-37.8719,8.73E-41
-37.8826,8.65E-41
-37.8932,8.58E-41
-37.9039,8.51E-41
-37.9146,8.44E-41
-37.9253,8.37E-41
-37.936,8.30E-41
-37.9467,8.23E-41
-37.9573,8.16E-41
-37.968,8.09E-41
-37.9787,8.02E-41
-37.9894,7.96E-41
-38.0001,7.89E-41
-38.0108,7.83E-41
-38.0215,7.76E-41
-38.0321,7.70E-41
-38.0428,7.63E-41
-38.0535,7.57E-41
-38.0642,7.51E-41
-38.0749,7.44E-41
-38.0856,7.38E-41
-38.0963,7.32E-41
-38.107,7.26E-41
-38.1177,7.20E-41
-38.1284,7.14E-41
-38.1391,7.08E-41
-38.1498,7.02E-41
-38.1605,6.96E-41
-38.1712,6.91E-41
-38.1819,6.85E-41
-38.1926,6.79E-41
-38.2032,6.74E-41
-38.214,6.68E-41
-38.2247,6.63E-41
-38.2354,6.57E-41
-38.2461,6.52E-41
-38.2568,6.47E-41
-38.2675,6.42E-41
-38.2782,6.36E-41
-38.2889,6.31E-41
-38.2996,6.26E-41
-38.3103,6.21E-41
-38.321,6.16E-41
-38.3317,6.11E-41
-38.3424,6.06E-41
-38.3531,6.01E-41
-38.3638,5.96E-41
-38.3745,5.91E-41
-38.3852,5.87E-41
-38.396,5.82E-41
-38.4067,5.77E-41
-38.4174,5.73E-41
-38.4281,5.68E-41
-38.4388,5.63E-41
-38.4495,5.59E-41
-38.4602,5.54E-41
-38.471,5.50E-41
-38.4817,5.45E-41
-38.4924,5.41E-41
-38.5031,5.37E-41
-38.5138,5.32E-41
-38.5246,5.28E-41
-38.5353,5.24E-41
-38.546,5.19E-41
-38.5567,5.15E-41
-38.5674,5.11E-41
-38.5782,5.07E-41
-38.5889,5.03E-41
-38.5996,4.99E-41
-38.6103,4.95E-41
-38.6211,4.91E-41
-38.6318,4.87E-41
-38.6425,4.83E-41
-38.6533,4.79E-41
-38.664,4.75E-41
-38.6747,4.71E-41
-38.6854,4.68E-41
-38.6962,4.64E-41
-38.7069,4.60E-41
-38.7176,4.57E-41
-38.7284,4.53E-41
-38.7391,4.49E-41
-38.7498,4.46E-41
-38.7606,4.42E-41
-38.7713,4.39E-41
-38.7821,4.35E-41
-38.7928,4.32E-41
-38.8035,4.28E-41
-38.8143,4.25E-41
-38.825,4.22E-41
-38.8357,4.18E-41
-38.8465,4.15E-41
-38.8572,4.12E-41
-38.868,4.08E-41
-38.8787,4.05E-41
-38.8895,4.02E-41
-38.9002,3.99E-41
-38.9109,3.96E-41
-38.9217,3.93E-41
-38.9324,3.89E-41
-38.9432,3.86E-41
-38.9539,3.83E-41
-38.9647,3.80E-41
-38.9754,3.77E-41
-38.9862,3.74E-41
-38.9969,3.71E-41
-39.0077,3.68E-41
-39.0184,3.65E-41
-39.0292,3.62E-41
-39.0399,3.60E-41
-39.0507,3.57E-41
-39.0615,3.54E-41
-39.0722,3.51E-41
-39.083,3.48E-41
-39.0937,3.45E-41
-39.1045,3.43E-41
-39.1152,3.40E-41
-39.126,3.37E-41
-39.1368,3.35E-41
-39.1475,3.32E-41
-39.1583,3.29E-41
-39.169,3.27E-41
-39.1798,3.24E-41
-39.1906,3.22E-41
-39.2013,3.19E-41
-39.2121,3.17E-41
-39.2229,3.14E-41
-39.2336,3.12E-41
-39.2444,3.09E-41
-39.2551,3.07E-41
-39.2659,3.04E-41
-39.2767,3.02E-41
-39.2875,3.00E-41
-39.2982,2.97E-41
-39.309,2.95E-41
-39.3198,2.92E-41
-39.3305,2.90E-41
-39.3413,2.88E-41
-39.3521,2.86E-41
-39.3629,2.83E-41
-39.3736,2.81E-41
-39.3844,2.79E-41
-39.3952,2.77E-41
-39.406,2.74E-41
-39.4167,2.72E-41
-39.4275,2.70E-41
-39.4383,2.68E-41
-39.4491,2.66E-41
-39.4598,2.64E-41
-39.4706,2.62E-41
-39.4814,2.60E-41
-39.4922,2.58E-41
-39.503,2.55E-41
-39.5138,2.53E-41
-39.5245,2.51E-41
-39.5353,2.49E-41
-39.5461,2.47E-41
-39.5569,2.45E-41
-39.5677,2.44E-41
-39.5785,2.42E-41
-39.5893,2.40E-41
-39.6,2.38E-41
-39.6108,2.36E-41
-39.6216,2.34E-41
-39.6324,2.32E-41
-39.6432,2.30E-41
-39.654,2.29E-41
-39.6648,2.27E-41
-39.6756,2.25E-41
-39.6864,2.23E-41
-39.6972,2.21E-41
-39.708,2.20E-41
-39.7188,2.18E-41
-39.7296,2.16E-41
-39.7404,2.15E-41
-39.7511,2.13E-41
-39.7619,2.11E-41
-39.7727,2.09E-41
-39.7835,2.08E-41
-39.7943,2.06E-41
-39.8051,2.05E-41
-39.8159,2.03E-41
-39.8268,2.01E-41
-39.8376,2.00E-41
-39.8484,1.98E-41
-39.8592,1.97E-41
-39.87,1.95E-41
-39.8808,1.94E-41
-39.8916,1.92E-41
-39.9024,1.91E-41
-39.9132,1.89E-41
-39.924,1.88E-41
-39.9348,1.86E-41
-39.9456,1.85E-41
-39.9564,1.83E-41
-39.9672,1.82E-41
-39.9781,1.81E-41
-39.9889,1.79E-41
-39.9997,-1.30E-11
-40.0105,-2.21E-10
-40.0213,-1.19E-09
-40.0321,-3.78E-09
-40.0429,-8.24E-09
-40.0538,-1.45E-08
-40.0646,-2.28E-08
-40.0754,-3.27E-08
-40.0862,-4.40E-08
-40.097,-5.67E-08
-40.1079,-7.10E-08
-40.1187,-8.66E-08
-40.1295,-1.04E-07
-40.1403,-1.23E-07
-40.1511,-1.44E-07
-40.162,-1.66E-07
-40.1728,-1.90E-07
-40.1836,-2.15E-07
-40.1944,-2.42E-07
-40.2053,-2.71E-07
-40.2161,-3.01E-07
-40.2269,-3.33E-07
-40.2377,-3.67E-07
-40.2486,-4.02E-07
-40.2594,-4.39E-07
-40.2702,-4.78E-07
-40.2811,-5.18E-07
-40.2919,-5.60E-07
-40.3027,-6.03E-07
-40.3136,-6.48E-07
-40.3244,-6.95E-07
-40.3352,-7.44E-07
-40.3461,-7.94E-07
-40.3569,-8.45E-07
-40.3677,-8.99E-07
-40.3786,-9.54E-07
-40.3894,-1.01E-06
-40.4002,-1.07E-06
-40.4111,-1.13E-06
-40.4219,-1.19E-06
-40.4328,-1.25E-06
-40.4436,-1.32E-06
-40.4544,-1.38E-06
-40.4653,-1.45E-06
-40.4761,-1.52E-06
-40.487,-1.59E-06
-40.4978,-1.66E-06
-40.5087,-1.74E-06
-40.5195,-1.81E-06
-40.5304,-1.89E-06
-40.5412,-1.97E-06
-40.5521,-2.05E-06
-40.5629,-2.13E-06
-40.5738,-2.21E-06
-40.5846,-2.30E-06
-40.5955,-2.39E-06
-40.6063,-2.47E-06
-40.6172,-2.56E-06
-40.628,-2.66E-06
-40.6389,-2.75E-06
-40.6497,-2.84E-06
-40.6606,-2.94E-06
-40.6714,-3.04E-06
-40.6823,-3.14E-06
-40.6931,-3.24E-06
-40.704,-3.34E-06
-40.7148,-3.44E-06
-40.7257,-3.55E-06
-40.7366,-3.66E-06
-40.7474,-3.77E-06
-40.7583,-3.88E-06
-40.7691,-3.99E-06
-40.78,-4.10E-06
-40.7909,-4.22E-06
-40.8017,-4.33E-06
-40.8126,-4.45E-06
-40.8235,-4.57E-06
-40.8343,-4.69E-06
-40.8452,-4.82E-06
-40.8561,-4.94E-06
-40.8669,-5.07E-06
-40.8778,-5.19E-06
-40.8887,-5.32E-06
-40.8995,-5.45E-06
-40.9104,-5.59E-06
-40.9213,-5.72E-06
-40.9321,-5.85E-06
-40.943,-5.99E-06
-40.9539,-6.13E-06
-40.9648,-6.27E-06
-40.9756,-6.41E-06
-40.9865,-6.55E-06
-40.9974,-6.70E-06
-41.0083,-6.84E-06
-41.0191,-6.99E-06
-41.03,-7.14E-06
-41.0409,-7.29E-06
-41.0518,-7.44E-06
-41.0627,-7.60E-06
-41.0735,-7.75E-06
-41.0844,-7.91E-06
-41.0953,-8.07E-06
-41.1062,-8.23E-06
-41.1171,-8.39E-06
-41.1279,-8.55E-06
-41.1388,-8.72E-06
-41.1497,-8.88E-06
-41.1606,-9.05E-06
-41.1715,-9.22E-06
-41.1824,-9.39E-06
-41.1933,-9.56E-06
-41.2041,-9.74E-06
-41.215,-9.91E-06
-41.2259,-1.01E-05
-41.2368,-1.03E-05
-41.2477,-1.04E-05
-41.2586,-1.06E-05
-41.2695,-1.08E-05
-41.2804,-1.10E-05
-41.2913,-1.12E-05
-41.3022,-1.14E-05
-41.3131,-1.16E-05
-41.324,-1.17E-05
-41.3349,-1.19E-05
-41.3458,-1.21E-05
-41.3567,-1.23E-05
-41.3676,-1.25E-05
-41.3785,-1.27E-05
-41.3894,-1.29E-05
-41.4003,-1.31E-05
-41.4112,-1.33E-05
-41.4221,-1.35E-05
-41.433,-1.37E-05
-41.4439,-1.39E-05
-41.4548,-1.42E-05
-41.4657,-1.44E-05
-41.4766,-1.46E-05
-41.4875,-1.48E-05
-41.4984,-1.50E-05
-41.5093,-1.52E-05
-41.5202,-1.54E-05
-41.5311,-1.57E-05
-41.542,-1.59E-05
-41.5529,-1.61E-05
-41.5638,-1.63E-05
-41.5748,-1.66E-05
-41.5857,-1.68E-05
-41.5966,-1.70E-05
-41.6075,-1.72E-05
-41.6184,-1.75E-05
-41.6293,-1.77E-05
-41.6402,-1.79E-05
-41.6512,-1.82E-05
-41.6621,-1.84E-05
-41.673,-1.87E-05
-41.6839,-1.89E-05
-41.6948,-1.91E-05
-41.7057,-1.94E-05
-41.7167,-1.96E-05
-41.7276,-1.99E-05
-41.7385,-2.01E-05
-41.7494,-2.04E-05
-41.7604,-2.06E-05
-41.7713,-2.09E-05
-41.7822,-2.11E-05
-41.7931,-2.14E-05
-41.804,-2.17E-05
-41.815,-2.19E-05
-41.8259,-2.22E-05
-41.8368,-2.24E-05
-41.8478,-2.27E-05
-41.8587,-2.30E-05
-41.8696,-2.32E-05
-41.8806,-2.35E-05
-41.8915,-2.38E-05
-41.9024,-2.41E-05
-41.9133,-2.43E-05
-41.9243,-2.46E-05
-41.9352,-2.49E-05
-41.9461,-2.52E-05
-41.9571,-2.54E-05
-41.968,-2.57E-05
-41.979,-2.60E-05
-41.9899,-2.63E-05
-42.0008,-2.66E-05
-42.0118,-2.69E-05
-42.0227,-2.71E-05
-42.0337,-2.74E-05
-42.0446,-2.77E-05
-42.0555,-2.80E-05
-42.0665,-2.83E-05
-42.0774,-2.86E-05
-42.0884,-2.89E-05
-42.0993,-2.92E-05
-42.1103,-2.95E-05
-42.1212,-2.98E-05
-42.1321,-3.01E-05
-42.1431,-3.04E-05
-42.154,-3.07E-05
-42.165,-3.10E-05
-42.1759,-3.14E-05
-42.1869,-3.17E-05
-42.1978,-3.20E-05
-42.2088,-3.23E-05
-42.2197,-3.26E-05
-42.2307,-3.29E-05
-42.2417,-3.32E-05
-42.2526,-3.36E-05
-42.2636,-3.39E-05
-42.2745,-3.42E-05
-42.2855,-3.45E-05
-42.2964,-3.49E-05
-42.3074,-3.52E-05
-42.3183,-3.55E-05
-42.3293,-3.59E-05
-42.3403,-3.62E-05
-42.3512,-3.65E-05
-42.3622,-3.69E-05
-42.3731,-3.72E-05
-42.3841,-3.75E-05
-42.3951,-3.79E-05
-42.406,-3.82E-05
-42.417,-3.86E-05
-42.428,-3.89E-05
-42.4389,-3.93E-05
-42.4499,-3.96E-05
-42.4609,-4.00E-05
-42.4718,-4.03E-05
-42.4828,-4.07E-05
-42.4938,-4.10E-05
-42.5047,-4.14E-05
-42.5157,-4.17E-05
-42.5267,-4.21E-05
-42.5377,-4.24E-05
-42.5486,-4.28E-05
-42.5596,-4.32E-05
-42.5706,-4.35E-05
-42.5816,-4.39E-05
-42.5925,-4.43E-05
-42.6035,-4.46E-05
-42.6145,-4.50E-05
-42.6255,-4.54E-05
-42.6364,-4.58E-05
-42.6474,-4.61E-05
-42.6584,-4.65E-05
-42.6694,-4.69E-05
-42.6804,-4.73E-05
-42.6913,-4.76E-05
-42.7023,-4.80E-05
-42.7133,-4.84E-05
-42.7243,-4.88E-05
-42.7353,-4.92E-05
-42.7463,-4.96E-05
-42.7573,-5.00E-05
-42.7682,-5.04E-05
-42.7792,-5.08E-05
-42.7902,-5.11E-05
-42.8012,-5.15E-05
-42.8122,-5.19E-05
-42.8232,-5.23E-05
-42.8342,-5.27E-05
-42.8452,-5.31E-05
-42.8562,-5.35E-05
-42.8672,-5.40E-05
-42.8782,-5.44E-05
-42.8892,-5.48E-05
-42.9001,-5.52E-05
-42.9111,-5.56E-05
-42.9221,-5.60E-05
-42.9331,-5.64E-05
-42.9441,-5.68E-05
-42.9551,-5.72E-05
-42.9661,-5.77E-05
-42.9771,-5.81E-05
-42.9881,-5.85E-05
-42.9991,-5.89E-05
-43.0101,-5.94E-05
-43.0212,-5.98E-05
-43.0322,-6.02E-05
-43.0432,-6.06E-05
-43.0542,-6.11E-05
-43.0652,-6.15E-05
-43.0762,-6.19E-05
-43.0872,-6.24E-05
-43.0982,-6.28E-05
-43.1092,-6.32E-05
-43.1202,-6.37E-05
-43.1312,-6.41E-05
-43.1422,-6.46E-05
-43.1533,-6.50E-05
-43.1643,-6.54E-05
-43.1753,-6.59E-05
-43.1863,-6.63E-05
-43.1973,-6.68E-05
-43.2083,-6.72E-05
-43.2193,-6.77E-05
-43.2304,-6.81E-05
-43.2414,-6.86E-05
-43.2524,-6.91E-05
-43.2634,-6.95E-05
-43.2744,-7.00E-05
-43.2855,-7.04E-05
-43.2965,-7.09E-05
-43.3075,-7.14E-05
-43.3185,-7.18E-05
-43.3295,-7.23E-05
-43.3406,-7.27E-05
-43.3516,-7.32E-05
-43.3626,-7.37E-05
-43.3736,-7.42E-05
-43.3847,-7.46E-05
-43.3957,-7.51E-05
-43.4067,-7.56E-05
-43.4178,-7.61E-05
-43.4288,-7.65E-05
-43.4398,-7.70E-05
-43.4509,-7.75E-05
-43.4619,-7.80E-05
-43.4729,-7.85E-05
-43.484,-7.89E-05
-43.495,-7.94E-05
-43.506,-7.99E-05
-43.5171,-8.04E-05
-43.5281,-8.09E-05
-43.5391,-8.14E-05
-43.5502,-8.19E-05
-43.5612,-8.24E-05
-43.5723,-8.29E-05
-43.5833,-8.34E-05
-43.5943,-8.39E-05
-43.6054,-8.44E-05
-43.6164,-8.49E-05
-43.6275,-8.54E-05
-43.6385,-8.59E-05
-43.6496,-8.64E-05
-43.6606,-8.69E-05
-43.6716,-8.74E-05
-43.6827,-8.79E-05
-43.6937,-8.84E-05
-43.7048,-8.89E-05
-43.7158,-8.95E-05
-43.7269,-9.00E-05
-43.7379,-9.05E-05
-43.749,-9.10E-05
-43.76,-9.15E-05
-43.7711,-9.20E-05
-43.7822,-9.26E-05
-43.7932,-9.31E-05
-43.8043,-9.36E-05
-43.8153,-9.41E-05
-43.8264,-9.47E-05
-43.8374,-9.52E-05
-43.8485,-9.57E-05
-43.8596,-9.63E-05
-43.8706,-9.68E-05
-43.8817,-9.73E-05
-43.8927,-9.79E-05
-43.9038,-9.84E-05
-43.9149,-9.89E-05
-43.9259,-9.95E-05
-43.937,-0.000100008
-43.9481,-0.000100549
-43.9591,-0.000101092
-43.9702,-0.000101636
-43.9813,-0.000102181
-43.9923,-0.000102727
-44.0034,-0.000103275
-44.0145,-0.000103824
-44.0255,-0.000104374
-44.0366,-0.000104925
-44.0477,-0.000105478
-44.0587,-0.000106032
-44.0698,-0.000106587
-44.0809,-0.000107143
-44.092,-0.000107701
-44.103,-0.00010826
-44.1141,-0.00010882
-44.1252,-0.000109382
-44.1363,-0.000109944
-44.1474,-0.000110508
-44.1584,-0.000111073
-44.1695,-0.000111639
-44.1806,-0.000112207
-44.1917,-0.000112776
-44.2028,-0.000113346
-44.2138,-0.000113917
-44.2249,-0.000114489
-44.236,-0.000115063
-44.2471,-0.000115637
-44.2582,-0.000116213
-44.2693,-0.00011679
-44.2804,-0.000117369
-44.2914,-0.000117948
-44.3025,-0.000118529
-44.3136,-0.000119111
-44.3247,-0.000119694
-44.3358,-0.000120278
-44.3469,-0.000120864
-44.358,-0.00012145
-44.3691,-0.000122038
-44.3802,-0.000122627
-44.3913,-0.000123217
-44.4024,-0.000123808
-44.4135,-0.0001244
-44.4246,-0.000124994
-44.4357,-0.000125588
-44.4468,-0.000126184
-44.4579,-0.000126781
-44.469,-0.000127379
-44.4801,-0.000127978
-44.4912,-0.000128578
-44.5023,-0.000129179
-44.5134,-0.000129782
-44.5245,-0.000130386
-44.5356,-0.00013099
-44.5467,-0.000131596
-44.5578,-0.000132203
-44.5689,-0.000132811
-44.58,-0.00013342
-44.5911,-0.00013403
-44.6022,-0.000134641
-44.6133,-0.000135254
-44.6245,-0.000135867
-44.6356,-0.000136482
-44.6467,-0.000137097
-44.6578,-0.000137714
-44.6689,-0.000138331
-44.68,-0.00013895
-44.6911,-0.00013957
-44.7023,-0.000140191
-44.7134,-0.000140813
-44.7245,-0.000141436
-44.7356,-0.00014206
-44.7467,-0.000142684
-44.7578,-0.00014331
-44.769,-0.000143938
-44.7801,-0.000144566
-44.7912,-0.000145195
-44.8023,-0.000145825
-44.8135,-0.000146456
-44.8246,-0.000147088
-44.8357,-0.000147721
-44.8468,-0.000148355
-44.858,-0.00014899
-44.8691,-0.000149626
-44.8802,-0.000150263
-44.8914,-0.000150901
-44.9025,-0.00015154
-44.9136,-0.00015218
-44.9248,-0.000152821
-44.9359,-0.000153463
-44.947,-0.000154106
-44.9582,-0.00015475
-44.9693,-0.000155395
-44.9804,-0.00015604
-44.9916,-0.000156687
-45.0027,-0.000157334
-45.0138,-0.000157983
-45.025,-0.000158632
-45.0361,-0.000159283
-45.0473,-0.000159934
-45.0584,-0.000160586
-45.0695,-0.000161239
-45.0807,-0.000161893
-45.0918,-0.000162548
-45.103,-0.000163204
-45.1141,-0.000163861
-45.1253,-0.000164518
-45.1364,-0.000165177
-45.1476,-0.000165836
-45.1587,-0.000166496
-45.1699,-0.000167157
-45.181,-0.000167819
-45.1922,-0.000168482
-45.2033,-0.000169146
-45.2145,-0.00016981
-45.2256,-0.000170475
-45.2368,-0.000171142
-45.2479,-0.000171808
-45.2591,-0.000172476
-45.2702,-0.000173145
-45.2814,-0.000173814
-45.2926,-0.000174485
-45.3037,-0.000175156
-45.3149,-0.000175828
-45.326,-0.0001765
-45.3372,-0.000177174
-45.3484,-0.000177848
-45.3595,-0.000178523
-45.3707,-0.000179199
-45.3819,-0.000179876
-45.393,-0.000180553
-45.4042,-0.000181231
-45.4154,-0.00018191
-45.4265,-0.00018259
-45.4377,-0.00018327
-45.4489,-0.000183951
-45.46,-0.000184633
-45.4712,-0.000185316
-45.4824,-0.000185999
-45.4936,-0.000186684
-45.5047,-0.000187368
-45.5159,-0.000188054
-45.5271,-0.00018874
-45.5383,-0.000189427
-45.5494,-0.000190115
-45.5606,-0.000190803
-45.5718,-0.000191492
-45.583,-0.000192182
-45.5942,-0.000192872
-45.6053,-0.000193563
-45.6165,-0.000194255
-45.6277,-0.000194948
-45.6389,-0.000195641
-45.6501,-0.000196334
-45.6613,-0.000197029
-45.6724,-0.000197724
-45.6836,-0.00019842
-45.6948,-0.000199116
-45.706,-0.000199813
-45.7172,-0.00020051
-45.7284,-0.000201209
-45.7396,-0.000201907
-45.7508,-0.000202607
-45.762,-0.000203307
-45.7731,-0.000204007
-45.7843,-0.000204708
-45.7955,-0.00020541
-45.8067,-0.000206113
-45.8179,-0.000206816
-45.8291,-0.000207519
-45.8403,-0.000208223
-45.8515,-0.000208928
-45.8627,-0.000209633
-45.8739,-0.000210339
-45.8851,-0.000211045
-45.8963,-0.000211752
-45.9075,-0.000212459
-45.9187,-0.000213167
-45.9299,-0.000213875
-45.9411,-0.000214584
-45.9524,-0.000215293
-45.9636,-0.000216003
-45.9748,-0.000216714
-45.986,-0.000217425
-45.9972,-0.000218136
-46.0084,-0.000218848
-46.0196,-0.00021956
-46.0308,-0.000220273
-46.042,-0.000220986
-46.0533,-0.0002217
-46.0645,-0.000222414
-46.0757,-0.000223129
-46.0869,-0.000223844
-46.0981,-0.000224559
-46.1093,-0.000225275
-46.1206,-0.000225992
-46.1318,-0.000226708
-46.143,-0.000227425
-46.1542,-0.000228143
-46.1654,-0.000228861
-46.1767,-0.000229579
-46.1879,-0.000230298
-46.1991,-0.000231017
-46.2103,-0.000231737
-46.2216,-0.000232457
-46.2328,-0.000233177
-46.244,-0.000233898
-46.2553,-0.000234619
-46.2665,-0.00023534
-46.2777,-0.000236062
-46.2889,-0.000236784
-46.3002,-0.000237506
-46.3114,-0.000238229
-46.3226,-0.000238952
-46.3339,-0.000239675
-46.3451,-0.000240399
-46.3564,-0.000241123
-46.3676,-0.000241847
-46.3788,-0.000242572
-46.3901,-0.000243297
-46.4013,-0.000244022
-46.4126,-0.000244747
-46.4238,-0.000245473
-46.435,-0.000246199
-46.4463,-0.000246925
-46.4575,-0.000247651
-46.4688,-0.000248378
-46.48,-0.000249105
-46.4913,-0.000249832
-46.5025,-0.000250559
-46.5138,-0.000251287
-46.525,-0.000252015
-46.5363,-0.000252743
-46.5475,-0.000253471
-46.5588,-0.0002542
-46.57,-0.000254928
-46.5813,-0.000255657
-46.5925,-0.000256386
-46.6038,-0.000257115
-46.615,-0.000257844
-46.6263,-0.000258574
-46.6376,-0.000259304
-46.6488,-0.000260033
-46.6601,-0.000260763
-46.6713,-0.000261493
-46.6826,-0.000262224
-46.6939,-0.000262954
-46.7051,-0.000263684
-46.7164,-0.000264415
-46.7277,-0.000265146
-46.7389,-0.000265876
-46.7502,-0.000266607
-46.7615,-0.000267338
-46.7727,-0.000268069
-46.784,-0.0002688
-46.7953,-0.000269532
-46.8065,-0.000270263
-46.8178,-0.000270994
-46.8291,-0.000271726
-46.8404,-0.000272457
-46.8516,-0.000273189
-46.8629,-0.00027392
-46.8742,-0.000274652
-46.8855,-0.000275383
-46.8968,-0.000276115
-46.908,-0.000276846
-46.9193,-0.000277578
-46.9306,-0.000278309
-46.9419,-0.000279041
-46.9532,-0.000279773
-46.9644,-0.000280504
-46.9757,-0.000281236
-46.987,-0.000281967
-46.9983,-0.000282699
-47.0096,-0.00028343
-47.0209,-0.000284161
-47.0322,-0.000284893
-47.0435,-0.000285624
-47.0547,-0.000286355
-47.066,-0.000287086
-47.0773,-0.000287817
-47.0886,-0.000288548
-47.0999,-0.000289279
-47.1112,-0.00029001
-47.1225,-0.00029074
-47.1338,-0.000291471
-47.1451,-0.000292201
-47.1564,-0.000292931
-47.1677,-0.000293662
-47.179,-0.000294392
-47.1903,-0.000295122
-47.2016,-0.000295851
-47.2129,-0.000296581
-47.2242,-0.00029731
-47.2355,-0.000298039
-47.2468,-0.000298769
-47.2581,-0.000299497
-47.2695,-0.000300226
-47.2808,-0.000300955
-47.2921,-0.000301683
-47.3034,-0.000302411
-47.3147,-0.000303139
-47.326,-0.000303867
-47.3373,-0.000304594
-47.3486,-0.000305321
-47.3599,-0.000306048
-47.3713,-0.000306775
-47.3826,-0.000307502
-47.3939,-0.000308228
-47.4052,-0.000308954
-47.4165,-0.00030968
-47.4279,-0.000310405
-47.4392,-0.00031113
-47.4505,-0.000311855
-47.4618,-0.00031258
-47.4732,-0.000313304
-47.4845,-0.000314028
-47.4958,-0.000314752
-47.5071,-0.000315475
-47.5185,-0.000316198
-47.5298,-0.000316921
-47.5411,-0.000317643
-47.5525,-0.000318365
-47.5638,-0.000319087
-47.5751,-0.000319809
-47.5865,-0.00032053
-47.5978,-0.00032125
-47.6091,-0.00032197
-47.6205,-0.00032269
-47.6318,-0.00032341
-47.6431,-0.000324129
-47.6545,-0.000324848
-47.6658,-0.000325566
-47.6772,-0.000326284
-47.6885,-0.000327002
-47.6998,-0.000327719
-47.7112,-0.000328435
-47.7225,-0.000329152
-47.7339,-0.000329868
-47.7452,-0.000330583
-47.7566,-0.000331298
-47.7679,-0.000332012
-47.7793,-0.000332726
-47.7906,-0.00033344
-47.802,-0.000334153
-47.8133,-0.000334866
-47.8247,-0.000335578
-47.836,-0.000336289
-47.8474,-0.000337
-47.8587,-0.000337711
-47.8701,-0.000338421
-47.8815,-0.000339131
-47.8928,-0.00033984
-47.9042,-0.000340548
-47.9155,-0.000341256
-47.9269,-0.000341964
-47.9383,-0.000342671
-47.9496,-0.000343377
-47.961,-0.000344083
-47.9724,-0.000344788
-47.9837,-0.000345493
-47.9951,-0.000346197
-48.0065,-0.0003469
-48.0178,-0.000347603
-48.0292,-0.000348306
-48.0406,-0.000349007
-48.0519,-0.000349709
-48.0633,-0.000350409
-48.0747,-0.000351109
-48.0861,-0.000351808
-48.0974,-0.000352507
-48.1088,-0.000353205
-48.1202,-0.000353902
-48.1316,-0.000354599
-48.143,-0.000355295
-48.1543,-0.000355991
-48.1657,-0.000356685
-48.1771,-0.00035738
-48.1885,-0.000358073
-48.1999,-0.000358766
-48.2113,-0.000359458
-48.2226,-0.000360149
-48.234,-0.00036084
-48.2454,-0.00036153
-48.2568,-0.000362219
-48.2682,-0.000362907
-48.2796,-0.000363595
-48.291,-0.000364282
-48.3024,-0.000364969
-48.3138,-0.000365654
-48.3252,-0.000366339
-48.3366,-0.000367023
-48.348,-0.000367706
-48.3594,-0.000368389
-48.3708,-0.000369071
-48.3822,-0.000369752
-48.3936,-0.000370432
-48.405,-0.000371111
-48.4164,-0.00037179
-48.4278,-0.000372468
-48.4392,-0.000373145
-48.4506,-0.000373821
-48.462,-0.000374497
-48.4734,-0.000375171
-48.4848,-0.000375845
-48.4962,-0.000376518
-48.5076,-0.00037719
-48.519,-0.000377861
-48.5305,-0.000378532
-48.5419,-0.000379201
-48.5533,-0.00037987
-48.5647,-0.000380538
-48.5761,-0.000381205
-48.5875,-0.000381871
-48.599,-0.000382536
-48.6104,-0.000383201
-48.6218,-0.000383864
-48.6332,-0.000384527
-48.6446,-0.000385188
-48.6561,-0.000385849
-48.6675,-0.000386509
-48.6789,-0.000387168
-48.6903,-0.000387825
-48.7018,-0.000388482
-48.7132,-0.000389139
-48.7246,-0.000389794
-48.7361,-0.000390448
-48.7475,-0.000391101
-48.7589,-0.000391753
-48.7704,-0.000392405
-48.7818,-0.000393055
-48.7932,-0.000393704
-48.8047,-0.000394353
-48.8161,-0.000395
-48.8275,-0.000395646
-48.839,-0.000396292
-48.8504,-0.000396936
-48.8619,-0.00039758
-48.8733,-0.000398222
-48.8848,-0.000398863
-48.8962,-0.000399504
-48.9076,-0.000400143
-48.9191,-0.000400781
-48.9305,-0.000401418
-48.942,-0.000402055
-48.9534,-0.00040269
-48.9649,-0.000403324
-48.9763,-0.000403957
-48.9878,-0.000404589
-48.9992,-0.000405219
-49.0107,-0.000405849
-49.0222,-0.000406478
-49.0336,-0.000407106
-49.0451,-0.000407732
-49.0565,-0.000408357
-49.068,-0.000408982
-49.0795,-0.000409605
-49.0909,-0.000410227
-49.1024,-0.000410848
-49.1138,-0.000411468
-49.1253,-0.000412087
-49.1368,-0.000412704
-49.1482,-0.000413321
-49.1597,-0.000413936
-49.1712,-0.00041455
-49.1826,-0.000415163
-49.1941,-0.000415775
-49.2056,-0.000416386
-49.2171,-0.000416995
-49.2285,-0.000417604
-49.24,-0.000418211
-49.2515,-0.000418817
-49.263,-0.000419421
-49.2744,-0.000420025
-49.2859,-0.000420627
-49.2974,-0.000421229
-49.3089,-0.000421829
-49.3204,-0.000422427
-49.3319,-0.000423025
-49.3433,-0.000423621
-49.3548,-0.000424216
-49.3663,-0.00042481
-49.3778,-0.000425403
-49.3893,-0.000425994
-49.4008,-0.000426585
-49.4123,-0.000427173
-49.4238,-0.000427761
-49.4353,-0.000428347
-49.4468,-0.000428933
-49.4582,-0.000429516
-49.4697,-0.000430099
-49.4812,-0.00043068
-49.4927,-0.00043126
-49.5042,-0.000431839
-49.5157,-0.000432416
-49.5272,-0.000432993
-49.5387,-0.000433567
-49.5502,-0.000434141
-49.5618,-0.000434713
-49.5733,-0.000435284
-49.5848,-0.000435854
-49.5963,-0.000436422
-49.6078,-0.000436989
-49.6193,-0.000437554
-49.6308,-0.000438119
-49.6423,-0.000438682
-49.6538,-0.000439243
-49.6653,-0.000439803
-49.6769,-0.000440362
-49.6884,-0.00044092
-49.6999,-0.000441476
-49.7114,-0.00044203
-49.7229,-0.000442584
-49.7345,-0.000443136
-49.746,-0.000443686
-49.7575,-0.000444236
-49.769,-0.000444784
-49.7805,-0.00044533
-49.7921,-0.000445875
-49.8036,-0.000446419
-49.8151,-0.000446961
-49.8267,-0.000447502
-49.8382,-0.000448041
-49.8497,-0.000448579
-49.8612,-0.000449116
-49.8728,-0.000449651
-49.8843,-0.000450185
-49.8959,-0.000450717
-49.9074,-0.000451248
-49.9189,-0.000451777
-49.9305,-0.000452305
-49.942,-0.000452832
-49.9535,-0.000453357
-49.9651,-0.00045388
-49.9766,-0.000454402
-49.9882,-0.000454923
-49.9997,-0.000455442
-50.0113,-0.00045596
-50.0228,-0.000456476
-50.0344,-0.000456991
-50.0459,-0.000457504
-50.0575,-0.000458016
-50.069,-0.000458526
-50.0806,-0.000459035
-50.0921,-0.000459542
-50.1037,-0.000460048
-50.1152,-0.000460553
-50.1268,-0.000461055
-50.1383,-0.000461557
-50.1499,-0.000462056
-50.1615,-0.000462554
-50.173,-0.000463051
-50.1846,-0.000463546
-50.1962,-0.00046404
-50.2077,-0.000464532
-50.2193,-0.000465022
-50.2309,-0.000465511
-50.2424,-0.000465999
-50.254,-0.000466485
-50.2656,-0.000466969
-50.2771,-0.000467452
-50.2887,-0.000467933
-50.3003,-0.000468412
-50.3119,-0.00046889
-50.3234,-0.000469367
-50.335,-0.000469842
-50.3466,-0.000470315
-50.3582,-0.000470787
-50.3697,-0.000471257
-50.3813,-0.000471725
-50.3929,-0.000472192
-50.4045,-0.000472657
-50.4161,-0.000473121
-50.4277,-0.000473583
-50.4393,-0.000474044
-50.4508,-0.000474503
-50.4624,-0.00047496
-50.474,-0.000475415
-50.4856,-0.000475869
-50.4972,-0.000476322
-50.5088,-0.000476773
-50.5204,-0.000477222
-50.532,-0.000477669
-50.5436,-0.000478115
-50.5552,-0.00047856
-50.5668,-0.000479002
-50.5784,-0.000479443
-50.59,-0.000479883
-50.6016,-0.00048032
-50.6132,-0.000480756
-50.6248,-0.000481191
-50.6364,-0.000481623
-50.648,-0.000482054
-50.6596,-0.000482484
-50.6712,-0.000482912
-50.6828,-0.000483338
-50.6945,-0.000483762
-50.7061,-0.000484185
-50.7177,-0.000484606
-50.7293,-0.000485025
-50.7409,-0.000485443
-50.7525,-0.000485859
-50.7641,-0.000486273
-50.7758,-0.000486686
-50.7874,-0.000487097
-50.799,-0.000487506
-50.8106,-0.000487914
-50.8223,-0.00048832
-50.8339,-0.000488724
-50.8455,-0.000489126
-50.8571,-0.000489527
-50.8688,-0.000489926
-50.8804,-0.000490323
-50.892,-0.000490718
-50.9037,-0.000491112
-50.9153,-0.000491504
-50.9269,-0.000491895
-50.9386,-0.000492283
-50.9502,-0.00049267
-50.9618,-0.000493055
-50.9735,-0.000493439
-50.9851,-0.00049382
-50.9968,-0.0004942
-51.0084,-0.000494578
-51.02,-0.000494955
-51.0317,-0.000495329
-51.0433,-0.000495702
-51.055,-0.000496073
-51.0666,-0.000496443
-51.0783,-0.00049681
-51.0899,-0.000497176
-51.1016,-0.00049754
-51.1132,-0.000497902
-51.1249,-0.000498263
-51.1365,-0.000498621
-51.1482,-0.000498978
-51.1599,-0.000499333
-51.1715,-0.000499687
-51.1832,-0.000500038
-51.1948,-0.000500388
-51.2065,-0.000500736
-51.2182,-0.000501083
-51.2298,-0.000501427
-51.2415,-0.00050177
-51.2532,-0.000502111
-51.2648,-0.00050245
-51.2765,-0.000502787
-51.2882,-0.000503123
-51.2998,-0.000503457
-51.3115,-0.000503789
-51.3232,-0.000504119
-51.3349,-0.000504447
-51.3465,-0.000504774
-51.3582,-0.000505099
-51.3699,-0.000505422
-51.3816,-0.000505743
-51.3933,-0.000506062
-51.4049,-0.00050638
-51.4166,-0.000506696
-51.4283,-0.00050701
-51.44,-0.000507322
-51.4517,-0.000507632
-51.4634,-0.000507941
-51.4751,-0.000508248
-51.4867,-0.000508553
-51.4984,-0.000508856
-51.5101,-0.000509157
-51.5218,-0.000509457
-51.5335,-0.000509754
-51.5452,-0.00051005
-51.5569,-0.000510344
-51.5686,-0.000510636
-51.5803,-0.000510927
-51.592,-0.000511215
-51.6037,-0.000511502
-51.6154,-0.000511786
-51.6271,-0.000512069
-51.6388,-0.00051235
-51.6505,-0.00051263
-51.6622,-0.000512907
-51.674,-0.000513183
-51.6857,-0.000513456
-51.6974,-0.000513728
-51.7091,-0.000513998
-51.7208,-0.000514267
-51.7325,-0.000514533
-51.7442,-0.000514797
-51.756,-0.00051506
-51.7677,-0.000515321
-51.7794,-0.00051558
-51.7911,-0.000515837
-51.8028,-0.000516092
-51.8146,-0.000516345
-51.8263,-0.000516597
-51.838,-0.000516846
-51.8497,-0.000517094
-51.8615,-0.00051734
-51.8732,-0.000517584
-51.8849,-0.000517826
-51.8967,-0.000518067
-51.9084,-0.000518305
-51.9201,-0.000518542
-51.9319,-0.000518776
-51.9436,-0.000519009
-51.9553,-0.00051924
-51.9671,-0.00051947
-51.9788,-0.000519697
-51.9906,-0.000519922
-52.0023,-0.000520146
-52.014,-0.000520368
-52.0258,-0.000520588
-52.0375,-0.000520806
-52.0493,-0.000521022
-52.061,-0.000521236
-52.0728,-0.000521449
-52.0845,-0.000521659
-52.0963,-0.000521868
-52.108,-0.000522075
-52.1198,-0.00052228
-52.1316,-0.000522483
-52.1433,-0.000522685
-52.1551,-0.000522884
-52.1668,-0.000523082
-52.1786,-0.000523277
-52.1904,-0.000523471
-52.2021,-0.000523663
-52.2139,-0.000523853
-52.2257,-0.000524042
-52.2374,-0.000524228
-52.2492,-0.000524413
-52.261,-0.000524595
-52.2727,-0.000524776
-52.2845,-0.000524955
-52.2963,-0.000525132
-52.3081,-0.000525307
-52.3198,-0.000525481
-52.3316,-0.000525652
-52.3434,-0.000525822
-52.3552,-0.000525989
-52.367,-0.000526155
-52.3787,-0.000526319
-52.3905,-0.000526481
-52.4023,-0.000526641
-52.4141,-0.000526799
-52.4259,-0.000526955
-52.4377,-0.00052711
-52.4495,-0.000527262
-52.4612,-0.000527413
-52.473,-0.000527562
-52.4848,-0.000527708
-52.4966,-0.000527853
-52.5084,-0.000527996
-52.5202,-0.000528138
-52.532,-0.000528277
-52.5438,-0.000528414
-52.5556,-0.00052855
-52.5674,-0.000528684
-52.5792,-0.000528815
-52.591,-0.000528945
-52.6028,-0.000529073
-52.6146,-0.000529199
-52.6265,-0.000529323
-52.6383,-0.000529446
-52.6501,-0.000529566
-52.6619,-0.000529685
-52.6737,-0.000529801
-52.6855,-0.000529916
-52.6973,-0.000530029
-52.7092,-0.00053014
-52.721,-0.000530249
-52.7328,-0.000530357
-52.7446,-0.000530462
-52.7564,-0.000530566
-52.7683,-0.000530667
-52.7801,-0.000530767
-52.7919,-0.000530865
-52.8037,-0.000530961
-52.8156,-0.000531055
-52.8274,-0.000531147
-52.8392,-0.000531238
-52.8511,-0.000531326
-52.8629,-0.000531413
-52.8747,-0.000531498
-52.8866,-0.000531581
-52.8984,-0.000531662
-52.9102,-0.000531741
-52.9221,-0.000531818
-52.9339,-0.000531894
-52.9458,-0.000531967
-52.9576,-0.000532039
-52.9695,-0.000532109
-52.9813,-0.000532176
-52.9932,-0.000532242
-53.005,-0.000532307
-53.0169,-0.000532369
-53.0287,-0.000532429
-53.0406,-0.000532488
-53.0524,-0.000532545
-53.0643,-0.0005326
-53.0761,-0.000532653
-53.088,-0.000532704
-53.0998,-0.000532754
-53.1117,-0.000532801
-53.1236,-0.000532847
-53.1354,-0.000532891
-53.1473,-0.000532933
-53.1592,-0.000532973
-53.171,-0.000533012
-53.1829,-0.000533048
-53.1948,-0.000533083
-53.2066,-0.000533116
-53.2185,-0.000533147
-53.2304,-0.000533177
-53.2423,-0.000533204
-53.2541,-0.00053323
-53.266,-0.000533254
-53.2779,-0.000533276
-53.2898,-0.000533296
-53.3017,-0.000533314
-53.3135,-0.000533331
-53.3254,-0.000533346
-53.3373,-0.000533359
-53.3492,-0.00053337
-53.3611,-0.000533379
-53.373,-0.000533387
-53.3849,-0.000533393
-53.3968,-0.000533397
-53.4086,-0.000533399
-53.4205,-0.0005334
-53.4324,-0.000533398
-53.4443,-0.000533395
-53.4562,-0.00053339
-53.4681,-0.000533383
-53.48,-0.000533375
-53.4919,-0.000533364
-53.5038,-0.000533352
-53.5157,-0.000533338
-53.5276,-0.000533322
-53.5396,-0.000533305
-53.5515,-0.000533285
-53.5634,-0.000533264
-53.5753,-0.000533241
-53.5872,-0.000533217
-53.5991,-0.00053319
-53.611,-0.000533162
-53.6229,-0.000533132
-53.6349,-0.000533101
-53.6468,-0.000533067
-53.6587,-0.000533032
-53.6706,-0.000532995
-53.6825,-0.000532956
-53.6945,-0.000532916
-53.7064,-0.000532874
-53.7183,-0.00053283
-53.7303,-0.000532784
-53.7422,-0.000532737
-53.7541,-0.000532688
-53.766,-0.000532637
-53.778,-0.000532584
-53.7899,-0.00053253
-53.8018,-0.000532473
-53.8138,-0.000532415
-53.8257,-0.000532355
-53.8377,-0.000532294
-53.8496,-0.00053223
-53.8615,-0.000532165
-53.8735,-0.000532098
-53.8854,-0.00053203
-53.8974,-0.00053196
-53.9093,-0.000531887
-53.9213,-0.000531814
-53.9332,-0.000531738
-53.9452,-0.000531661
-53.9571,-0.000531582
-53.9691,-0.000531501
-53.9811,-0.000531418
-53.993,-0.000531334
-54.005,-0.000531248
-54.0169,-0.00053116
-54.0289,-0.00053107
-54.0409,-0.000530979
-54.0528,-0.000530886
-54.0648,-0.000530791
-54.0767,-0.000530695
-54.0887,-0.000530597
-54.1007,-0.000530497
-54.1127,-0.000530395
-54.1246,-0.000530291
-54.1366,-0.000530186
-54.1486,-0.000530079
-54.1606,-0.00052997
-54.1725,-0.00052986
-54.1845,-0.000529749
-54.1965,-0.000529635
-54.2085,-0.00052952
-54.2205,-0.000529404
-54.2324,-0.000529285
-54.2444,-0.000529165
-54.2564,-0.000529044
-54.2684,-0.00052892
-54.2804,-0.000528796
-54.2924,-0.000528669
-54.3044,-0.000528541
-54.3164,-0.000528411
-54.3284,-0.000528279
-54.3404,-0.000528146
-54.3523,-0.000528011
-54.3643,-0.000527875
-54.3763,-0.000527737
-54.3883,-0.000527597
-54.4004,-0.000527456
-54.4124,-0.000527313
-54.4244,-0.000527168
-54.4364,-0.000527022
-54.4484,-0.000526874
-54.4604,-0.000526725
-54.4724,-0.000526574
-54.4844,-0.000526422
-54.4964,-0.000526268
-54.5084,-0.000526112
-54.5205,-0.000525955
-54.5325,-0.000525796
-54.5445,-0.000525635
-54.5565,-0.000525473
-54.5685,-0.000525309
-54.5806,-0.000525144
-54.5926,-0.000524976
-54.6046,-0.000524808
-54.6166,-0.000524637
-54.6287,-0.000524466
-54.6407,-0.000524292
-54.6527,-0.000524117
-54.6648,-0.00052394
-54.6768,-0.000523762
-54.6888,-0.000523582
-54.7009,-0.000523401
-54.7129,-0.000523218
-54.7249,-0.000523033
-54.737,-0.000522847
-54.749,-0.000522659
-54.7611,-0.00052247
-54.7731,-0.000522279
-54.7852,-0.000522087
-54.7972,-0.000521893
-54.8092,-0.000521697
-54.8213,-0.0005215
-54.8333,-0.000521302
-54.8454,-0.000521102
-54.8575,-0.0005209
-54.8695,-0.000520697
-54.8816,-0.000520492
-54.8936,-0.000520285
-54.9057,-0.000520077
-54.9177,-0.000519868
-54.9298,-0.000519657
-54.9419,-0.000519445
-54.9539,-0.000519232
-54.966,-0.000519017
-54.9781,-0.0005188
-54.9901,-0.000518582
-55.0022,-0.000518362
-55.0143,-0.000518141
-55.0264,-0.000517919
-55.0384,-0.000517695
-55.0505,-0.00051747
-55.0626,-0.000517243
-55.0747,-0.000517014
-55.0867,-0.000516785
-55.0988,-0.000516554
-55.1109,-0.000516321
-55.123,-0.000516087
-55.1351,-0.000515852
-55.1472,-0.000515615
-55.1592,-0.000515376
-55.1713,-0.000515137
-55.1834,-0.000514896
-55.1955,-0.000514653
-55.2076,-0.000514409
-55.2197,-0.000514164
-55.2318,-0.000513917
-55.2439,-0.000513669
-55.256,-0.00051342
-55.2681,-0.000513169
-55.2802,-0.000512917
-55.2923,-0.000512663
-55.3044,-0.000512408
-55.3165,-0.000512152
-55.3286,-0.000511894
-55.3407,-0.000511634
-55.3528,-0.000511373
-55.365,-0.000511111
-55.3771,-0.000510847
-55.3892,-0.000510582
-55.4013,-0.000510316
-55.4134,-0.000510048
-55.4255,-0.000509779
-55.4377,-0.000509508
-55.4498,-0.000509236
-55.4619,-0.000508963
-55.474,-0.000508688
-55.4861,-0.000508412
-55.4983,-0.000508135
-55.5104,-0.000507856
-55.5225,-0.000507576
-55.5347,-0.000507295
-55.5468,-0.000507012
-55.5589,-0.000506728
-55.5711,-0.000506442
-55.5832,-0.000506155
-55.5953,-0.000505867
-55.6075,-0.000505577
-55.6196,-0.000505286
-55.6318,-0.000504994
-55.6439,-0.0005047
-55.656,-0.000504405
-55.6682,-0.000504109
-55.6803,-0.000503812
-55.6925,-0.000503513
-55.7046,-0.000503213
-55.7168,-0.000502912
-55.7289,-0.000502609
-55.7411,-0.000502306
-55.7532,-0.000502001
-55.7654,-0.000501694
-55.7776,-0.000501387
-55.7897,-0.000501078
-55.8019,-0.000500768
-55.814,-0.000500457
-55.8262,-0.000500144
-55.8384,-0.00049983
-55.8505,-0.000499515
-55.8627,-0.000499199
-55.8749,-0.000498881
-55.887,-0.000498562
-55.8992,-0.000498242
-55.9114,-0.000497921
-55.9236,-0.000497599
-55.9357,-0.000497275
-55.9479,-0.00049695
-55.9601,-0.000496624
-55.9723,-0.000496297
-55.9845,-0.000495968
-55.9966,-0.000495639
-56.0088,-0.000495308
-56.021,-0.000494976
-56.0332,-0.000494643
-56.0454,-0.000494308
-56.0576,-0.000493973
-56.0698,-0.000493636
-56.082,-0.000493298
-56.0942,-0.000492959
-56.1064,-0.000492618
-56.1186,-0.000492277
-56.1308,-0.000491934
-56.143,-0.000491591
-56.1552,-0.000491246
-56.1674,-0.0004909
-56.1796,-0.000490552
-56.1918,-0.000490204
-56.204,-0.000489855
-56.2162,-0.000489504
-56.2284,-0.000489153
-56.2406,-0.0004888
-56.2528,-0.000488446
-56.265,-0.000488091
-56.2772,-0.000487735
-56.2895,-0.000487378
-56.3017,-0.000487019
-56.3139,-0.00048666
-56.3261,-0.000486299
-56.3383,-0.000485938
-56.3506,-0.000485575
-56.3628,-0.000485211
-56.375,-0.000484847
-56.3872,-0.000484481
-56.3995,-0.000484114
-56.4117,-0.000483746
-56.4239,-0.000483377
-56.4362,-0.000483007
-56.4484,-0.000482636
-56.4606,-0.000482263
-56.4729,-0.00048189
-56.4851,-0.000481516
-56.4973,-0.000481141
-56.5096,-0.000480764
-56.5218,-0.000480387
-56.5341,-0.000480008
-56.5463,-0.000479629
-56.5586,-0.000479248
-56.5708,-0.000478867
-56.5831,-0.000478484
-56.5953,-0.000478101
-56.6076,-0.000477716
-56.6198,-0.000477331
-56.6321,-0.000476944
-56.6443,-0.000476557
-56.6566,-0.000476168
-56.6688,-0.000475779
-56.6811,-0.000475388
-56.6934,-0.000474997
-56.7056,-0.000474605
-56.7179,-0.000474211
-56.7302,-0.000473817
-56.7424,-0.000473422
-56.7547,-0.000473025
-56.767,-0.000472628
-56.7792,-0.00047223
-56.7915,-0.000471831
-56.8038,-0.000471431
-56.8161,-0.00047103
-56.8283,-0.000470628
-56.8406,-0.000470225
-56.8529,-0.000469821
-56.8652,-0.000469417
-56.8775,-0.000469011
-56.8897,-0.000468605
-56.902,-0.000468197
-56.9143,-0.000467789
-56.9266,-0.00046738
-56.9389,-0.00046697
-56.9512,-0.000466559
-56.9635,-0.000466147
-56.9758,-0.000465734
-56.9881,-0.000465321
-57.0004,-0.000464906
-57.0127,-0.000464491
-57.025,-0.000464074
-57.0373,-0.000463657
-57.0496,-0.000463239
-57.0619,-0.000462821
-57.0742,-0.000462401
-57.0865,-0.00046198
-57.0988,-0.000461559
-57.1111,-0.000461137
-57.1234,-0.000460714
-57.1357,-0.00046029
-57.148,-0.000459865
-57.1603,-0.00045944
-57.1727,-0.000459013
-57.185,-0.000458586
-57.1973,-0.000458158
-57.2096,-0.000457729
-57.2219,-0.0004573
-57.2342,-0.000456869
-57.2466,-0.000456438
-57.2589,-0.000456006
-57.2712,-0.000455574
-57.2836,-0.00045514
-57.2959,-0.000454706
-57.3082,-0.000454271
-57.3205,-0.000453835
-57.3329,-0.000453398
-57.3452,-0.000452961
-57.3575,-0.000452522
-57.3699,-0.000452083
-57.3822,-0.000451644
-57.3946,-0.000451203
-57.4069,-0.000450762
-57.4192,-0.00045032
-57.4316,-0.000449877
-57.4439,-0.000449434
-57.4563,-0.00044899
-57.4686,-0.000448545
-57.481,-0.000448099
-57.4933,-0.000447653
-57.5057,-0.000447206
-57.518,-0.000446758
-57.5304,-0.00044631
-57.5428,-0.000445861
-57.5551,-0.000445411
-57.5675,-0.00044496
-57.5798,-0.000444509
-57.5922,-0.000444057
-57.6046,-0.000443604
-57.6169,-0.000443151
-57.6293,-0.000442697
-57.6417,-0.000442243
-57.654,-0.000441787
-57.6664,-0.000441332
-57.6788,-0.000440875
-57.6911,-0.000440418
-57.7035,-0.00043996
-57.7159,-0.000439501
-57.7283,-0.000439042
-57.7406,-0.000438582
-57.753,-0.000438122
-57.7654,-0.000437661
-57.7778,-0.000437199
-57.7902,-0.000436737
-57.8026,-0.000436274
-57.8149,-0.00043581
-57.8273,-0.000435346
-57.8397,-0.000434881
-57.8521,-0.000434416
-57.8645,-0.00043395
-57.8769,-0.000433484
-57.8893,-0.000433016
-57.9017,-0.000432549
-57.9141,-0.00043208
-57.9265,-0.000431611
-57.9389,-0.000431142
-57.9513,-0.000430672
-57.9637,-0.000430201
-57.9761,-0.00042973
-57.9885,-0.000429258
-58.0009,-0.000428786
-58.0133,-0.000428313
-58.0257,-0.00042784
-58.0381,-0.000427366
-58.0505,-0.000426891
-58.063,-0.000426416
-58.0754,-0.000425941
-58.0878,-0.000425465
-58.1002,-0.000424988
-58.1126,-0.000424511
-58.125,-0.000424033
-58.1375,-0.000423555
-58.1499,-0.000423076
-58.1623,-0.000422597
-58.1747,-0.000422118
-58.1872,-0.000421637
-58.1996,-0.000421157
-58.212,-0.000420675
-58.2245,-0.000420194
-58.2369,-0.000419712
-58.2493,-0.000419229
-58.2618,-0.000418746
-58.2742,-0.000418262
-58.2866,-0.000417778
-58.2991,-0.000417294
-58.3115,-0.000416809
-58.3239,-0.000416324
-58.3364,-0.000415838
-58.3488,-0.000415352
-58.3613,-0.000414865
-58.3737,-0.000414378
-58.3862,-0.00041389
-58.3986,-0.000413402
-58.4111,-0.000412914
-58.4235,-0.000412425
-58.436,-0.000411935
-58.4484,-0.000411446
-58.4609,-0.000410956
-58.4734,-0.000410465
-58.4858,-0.000409974
-58.4983,-0.000409483
-58.5107,-0.000408991
-58.5232,-0.000408499
-58.5357,-0.000408006
-58.5481,-0.000407513
-58.5606,-0.00040702
-58.5731,-0.000406526
-58.5855,-0.000406032
-58.598,-0.000405538
-58.6105,-0.000405043
-58.6229,-0.000404548
-58.6354,-0.000404052
-58.6479,-0.000403557
-58.6604,-0.00040306
-58.6728,-0.000402564
-58.6853,-0.000402067
-58.6978,-0.000401569
-58.7103,-0.000401072
-58.7228,-0.000400574
-58.7353,-0.000400076
-58.7477,-0.000399577
-58.7602,-0.000399078
-58.7727,-0.000398579
-58.7852,-0.000398079
-58.7977,-0.000397579
-58.8102,-0.000397079
-58.8227,-0.000396578
-58.8352,-0.000396077
-58.8477,-0.000395576
-58.8602,-0.000395075
-58.8727,-0.000394573
-58.8852,-0.000394071
-58.8977,-0.000393569
-58.9102,-0.000393066
-58.9227,-0.000392563
-58.9352,-0.00039206
-58.9477,-0.000391556
-58.9602,-0.000391053
-58.9727,-0.000390549
-58.9852,-0.000390044
-58.9977,-0.00038954
-59.0103,-0.000389035
-59.0228,-0.00038853
-59.0353,-0.000388025
-59.0478,-0.000387519
-59.0603,-0.000387013
-59.0728,-0.000386507
-59.0854,-0.000386001
-59.0979,-0.000385495
-59.1104,-0.000384988
-59.1229,-0.000384481
-59.1355,-0.000383974
-59.148,-0.000383466
-59.1605,-0.000382959
-59.173,-0.000382451
-59.1856,-0.000381943
-59.1981,-0.000381435
-59.2106,-0.000380926
-59.2232,-0.000380417
-59.2357,-0.000379909
-59.2482,-0.0003794
-59.2608,-0.00037889
-59.2733,-0.000378381
-59.2859,-0.000377871
-59.2984,-0.000377361
-59.311,-0.000376851
-59.3235,-0.000376341
-59.336,-0.000375831
-59.3486,-0.00037532
-59.3611,-0.00037481
-59.3737,-0.000374299
-59.3862,-0.000373788
-59.3988,-0.000373277
-59.4114,-0.000372765
-59.4239,-0.000372254
-59.4365,-0.000371742
-59.449,-0.00037123
-59.4616,-0.000370718
-59.4741,-0.000370206
-59.4867,-0.000369694
-59.4993,-0.000369182
-59.5118,-0.000368669
-59.5244,-0.000368157
-59.537,-0.000367644
-59.5495,-0.000367131
-59.5621,-0.000366618
-59.5747,-0.000366105
-59.5872,-0.000365592
-59.5998,-0.000365079
-59.6124,-0.000364566
-59.625,-0.000364053
-59.6375,-0.000363539
-59.6501,-0.000363026
-59.6627,-0.000362512
-59.6753,-0.000361999
-59.6878,-0.000361485
-59.7004,-0.000360971
-59.713,-0.000360457
-59.7256,-0.000359943
-59.7382,-0.000359429
-59.7508,-0.000358915
-59.7634,-0.000358401
-59.7759,-0.000357887
-59.7885,-0.000357373
-59.8011,-0.000356859
-59.8137,-0.000356344
-59.8263,-0.00035583
-59.8389,-0.000355315
-59.8515,-0.000354801
-59.8641,-0.000354287
-59.8767,-0.000353772
-59.8893,-0.000353258
-59.9019,-0.000352743
-59.9145,-0.000352228
-59.9271,-0.000351714
-59.9397,-0.000351199
-59.9523,-0.000350685
-59.9649,-0.00035017
-59.9775,-0.000349655
-59.9901,-0.000349141
-60.0028,-0.000348626
-60.0154,-0.000348112
-60.028,-0.000347597
-60.0406,-0.000347082
-60.0532,-0.000346568
-60.0658,-0.000346053
-60.0784,-0.000345539
-60.0911,-0.000345024
-60.1037,-0.00034451
-60.1163,-0.000343995
-60.1289,-0.000343481
-60.1416,-0.000342966
-60.1542,-0.000342452
-60.1668,-0.000341938
-60.1794,-0.000341423
-60.1921,-0.000340909
-60.2047,-0.000340395
-60.2173,-0.000339881
-60.2299,-0.000339367
-60.2426,-0.000338853
-60.2552,-0.000338339
-60.2679,-0.000337825
-60.2805,-0.000337311
-60.2931,-0.000336797
-60.3058,-0.000336284
-60.3184,-0.00033577
-60.331,-0.000335256
-60.3437,-0.000334743
-60.3563,-0.00033423
-60.369,-0.000333716
-60.3816,-0.000333203
-60.3943,-0.00033269
-60.4069,-0.000332177
-60.4196,-0.000331664
-60.4322,-0.000331152
-60.4449,-0.000330639
-60.4575,-0.000330126
-60.4702,-0.000329614
-60.4828,-0.000329101
-60.4955,-0.000328589
-60.5081,-0.000328077
-60.5208,-0.000327565
-60.5334,-0.000327053
-60.5461,-0.000326542
-60.5588,-0.00032603
-60.5714,-0.000325518
-60.5841,-0.000325007
-60.5968,-0.000324496
-60.6094,-0.000323985
-60.6221,-0.000323474
-60.6348,-0.000322963
-60.6474,-0.000322452
-60.6601,-0.000321942
-60.6728,-0.000321432
-60.6854,-0.000320921
-60.6981,-0.000320411
-60.7108,-0.000319902
-60.7235,-0.000319392
-60.7361,-0.000318882
-60.7488,-0.000318373
-60.7615,-0.000317864
-60.7742,-0.000317355
-60.7869,-0.000316846
-60.7995,-0.000316337
-60.8122,-0.000315829
-60.8249,-0.000315321
-60.8376,-0.000314813
-60.8503,-0.000314305
-60.863,-0.000313797
-60.8756,-0.000313289
-60.8883,-0.000312782
-60.901,-0.000312275
-60.9137,-0.000311768
-60.9264,-0.000311261
-60.9391,-0.000310754
-60.9518,-0.000310248
-60.9645,-0.000309742
-60.9772,-0.000309236
-60.9899,-0.00030873
-61.0026,-0.000308224
-61.0153,-0.000307719
-61.028,-0.000307214
-61.0407,-0.000306709
-61.0534,-0.000306204
-61.0661,-0.0003057
-61.0788,-0.000305195
-61.0915,-0.000304691
-61.1042,-0.000304188
-61.1169,-0.000303684
-61.1296,-0.000303181
-61.1423,-0.000302678
-61.155,-0.000302175
-61.1678,-0.000301672
-61.1805,-0.00030117
-61.1932,-0.000300668
-61.2059,-0.000300166
-61.2186,-0.000299664
-61.2313,-0.000299163
-61.244,-0.000298662
-61.2568,-0.000298161
-61.2695,-0.00029766
-61.2822,-0.00029716
-61.2949,-0.00029666
-61.3077,-0.00029616
-61.3204,-0.00029566
-61.3331,-0.000295161
-61.3458,-0.000294662
-61.3586,-0.000294163
-61.3713,-0.000293664
-61.384,-0.000293166
-61.3967,-0.000292668
-61.4095,-0.000292171
-61.4222,-0.000291673
-61.4349,-0.000291176
-61.4477,-0.000290679
-61.4604,-0.000290183
-61.4731,-0.000289686
-61.4859,-0.00028919
-61.4986,-0.000288695
-61.5113,-0.000288199
-61.5241,-0.000287704
-61.5368,-0.00028721
-61.5496,-0.000286715
-61.5623,-0.000286221
-61.575,-0.000285727
-61.5878,-0.000285234
-61.6005,-0.00028474
-61.6133,-0.000284248
-61.626,-0.000283755
-61.6388,-0.000283263
-61.6515,-0.000282771
-61.6643,-0.000282279
-61.677,-0.000281788
-61.6898,-0.000281297
-61.7025,-0.000280806
-61.7153,-0.000280316
-61.728,-0.000279826
-61.7408,-0.000279336
-61.7535,-0.000278847
-61.7663,-0.000278358
-61.7791,-0.000277869
-61.7918,-0.00027738
-61.8046,-0.000276892
-61.8173,-0.000276405
-61.8301,-0.000275917
-61.8429,-0.00027543
-61.8556,-0.000274944
-61.8684,-0.000274457
-61.8811,-0.000273971
-61.8939,-0.000273486
-61.9067,-0.000273
-61.9194,-0.000272515
-61.9322,-0.000272031
-61.945,-0.000271547
-61.9577,-0.000271063
-61.9705,-0.000270579
-61.9833,-0.000270096
-61.9961,-0.000269613
-62.0088,-0.000269131
-62.0216,-0.000268649
-62.0344,-0.000268167
-62.0472,-0.000267686
-62.0599,-0.000267205
-62.0727,-0.000266724
-62.0855,-0.000266244
-62.0983,-0.000265764
-62.111,-0.000265285
-62.1238,-0.000264806
-62.1366,-0.000264327
-62.1494,-0.000263848
-62.1622,-0.00026337
-62.1749,-0.000262893
-62.1877,-0.000262416
-62.2005,-0.000261939
-62.2133,-0.000261463
-62.2261,-0.000260987
-62.2389,-0.000260512
-62.2517,-0.000260037
-62.2645,-0.000259562
-62.2772,-0.000259088
-62.29,-0.000258615
-62.3028,-0.000258141
-62.3156,-0.000257668
-62.3284,-0.000257196
-62.3412,-0.000256724
-62.354,-0.000256252
-62.3668,-0.000255781
-62.3796,-0.00025531
-62.3924,-0.00025484
-62.4052,-0.00025437
-62.418,-0.000253901
-62.4308,-0.000253432
-62.4436,-0.000252963
-62.4564,-0.000252495
-62.4692,-0.000252027
-62.482,-0.00025156
-62.4948,-0.000251093
-62.5076,-0.000250627
-62.5204,-0.000250161
-62.5332,-0.000249695
-62.546,-0.00024923
-62.5588,-0.000248766
-62.5716,-0.000248301
-62.5844,-0.000247838
-62.5972,-0.000247375
-62.61,-0.000246912
-62.6228,-0.000246449
-62.6357,-0.000245988
-62.6485,-0.000245526
-62.6613,-0.000245065
-62.6741,-0.000244605
-62.6869,-0.000244145
-62.6997,-0.000243685
-62.7125,-0.000243226
-62.7253,-0.000242768
-62.7382,-0.00024231
-62.751,-0.000241852
-62.7638,-0.000241395
-62.7766,-0.000240939
-62.7894,-0.000240482
-62.8022,-0.000240027
-62.8151,-0.000239572
-62.8279,-0.000239117
-62.8407,-0.000238663
-62.8535,-0.000238209
-62.8663,-0.000237755
-62.8792,-0.000237302
-62.892,-0.00023685
-62.9048,-0.000236398
-62.9176,-0.000235946
-62.9305,-0.000235495
-62.9433,-0.000235044
-62.9561,-0.000234594
-62.9689,-0.000234144
-62.9818,-0.000233695
-62.9946,-0.000233246
-63.0074,-0.000232798
-63.0203,-0.00023235
-63.0331,-0.000231903
-63.0459,-0.000231456
-63.0587,-0.00023101
-63.0716,-0.000230564
-63.0844,-0.000230119
-63.0972,-0.000229674
-63.1101,-0.00022923
-63.1229,-0.000228786
-63.1357,-0.000228342
-63.1486,-0.000227899
-63.1614,-0.000227457
-63.1743,-0.000227015
-63.1871,-0.000226574
-63.1999,-0.000226133
-63.2128,-0.000225692
-63.2256,-0.000225253
-63.2384,-0.000224813
-63.2513,-0.000224374
-63.2641,-0.000223936
-63.277,-0.000223498
-63.2898,-0.000223061
-63.3026,-0.000222624
-63.3155,-0.000222187
-63.3283,-0.000221751
-63.3412,-0.000221316
-63.354,-0.000220881
-63.3669,-0.000220447
-63.3797,-0.000220013
-63.3925,-0.000219579
-63.4054,-0.000219147
-63.4182,-0.000218714
-63.4311,-0.000218282
-63.4439,-0.000217851
-63.4568,-0.00021742
-63.4696,-0.00021699
-63.4825,-0.00021656
-63.4953,-0.000216131
-63.5082,-0.000215702
-63.521,-0.000215274
-63.5339,-0.000214846
-63.5467,-0.000214419
-63.5596,-0.000213993
-63.5724,-0.000213567
-63.5853,-0.000213141
-63.5981,-0.000212716
-63.611,-0.000212292
-63.6238,-0.000211868
-63.6367,-0.000211445
-63.6495,-0.000211022
-63.6624,-0.000210599
-63.6752,-0.000210178
-63.6881,-0.000209756
-63.7009,-0.000209336
-63.7138,-0.000208916
-63.7267,-0.000208496
-63.7395,-0.000208077
-63.7524,-0.000207658
-63.7652,-0.00020724
-63.7781,-0.000206823
-63.7909,-0.000206406
-63.8038,-0.00020599
-63.8167,-0.000205574
-63.8295,-0.000205159
-63.8424,-0.000204744
-63.8552,-0.00020433
-63.8681,-0.000203916
-63.881,-0.000203503
-63.8938,-0.00020309
-63.9067,-0.000202678
-63.9195,-0.000202267
-63.9324,-0.000201856
-63.9453,-0.000201445
-63.9581,-0.000201036
-63.971,-0.000200626
-63.9838,-0.000200218
-63.9967,-0.000199809
-64.0096,-0.000199402
-64.0224,-0.000198995
-64.0353,-0.000198588
-64.0482,-0.000198182
-64.061,-0.000197777
-64.0739,-0.000197372
-64.0868,-0.000196968
-64.0996,-0.000196564
-64.1125,-0.000196161
-64.1254,-0.000195758
-64.1382,-0.000195356
-64.1511,-0.000194954
-64.1639,-0.000194554
-64.1768,-0.000194153
-64.1897,-0.000193753
-64.2025,-0.000193354
-64.2154,-0.000192955
-64.2283,-0.000192557
-64.2411,-0.000192159
-64.254,-0.000191762
-64.2669,-0.000191366
-64.2798,-0.00019097
-64.2926,-0.000190574
-64.3055,-0.000190179
-64.3184,-0.000189785
-64.3312,-0.000189391
-64.3441,-0.000188998
-64.357,-0.000188605
-64.3698,-0.000188213
-64.3827,-0.000187822
-64.3956,-0.000187431
-64.4084,-0.00018704
-64.4213,-0.00018665
-64.4342,-0.000186261
-64.4471,-0.000185872
-64.4599,-0.000185484
-64.4728,-0.000185097
-64.4857,-0.00018471
-64.4985,-0.000184323
-64.5114,-0.000183937
-64.5243,-0.000183552
-64.5371,-0.000183167
-64.55,-0.000182783
-64.5629,-0.000182399
-64.5758,-0.000182016
-64.5886,-0.000181634
-64.6015,-0.000181252
-64.6144,-0.00018087
-64.6272,-0.00018049
-64.6401,-0.000180109
-64.653,-0.00017973
-64.6659,-0.000179351
-64.6787,-0.000178972
-64.6916,-0.000178594
-64.7045,-0.000178217
-64.7173,-0.00017784
-64.7302,-0.000177463
-64.7431,-0.000177088
-64.756,-0.000176713
-64.7688,-0.000176338
-64.7817,-0.000175964
-64.7946,-0.000175591
-64.8074,-0.000175218
-64.8203,-0.000174845
-64.8332,-0.000174474
-64.8461,-0.000174102
-64.8589,-0.000173732
-64.8718,-0.000173362
-64.8847,-0.000172993
-64.8975,-0.000172624
-64.9104,-0.000172256
-64.9233,-0.000171888
-64.9362,-0.000171521
-64.949,-0.000171155
-64.9619,-0.000170789
-64.9748,-0.000170424
-64.9876,-0.000170059
-65.0005,-0.000169695
-65.0134,-0.000169332
-65.0263,-0.000168969
-65.0391,-0.000168607
-65.052,-0.000168245
-65.0649,-0.000167884
-65.0777,-0.000167523
-65.0906,-0.000167163
-65.1035,-0.000166804
-65.1164,-0.000166445
-65.1292,-0.000166087
-65.1421,-0.00016573
-65.155,-0.000165373
-65.1678,-0.000165016
-65.1807,-0.00016466
-65.1936,-0.000164305
-65.2064,-0.000163951
-65.2193,-0.000163597
-65.2322,-0.000163243
-65.2451,-0.00016289
-65.2579,-0.000162538
-65.2708,-0.000162186
-65.2837,-0.000161835
-65.2965,-0.000161485
-65.3094,-0.000161135
-65.3223,-0.000160786
-65.3351,-0.000160437
-65.348,-0.000160089
-65.3609,-0.000159741
-65.3737,-0.000159394
-65.3866,-0.000159048
-65.3995,-0.000158702
-65.4123,-0.000158357
-65.4252,-0.000158013
-65.4381,-0.000157669
-65.4509,-0.000157325
-65.4638,-0.000156983
-65.4767,-0.00015664
-65.4895,-0.000156299
-65.5024,-0.000155958
-65.5152,-0.000155618
-65.5281,-0.000155278
-65.541,-0.000154938
-65.5538,-0.000154599
-65.5667,-0.000154261
-65.5796,-0.000153923
-65.5924,-0.000153586
-65.6053,-0.00015325
-65.6181,-0.000152914
-65.631,-0.000152578
-65.6439,-0.000152243
-65.6567,-0.000151909
-65.6696,-0.000151575
-65.6824,-0.000151242
-65.6953,-0.00015091
-65.7082,-0.000150578
-65.721,-0.000150246
-65.7339,-0.000149915
-65.7467,-0.000149585
-65.7596,-0.000149256
-65.7725,-0.000148926
-65.7853,-0.000148598
-65.7982,-0.00014827
-65.811,-0.000147942
-65.8239,-0.000147616
-65.8367,-0.000147289
-65.8496,-0.000146964
-65.8624,-0.000146639
-65.8753,-0.000146314
-65.8881,-0.00014599
-65.901,-0.000145667
-65.9138,-0.000145344
-65.9267,-0.000145021
-65.9396,-0.0001447
-65.9524,-0.000144378
-65.9653,-0.000144058
-65.9781,-0.000143738
-65.991,-0.000143418
-66.0038,-0.000143099
-66.0166,-0.000142781
-66.0295,-0.000142463
-66.0423,-0.000142146
-66.0552,-0.000141829
-66.068,-0.000141513
-66.0809,-0.000141197
-66.0937,-0.000140882
-66.1066,-0.000140568
-66.1194,-0.000140254
-66.1323,-0.000139941
-66.1451,-0.000139628
-66.1579,-0.000139316
-66.1708,-0.000139004
-66.1836,-0.000138693
-66.1965,-0.000138382
-66.2093,-0.000138072
-66.2221,-0.000137763
-66.235,-0.000137455
-66.2478,-0.000137147
-66.2607,-0.000136839
-66.2735,-0.000136532
-66.2863,-0.000136226
-66.2992,-0.00013592
-66.312,-0.000135615
-66.3248,-0.00013531
-66.3377,-0.000135006
-66.3505,-0.000134703
-66.3633,-0.0001344
-66.3762,-0.000134097
-66.389,-0.000133795
-66.4018,-0.000133494
-66.4147,-0.000133193
-66.4275,-0.000132893
-66.4403,-0.000132594
-66.4531,-0.000132295
-66.466,-0.000131996
-66.4788,-0.000131698
-66.4916,-0.000131401
-66.5044,-0.000131104
-66.5173,-0.000130808
-66.5301,-0.000130513
-66.5429,-0.000130218
-66.5557,-0.000129923
-66.5685,-0.000129629
-66.5814,-0.000129336
-66.5942,-0.000129043
-66.607,-0.000128751
-66.6198,-0.000128459
-66.6326,-0.000128168
-66.6455,-0.000127877
-66.6583,-0.000127587
-66.6711,-0.000127298
-66.6839,-0.000127009
-66.6967,-0.000126721
-66.7095,-0.000126433
-66.7223,-0.000126146
-66.7351,-0.000125859
-66.7479,-0.000125573
-66.7608,-0.000125288
-66.7736,-0.000125003
-66.7864,-0.000124718
-66.7992,-0.000124435
-66.812,-0.000124151
-66.8248,-0.000123869
-66.8376,-0.000123586
-66.8504,-0.000123305
-66.8632,-0.000123024
-66.876,-0.000122743
-66.8888,-0.000122463
-66.9016,-0.000122184
-66.9144,-0.000121905
-66.9272,-0.000121626
-66.94,-0.000121349
-66.9528,-0.000121071
-66.9656,-0.000120795
-66.9784,-0.000120518
-66.9911,-0.000120243
-67.0039,-0.000119968
-67.0167,-0.000119693
-67.0295,-0.000119419
-67.0423,-0.000119146
-67.0551,-0.000118873
-67.0679,-0.000118601
-67.0807,-0.000118329
-67.0934,-0.000118058
-67.1062,-0.000117787
-67.119,-0.000117517
-67.1318,-0.000117247
-67.1446,-0.000116978
-67.1573,-0.000116709
-67.1701,-0.000116441
-67.1829,-0.000116174
-67.1957,-0.000115907
-67.2084,-0.000115641
-67.2212,-0.000115375
-67.234,-0.00011511
-67.2468,-0.000114845
-67.2595,-0.000114581
-67.2723,-0.000114317
-67.2851,-0.000114054
-67.2978,-0.000113791
-67.3106,-0.000113529
-67.3233,-0.000113268
-67.3361,-0.000113006
-67.3489,-0.000112746
-67.3616,-0.000112486
-67.3744,-0.000112227
-67.3871,-0.000111968
-67.3999,-0.000111709
-67.4127,-0.000111452
-67.4254,-0.000111194
-67.4382,-0.000110938
-67.4509,-0.000110681
-67.4637,-0.000110426
-67.4764,-0.000110171
-67.4892,-0.000109916
-67.5019,-0.000109662
-67.5147,-0.000109408
-67.5274,-0.000109155
-67.5401,-0.000108903
-67.5529,-0.000108651
-67.5656,-0.000108399
-67.5784,-0.000108149
-67.5911,-0.000107898
-67.6038,-0.000107648
-67.6166,-0.000107399
-67.6293,-0.00010715
-67.642,-0.000106902
-67.6548,-0.000106654
-67.6675,-0.000106407
-67.6802,-0.00010616
-67.6929,-0.000105914
-67.7057,-0.000105669
-67.7184,-0.000105424
-67.7311,-0.000105179
-67.7438,-0.000104935
-67.7566,-0.000104691
-67.7693,-0.000104448
-67.782,-0.000104206
-67.7947,-0.000103964
-67.8074,-0.000103723
-67.8201,-0.000103482
-67.8328,-0.000103241
-67.8455,-0.000103001
-67.8583,-0.000102762
-67.871,-0.000102523
-67.8837,-0.000102285
-67.8964,-0.000102047
-67.9091,-0.00010181
-67.9218,-0.000101573
-67.9345,-0.000101337
-67.9472,-0.000101101
-67.9599,-0.000100866
-67.9726,-0.000100631
-67.9853,-0.000100397
-67.9979,-0.000100163
-68.0106,-9.99E-05
-68.0233,-9.97E-05
-68.036,-9.95E-05
-68.0487,-9.92E-05
-68.0614,-9.90E-05
-68.0741,-9.88E-05
-68.0867,-9.85E-05
-68.0994,-9.83E-05
-68.1121,-9.81E-05
-68.1248,-9.79E-05
-68.1374,-9.76E-05
-68.1501,-9.74E-05
-68.1628,-9.72E-05
-68.1755,-9.69E-05
-68.1881,-9.67E-05
-68.2008,-9.65E-05
-68.2135,-9.63E-05
-68.2261,-9.60E-05
-68.2388,-9.58E-05
-68.2514,-9.56E-05
-68.2641,-9.54E-05
-68.2768,-9.51E-05
-68.2894,-9.49E-05
-68.3021,-9.47E-05
-68.3147,-9.45E-05
-68.3274,-9.43E-05
-68.34,-9.40E-05
-68.3527,-9.38E-05
-68.3653,-9.36E-05
-68.3779,-9.34E-05
-68.3906,-9.32E-05
-68.4032,-9.29E-05
-68.4159,-9.27E-05
-68.4285,-9.25E-05
-68.4411,-9.23E-05
-68.4538,-9.21E-05
-68.4664,-9.19E-05
-68.479,-9.17E-05
-68.4916,-9.14E-05
-68.5043,-9.12E-05
-68.5169,-9.10E-05
-68.5295,-9.08E-05
-68.5421,-9.06E-05
-68.5547,-9.04E-05
-68.5673,-9.02E-05
-68.58,-8.99E-05
-68.5926,-8.97E-05
-68.6052,-8.95E-05
-68.6178,-8.93E-05
-68.6304,-8.91E-05
-68.643,-8.89E-05
-68.6556,-8.87E-05
-68.6682,-8.85E-05
-68.6808,-8.83E-05
-68.6934,-8.81E-05
-68.706,-8.79E-05
-68.7186,-8.77E-05
-68.7312,-8.75E-05
-68.7437,-8.72E-05
-68.7563,-8.70E-05
-68.7689,-8.68E-05
-68.7815,-8.66E-05
-68.7941,-8.64E-05
-68.8067,-8.62E-05
-68.8192,-8.60E-05
-68.8318,-8.58E-05
-68.8444,-8.56E-05
-68.8569,-8.54E-05
-68.8695,-8.52E-05
-68.8821,-8.50E-05
-68.8946,-8.48E-05
-68.9072,-8.46E-05
-68.9198,-8.44E-05
-68.9323,-8.42E-05
-68.9449,-8.40E-05
-68.9574,-8.38E-05
-68.97,-8.36E-05
-68.9825,-8.34E-05
-68.9951,-8.32E-05
-69.0076,-8.30E-05
-69.0202,-8.29E-05
-69.0327,-8.27E-05
-69.0452,-8.25E-05
-69.0578,-8.23E-05
-69.0703,-8.21E-05
-69.0828,-8.19E-05
-69.0954,-8.17E-05
-69.1079,-8.15E-05
-69.1204,-8.13E-05
-69.1329,-8.11E-05
-69.1455,-8.09E-05
-69.158,-8.07E-05
-69.1705,-8.05E-05
-69.183,-8.04E-05
-69.1955,-8.02E-05
-69.208,-8.00E-05
-69.2205,-7.98E-05
-69.233,-7.96E-05
-69.2455,-7.94E-05
-69.258,-7.92E-05
-69.2705,-7.90E-05
-69.283,-7.89E-05
-69.2955,-7.87E-05
-69.308,-7.85E-05
-69.3205,-7.83E-05
-69.333,-7.81E-05
-69.3455,-7.79E-05
-69.3579,-7.78E-05
-69.3704,-7.76E-05
-69.3829,-7.74E-05
-69.3954,-7.72E-05
-69.4078,-7.70E-05
-69.4203,-7.68E-05
-69.4328,-7.67E-05
-69.4452,-7.65E-05
-69.4577,-7.63E-05
-69.4702,-7.61E-05
-69.4826,-7.59E-05
-69.4951,-7.58E-05
-69.5075,-7.56E-05
-69.52,-7.54E-05
-69.5324,-7.52E-05
-69.5449,-7.51E-05
-69.5573,-7.49E-05
-69.5697,-7.47E-05
-69.5822,-7.45E-05
-69.5946,-7.44E-05
-69.607,-7.42E-05
-69.6195,-7.40E-05
-69.6319,-7.38E-05
-69.6443,-7.37E-05
-69.6567,-7.35E-05
-69.6692,-7.33E-05
-69.6816,-7.31E-05
-69.694,-7.30E-05
-69.7064,-7.28E-05
-69.7188,-7.26E-05
-69.7312,-7.25E-05
-69.7436,-7.23E-05
-69.756,-7.21E-05
-69.7684,-7.20E-05
-69.7808,-7.18E-05
-69.7932,-7.16E-05
-69.8056,-7.14E-05
-69.818,-7.13E-05
-69.8304,-7.11E-05
-69.8428,-7.09E-05
-69.8551,-7.08E-05
-69.8675,-7.06E-05
-69.8799,-7.04E-05
-69.8923,-7.03E-05
-69.9046,-7.01E-05
-69.917,-7.00E-05
-69.9294,-6.98E-05
-69.9417,-6.96E-05
-69.9541,-6.95E-05
-69.9664,-6.93E-05
-69.9788,-6.91E-05
-69.9911,-6.90E-05
-70.0035,-6.88E-05
-70.0158,-6.87E-05
-70.0282,-6.85E-05
-70.0405,-6.83E-05
-70.0528,-6.82E-05
-70.0652,-6.80E-05
-70.0775,-6.79E-05
-70.0898,-6.77E-05
-70.1021,-6.75E-05
-70.1145,-6.74E-05
-70.1268,-6.72E-05
-70.1391,-6.71E-05
-70.1514,-6.69E-05
-70.1637,-6.67E-05
-70.176,-6.66E-05
-70.1883,-6.64E-05
-70.2006,-6.63E-05
-70.2129,-6.61E-05
-70.2252,-6.60E-05
-70.2375,-6.58E-05
-70.2498,-6.57E-05
-70.2621,-6.55E-05
-70.2744,-6.54E-05
-70.2867,-6.52E-05
-70.2989,-6.51E-05
-70.3112,-6.49E-05
-70.3235,-6.47E-05
-70.3357,-6.46E-05
-70.348,-6.44E-05
-70.3603,-6.43E-05
-70.3725,-6.41E-05
-70.3848,-6.40E-05
-70.397,-6.38E-05
-70.4093,-6.37E-05
-70.4215,-6.35E-05
-70.4338,-6.34E-05
-70.446,-6.33E-05
-70.4583,-6.31E-05
-70.4705,-6.30E-05
-70.4827,-6.28E-05
-70.495,-6.27E-05
-70.5072,-6.25E-05
-70.5194,-6.24E-05
-70.5316,-6.22E-05
-70.5438,-6.21E-05
-70.5561,-6.19E-05
-70.5683,-6.18E-05
-70.5805,-6.16E-05
-70.5927,-6.15E-05
-70.6049,-6.14E-05
-70.6171,-6.12E-05
-70.6293,-6.11E-05
-70.6415,-6.09E-05
-70.6536,-6.08E-05
-70.6658,-6.07E-05
-70.678,-6.05E-05
-70.6902,-6.04E-05
-70.7024,-6.02E-05
-70.7145,-6.01E-05
-70.7267,-5.99E-05
-70.7389,-5.98E-05
-70.751,-5.97E-05
-70.7632,-5.95E-05
-70.7753,-5.94E-05
-70.7875,-5.93E-05
-70.7996,-5.91E-05
-70.8118,-5.90E-05
-70.8239,-5.88E-05
-70.8361,-5.87E-05
-70.8482,-5.86E-05
-70.8603,-5.84E-05
-70.8724,-5.83E-05
-70.8846,-5.82E-05
-70.8967,-5.80E-05
-70.9088,-5.79E-05
-70.9209,-5.78E-05
-70.933,-5.76E-05
-70.9451,-5.75E-05
-70.9572,-5.74E-05
-70.9693,-5.72E-05
-70.9814,-5.71E-05
-70.9935,-5.70E-05
-71.0056,-5.68E-05
-71.0177,-5.67E-05
-71.0298,-5.66E-05
-71.0419,-5.64E-05
-71.0539,-5.63E-05
-71.066,-5.62E-05
-71.0781,-5.60E-05
-71.0902,-5.59E-05
-71.1022,-5.58E-05
-71.1143,-5.57E-05
-71.1263,-5.55E-05
-71.1384,-5.54E-05
-71.1504,-5.53E-05
-71.1625,-5.52E-05
-71.1745,-5.50E-05
-71.1865,-5.49E-05
-71.1986,-5.48E-05
-71.2106,-5.46E-05
-71.2226,-5.45E-05
-71.2347,-5.44E-05
-71.2467,-5.43E-05
-71.2587,-5.41E-05
-71.2707,-5.40E-05
-71.2827,-5.39E-05
-71.2947,-5.38E-05
-71.3067,-5.36E-05
-71.3187,-5.35E-05
-71.3307,-5.34E-05
-71.3427,-5.33E-05
-71.3547,-5.32E-05
-71.3667,-5.30E-05
-71.3786,-5.29E-05
-71.3906,-5.28E-05
-71.4026,-5.27E-05
-71.4146,-5.26E-05
-71.4265,-5.24E-05
-71.4385,-5.23E-05
-71.4504,-5.22E-05
-71.4624,-5.21E-05
-71.4743,-5.20E-05
-71.4863,-5.18E-05
-71.4982,-5.17E-05
-71.5102,-5.16E-05
-71.5221,-5.15E-05
-71.534,-5.14E-05
-71.546,-5.12E-05
-71.5579,-5.11E-05
-71.5698,-5.10E-05
-71.5817,-5.09E-05
-71.5936,-5.08E-05
-71.6055,-5.07E-05
-71.6174,-5.05E-05
-71.6293,-5.04E-05
-71.6412,-5.03E-05
-71.6531,-5.02E-05
-71.665,-5.01E-05
-71.6769,-5.00E-05
-71.6888,-4.99E-05
-71.7006,-4.97E-05
-71.7125,-4.96E-05
-71.7244,-4.95E-05
-71.7362,-4.94E-05
-71.7481,-4.93E-05
-71.7599,-4.92E-05
-71.7718,-4.91E-05
-71.7836,-4.90E-05
-71.7955,-4.88E-05
-71.8073,-4.87E-05
-71.8192,-4.86E-05
-71.831,-4.85E-05
-71.8428,-4.84E-05
-71.8546,-4.83E-05
-71.8665,-4.82E-05
-71.8783,-4.81E-05
-71.8901,-4.80E-05
-71.9019,-4.79E-05
-71.9137,-4.77E-05
-71.9255,-4.76E-05
-71.9373,-4.75E-05
-71.9491,-4.74E-05
-71.9609,-4.73E-05
-71.9726,-4.72E-05
-71.9844,-4.71E-05
-71.9962,-4.70E-05
-72.008,-4.69E-05
-72.0197,-4.68E-05
-72.0315,-4.67E-05
-72.0433,-4.66E-05
-72.055,-4.65E-05
-72.0668,-4.64E-05
-72.0785,-4.63E-05
-72.0902,-4.62E-05
-72.102,-4.61E-05
-72.1137,-4.59E-05
-72.1254,-4.58E-05
-72.1372,-4.57E-05
-72.1489,-4.56E-05
-72.1606,-4.55E-05
-72.1723,-4.54E-05
-72.184,-4.53E-05
-72.1957,-4.52E-05
-72.2074,-4.51E-05
-72.2191,-4.50E-05
-72.2308,-4.49E-05
-72.2425,-4.48E-05
-72.2542,-4.47E-05
-72.2658,-4.46E-05
-72.2775,-4.45E-05
-72.2892,-4.44E-05
-72.3008,-4.43E-05
-72.3125,-4.42E-05
-72.3241,-4.41E-05
-72.3358,-4.40E-05
-72.3474,-4.39E-05
-72.3591,-4.38E-05
-72.3707,-4.37E-05
-72.3824,-4.36E-05
-72.394,-4.35E-05
-72.4056,-4.34E-05
-72.4172,-4.34E-05
-72.4288,-4.33E-05
-72.4405,-4.32E-05
-72.4521,-4.31E-05
-72.4637,-4.30E-05
-72.4753,-4.29E-05
-72.4868,-4.28E-05
-72.4984,-4.27E-05
-72.51,-4.26E-05
-72.5216,-4.25E-05
-72.5332,-4.24E-05
-72.5447,-4.23E-05
-72.5563,-4.22E-05
-72.5679,-4.21E-05
-72.5794,-4.20E-05
-72.591,-4.19E-05
-72.6025,-4.18E-05
-72.6141,-4.17E-05
-72.6256,-4.17E-05
-72.6371,-4.16E-05
-72.6487,-4.15E-05
-72.6602,-4.14E-05
-72.6717,-4.13E-05
-72.6832,-4.12E-05
-72.6947,-4.11E-05
-72.7062,-4.10E-05
-72.7177,-4.09E-05
-72.7292,-4.08E-05
-72.7407,-4.07E-05
-72.7522,-4.07E-05
-72.7637,-4.06E-05
-72.7752,-4.05E-05
-72.7867,-4.04E-05
-72.7981,-4.03E-05
-72.8096,-4.02E-05
-72.821,-4.01E-05
-72.8325,-4.00E-05
-72.844,-4.00E-05
-72.8554,-3.99E-05
-72.8668,-3.98E-05
-72.8783,-3.97E-05
-72.8897,-3.96E-05
-72.9011,-3.95E-05
-72.9125,-3.94E-05
-72.924,-3.93E-05
-72.9354,-3.93E-05
-72.9468,-3.92E-05
-72.9582,-3.91E-05
-72.9696,-3.90E-05
-72.981,-3.89E-05
-72.9924,-3.88E-05
-73.0037,-3.88E-05
-73.0151,-3.87E-05
-73.0265,-3.86E-05
-73.0379,-3.85E-05
-73.0492,-3.84E-05
-73.0606,-3.83E-05
-73.0719,-3.83E-05
-73.0833,-3.82E-05
-73.0946,-3.81E-05
-73.106,-3.80E-05
-73.1173,-3.79E-05
-73.1286,-3.78E-05
-73.14,-3.78E-05
-73.1513,-3.77E-05
-73.1626,-3.76E-05
-73.1739,-3.75E-05
-73.1852,-3.74E-05
-73.1965,-3.74E-05
-73.2078,-3.73E-05
-73.2191,-3.72E-05
-73.2304,-3.71E-05
-73.2417,-3.70E-05
-73.2529,-3.70E-05
-73.2642,-3.69E-05
-73.2755,-3.68E-05
-73.2867,-3.67E-05
-73.298,-3.66E-05
-73.3092,-3.66E-05
-73.3205,-3.65E-05
-73.3317,-3.64E-05
-73.343,-3.63E-05
-73.3542,-3.63E-05
-73.3654,-3.62E-05
-73.3766,-3.61E-05
-73.3878,-3.60E-05
-73.399,-3.59E-05
-73.4103,-3.59E-05
-73.4215,-3.58E-05
-73.4326,-3.57E-05
-73.4438,-3.56E-05
-73.455,-3.56E-05
-73.4662,-3.55E-05
-73.4774,-3.54E-05
-73.4885,-3.53E-05
-73.4997,-3.53E-05
-73.5109,-3.52E-05
-73.522,-3.51E-05
-73.5332,-3.50E-05
-73.5443,-3.50E-05
-73.5554,-3.49E-05
-73.5666,-3.48E-05
-73.5777,-3.47E-05
-73.5888,-3.47E-05
-73.5999,-3.46E-05
-73.611,-3.45E-05
-73.6222,-3.45E-05
-73.6333,-3.44E-05
-73.6443,-3.43E-05
-73.6554,-3.42E-05
-73.6665,-3.42E-05
-73.6776,-3.41E-05
-73.6887,-3.40E-05
-73.6997,-3.39E-05
-73.7108,-3.39E-05
-73.7219,-3.38E-05
-73.7329,-3.37E-05
-73.744,-3.37E-05
-73.755,-3.36E-05
-73.7661,-3.35E-05
-73.7771,-3.34E-05
-73.7881,-3.34E-05
-73.7991,-3.33E-05
-73.8101,-3.32E-05
-73.8212,-3.32E-05
-73.8322,-3.31E-05
-73.8432,-3.30E-05
-73.8542,-3.30E-05
-73.8651,-3.29E-05
-73.8761,-3.28E-05
-73.8871,-3.28E-05
-73.8981,-3.27E-05
-73.909,-3.26E-05
-73.92,-3.26E-05
-73.931,-3.25E-05
-73.9419,-3.24E-05
-73.9529,-3.23E-05
-73.9638,-3.23E-05
-73.9747,-3.22E-05
-73.9857,-3.21E-05
-73.9966,-3.21E-05
-74.0075,-3.20E-05
-74.0184,-3.20E-05
-74.0293,-3.19E-05
-74.0402,-3.18E-05
-74.0511,-3.18E-05
-74.062,-3.17E-05
-74.0729,-3.16E-05
-74.0838,-3.16E-05
-74.0947,-3.15E-05
-74.1055,-3.14E-05
-74.1164,-3.14E-05
-74.1273,-3.13E-05
-74.1381,-3.12E-05
-74.149,-3.12E-05
-74.1598,-3.11E-05
-74.1706,-3.10E-05
-74.1815,-3.10E-05
-74.1923,-3.09E-05
-74.2031,-3.09E-05
-74.2139,-3.08E-05
-74.2247,-3.07E-05
-74.2355,-3.07E-05
-74.2463,-3.06E-05
-74.2571,-3.05E-05
-74.2679,-3.05E-05
-74.2787,-3.04E-05
-74.2895,-3.04E-05
-74.3002,-3.03E-05
-74.311,-3.02E-05
-74.3217,-3.02E-05
-74.3325,-3.01E-05
-74.3432,-3.01E-05
-74.354,-3.00E-05
-74.3647,-2.99E-05
-74.3754,-2.99E-05
-74.3862,-2.98E-05
-74.3969,-2.98E-05
-74.4076,-2.97E-05
-74.4183,-2.96E-05
-74.429,-2.96E-05
-74.4397,-2.95E-05
-74.4504,-2.95E-05
-74.4611,-2.94E-05
-74.4717,-2.93E-05
-74.4824,-2.93E-05
-74.4931,-2.92E-05
-74.5037,-2.92E-05
-74.5144,-2.91E-05
-74.525,-2.90E-05
-74.5357,-2.90E-05
-74.5463,-2.89E-05
-74.5569,-2.89E-05
-74.5676,-2.88E-05
-74.5782,-2.88E-05
-74.5888,-2.87E-05
-74.5994,-2.86E-05
-74.61,-2.86E-05
-74.6206,-2.85E-05
-74.6312,-2.85E-05
-74.6418,-2.84E-05
-74.6524,-2.84E-05
-74.6629,-2.83E-05
-74.6735,-2.83E-05
-74.6841,-2.82E-05
-74.6946,-2.81E-05
-74.7052,-2.81E-05
-74.7157,-2.80E-05
-74.7263,-2.80E-05
-74.7368,-2.79E-05
-74.7473,-2.79E-05
-74.7578,-2.78E-05
-74.7683,-2.78E-05
-74.7788,-2.77E-05
-74.7894,-2.76E-05
-74.7998,-2.76E-05
-74.8103,-2.75E-05
-74.8208,-2.75E-05
-74.8313,-2.74E-05
-74.8418,-2.74E-05
-74.8522,-2.73E-05
-74.8627,-2.73E-05
-74.8732,-2.72E-05
-74.8836,-2.72E-05
-74.894,-2.71E-05
-74.9045,-2.71E-05
-74.9149,-2.70E-05
-74.9253,-2.70E-05
-74.9358,-2.69E-05
-74.9462,-2.68E-05
-74.9566,-2.68E-05
-74.967,-2.67E-05
-74.9774,-2.67E-05
-74.9878,-2.66E-05
-74.9981,-2.66E-05
-75.0085,-2.65E-05
-75.0189,-2.65E-05
-75.0292,-2.64E-05
-75.0396,-2.64E-05
-75.05,-2.63E-05
-75.0603,-2.63E-05
-75.0706,-2.62E-05
-75.081,-2.62E-05
-75.0913,-2.61E-05
-75.1016,-2.61E-05
-75.1119,-2.60E-05
-75.1223,-2.60E-05
-75.1326,-2.59E-05
-75.1429,-2.59E-05
-75.1531,-2.58E-05
-75.1634,-2.58E-05
-75.1737,-2.57E-05
-75.184,-2.57E-05
-75.1942,-2.56E-05
-75.2045,-2.56E-05
-75.2148,-2.55E-05
-75.225,-2.55E-05
-75.2352,-2.54E-05
-75.2455,-2.54E-05
-75.2557,-2.53E-05
-75.2659,-2.53E-05
-75.2762,-2.53E-05
-75.2864,-2.52E-05
-75.2966,-2.52E-05
-75.3068,-2.51E-05
-75.317,-2.51E-05
-75.3271,-2.50E-05
-75.3373,-2.50E-05
-75.3475,-2.49E-05
-75.3577,-2.49E-05
-75.3678,-2.48E-05
-75.378,-2.48E-05
-75.3881,-2.47E-05
-75.3983,-2.47E-05
-75.4084,-2.46E-05
-75.4185,-2.46E-05
-75.4287,-2.46E-05
-75.4388,-2.45E-05
-75.4489,-2.45E-05
-75.459,-2.44E-05
-75.4691,-2.44E-05
-75.4792,-2.43E-05
-75.4893,-2.43E-05
-75.4994,-2.42E-05
-75.5094,-2.42E-05
-75.5195,-2.41E-05
-75.5296,-2.41E-05
-75.5396,-2.41E-05
-75.5497,-2.40E-05
-75.5597,-2.40E-05
-75.5697,-2.39E-05
-75.5798,-2.39E-05
-75.5898,-2.38E-05
-75.5998,-2.38E-05
-75.6098,-2.37E-05
-75.6198,-2.37E-05
-75.6298,-2.37E-05
-75.6398,-2.36E-05
-75.6498,-2.36E-05
-75.6598,-2.35E-05
-75.6698,-2.35E-05
-75.6797,-2.34E-05
-75.6897,-2.34E-05
-75.6996,-2.34E-05
-75.7096,-2.33E-05
-75.7195,-2.33E-05
-75.7295,-2.32E-05
-75.7394,-2.32E-05
-75.7493,-2.31E-05
-75.7592,-2.31E-05
-75.7691,-2.31E-05
-75.779,-2.30E-05
-75.7889,-2.30E-05
-75.7988,-2.29E-05
-75.8087,-2.29E-05
-75.8186,-2.29E-05
-75.8284,-2.28E-05
-75.8383,-2.28E-05
-75.8482,-2.27E-05
-75.858,-2.27E-05
-75.8679,-2.26E-05
-75.8777,-2.26E-05
-75.8875,-2.26E-05
-75.8973,-2.25E-05
-75.9072,-2.25E-05
-75.917,-2.24E-05
-75.9268,-2.24E-05
-75.9366,-2.24E-05
-75.9464,-2.23E-05
-75.9562,-2.23E-05
-75.9659,-2.22E-05
-75.9757,-2.22E-05
-75.9855,-2.22E-05
-75.9952,-2.21E-05
-76.005,-2.21E-05
-76.0147,-2.20E-05
-76.0245,-2.20E-05
-76.0342,-2.20E-05
-76.0439,-2.19E-05
-76.0537,-2.19E-05
-76.0634,-2.19E-05
-76.0731,-2.18E-05
-76.0828,-2.18E-05
-76.0925,-2.17E-05
-76.1022,-2.17E-05
-76.1118,-2.17E-05
-76.1215,-2.16E-05
-76.1312,-2.16E-05
-76.1409,-2.15E-05
-76.1505,-2.15E-05
-76.1602,-2.15E-05
-76.1698,-2.14E-05
-76.1794,-2.14E-05
-76.1891,-2.14E-05
-76.1987,-2.13E-05
-76.2083,-2.13E-05
-76.2179,-2.12E-05
-76.2275,-2.12E-05
-76.2371,-2.12E-05
-76.2467,-2.11E-05
-76.2563,-2.11E-05
-76.2659,-2.11E-05
-76.2754,-2.10E-05
-76.285,-2.10E-05
-76.2945,-2.10E-05
-76.3041,-2.09E-05
-76.3136,-2.09E-05
-76.3232,-2.08E-05
-76.3327,-2.08E-05
-76.3422,-2.08E-05
-76.3517,-2.07E-05
-76.3613,-2.07E-05
-76.3708,-2.07E-05
-76.3803,-2.06E-05
-76.3897,-2.06E-05
-76.3992,-2.06E-05
-76.4087,-2.05E-05
-76.4182,-2.05E-05
-76.4276,-2.05E-05
-76.4371,-2.04E-05
-76.4465,-2.04E-05
-76.456,-2.04E-05
-76.4654,-2.03E-05
-76.4749,-2.03E-05
-76.4843,-2.02E-05
-76.4937,-2.02E-05
-76.5031,-2.02E-05
-76.5125,-2.01E-05
-76.5219,-2.01E-05
-76.5313,-2.01E-05
-76.5407,-2.00E-05
-76.5501,-2.00E-05
-76.5594,-2.00E-05
-76.5688,-1.99E-05
-76.5781,-1.99E-05
-76.5875,-1.99E-05
-76.5968,-1.98E-05
-76.6062,-1.98E-05
-76.6155,-1.98E-05
-76.6248,-1.97E-05
-76.6341,-1.97E-05
-76.6434,-1.97E-05
-76.6527,-1.96E-05
-76.662,-1.96E-05
-76.6713,-1.96E-05
-76.6806,-1.95E-05
-76.6899,-1.95E-05
-76.6992,-1.95E-05
-76.7084,-1.94E-05
-76.7177,-1.94E-05
-76.7269,-1.94E-05
-76.7362,-1.94E-05
-76.7454,-1.93E-05
-76.7546,-1.93E-05
-76.7638,-1.93E-05
-76.7731,-1.92E-05
-76.7823,-1.92E-05
-76.7915,-1.92E-05
-76.8007,-1.91E-05
-76.8099,-1.91E-05
-76.819,-1.91E-05
-76.8282,-1.90E-05
-76.8374,-1.90E-05
-76.8465,-1.90E-05
-76.8557,-1.89E-05
-76.8648,-1.89E-05
-76.874,-1.89E-05
-76.8831,-1.88E-05
-76.8922,-1.88E-05
-76.9013,-1.88E-05
-76.9105,-1.88E-05
-76.9196,-1.87E-05
-76.9287,-1.87E-05
-76.9378,-1.87E-05
-76.9468,-1.86E-05
-76.9559,-1.86E-05
-76.965,-1.86E-05
-76.9741,-1.85E-05
-76.9831,-1.85E-05
-76.9922,-1.85E-05
-77.0012,-1.85E-05
-77.0102,-1.84E-05
-77.0193,-1.84E-05
-77.0283,-1.84E-05
-77.0373,-1.83E-05
-77.0463,-1.83E-05
-77.0553,-1.83E-05
-77.0643,-1.83E-05
-77.0733,-1.82E-05
-77.0823,-1.82E-05
-77.0913,-1.82E-05
-77.1002,-1.81E-05
-77.1092,-1.81E-05
-77.1182,-1.81E-05
-77.1271,-1.80E-05
-77.1361,-1.80E-05
-77.145,-1.80E-05
-77.1539,-1.80E-05
-77.1628,-1.79E-05
-77.1717,-1.79E-05
-77.1807,-1.79E-05
-77.1896,-1.78E-05
-77.1985,-1.78E-05
-77.2073,-1.78E-05
-77.2162,-1.78E-05
-77.2251,-1.77E-05
-77.234,-1.77E-05
-77.2428,-1.77E-05
-77.2517,-1.77E-05
-77.2605,-1.76E-05
-77.2693,-1.76E-05
-77.2782,-1.76E-05
-77.287,-1.75E-05
-77.2958,-1.75E-05
-77.3046,-1.75E-05
-77.3134,-1.75E-05
-77.3222,-1.74E-05
-77.331,-1.74E-05
-77.3398,-1.74E-05
-77.3486,-1.74E-05
-77.3574,-1.73E-05
-77.3661,-1.73E-05
-77.3749,-1.73E-05
-77.3836,-1.72E-05
-77.3924,-1.72E-05
-77.4011,-1.72E-05
-77.4098,-1.72E-05
-77.4185,-1.71E-05
-77.4273,-1.71E-05
-77.436,-1.71E-05
-77.4447,-1.71E-05
-77.4534,-1.70E-05
-77.462,-1.70E-05
-77.4707,-1.70E-05
-77.4794,-1.70E-05
-77.4881,-1.69E-05
-77.4967,-1.69E-05
-77.5054,-1.69E-05
-77.514,-1.69E-05
-77.5227,-1.68E-05
-77.5313,-1.68E-05
-77.5399,-1.68E-05
-77.5485,-1.68E-05
-77.5571,-1.67E-05
-77.5657,-1.67E-05
-77.5743,-1.67E-05
-77.5829,-1.67E-05
-77.5915,-1.66E-05
-77.6001,-1.66E-05
-77.6086,-1.66E-05
-77.6172,-1.66E-05
-77.6258,-1.65E-05
-77.6343,-1.65E-05
-77.6429,-1.65E-05
-77.6514,-1.65E-05
-77.6599,-1.64E-05
-77.6684,-1.64E-05
-77.6769,-1.64E-05
-77.6854,-1.64E-05
-77.6939,-1.63E-05
-77.7024,-1.63E-05
-77.7109,-1.63E-05
-77.7194,-1.63E-05
-77.7279,-1.62E-05
-77.7363,-1.62E-05
-77.7448,-1.62E-05
-77.7532,-1.62E-05
-77.7617,-1.61E-05
-77.7701,-1.61E-05
-77.7786,-1.61E-05
-77.787,-1.61E-05
-77.7954,-1.60E-05
-77.8038,-1.60E-05
-77.8122,-1.60E-05
-77.8206,-1.60E-05
-77.829,-1.59E-05
-77.8374,-1.59E-05
-77.8457,-1.59E-05
-77.8541,-1.59E-05
-77.8625,-1.59E-05
-77.8708,-1.58E-05
-77.8792,-1.58E-05
-77.8875,-1.58E-05
-77.8958,-1.58E-05
-77.9042,-1.57E-05
-77.9125,-1.57E-05
-77.9208,-1.57E-05
-77.9291,-1.57E-05
-77.9374,-1.57E-05
-77.9457,-1.56E-05
-77.954,-1.56E-05
-77.9622,-1.56E-05
-77.9705,-1.56E-05
-77.9788,-1.55E-05
-77.987,-1.55E-05
-77.9953,-1.55E-05
-78.0035,-1.55E-05
-78.0117,-1.55E-05
-78.02,-1.54E-05
-78.0282,-1.54E-05
-78.0364,-1.54E-05
-78.0446,-1.54E-05
-78.0528,-1.53E-05
-78.061,-1.53E-05
-78.0692,-1.53E-05
-78.0774,-1.53E-05
-78.0855,-1.53E-05
-78.0937,-1.52E-05
-78.1019,-1.52E-05
-78.11,-1.52E-05
-78.1181,-1.52E-05
-78.1263,-1.52E-05
-78.1344,-1.51E-05
-78.1425,-1.51E-05
-78.1507,-1.51E-05
-78.1588,-1.51E-05
-78.1669,-1.50E-05
-78.175,-1.50E-05
-78.183,-1.50E-05
-78.1911,-1.50E-05
-78.1992,-1.50E-05
-78.2073,-1.49E-05
-78.2153,-1.49E-05
-78.2234,-1.49E-05
-78.2314,-1.49E-05
-78.2395,-1.49E-05
-78.2475,-1.48E-05
-78.2555,-1.48E-05
-78.2635,-1.48E-05
-78.2715,-1.48E-05
-78.2795,-1.48E-05
-78.2875,-1.47E-05
-78.2955,-1.47E-05
-78.3035,-1.47E-05
-78.3115,-1.47E-05
-78.3195,-1.47E-05
-78.3274,-1.46E-05
-78.3354,-1.46E-05
-78.3433,-1.46E-05
-78.3513,-1.46E-05
-78.3592,-1.46E-05
-78.3671,-1.45E-05
-78.3751,-1.45E-05
-78.383,-1.45E-05
-78.3909,-1.45E-05
-78.3988,-1.45E-05
-78.4067,-1.44E-05
-78.4145,-1.44E-05
-78.4224,-1.44E-05
-78.4303,-1.44E-05
-78.4382,-1.44E-05
-78.446,-1.43E-05
-78.4539,-1.43E-05
-78.4617,-1.43E-05
-78.4695,-1.43E-05
-78.4774,-1.43E-05
-78.4852,-1.42E-05
-78.493,-1.42E-05
-78.5008,-1.42E-05
-78.5086,-1.42E-05
-78.5164,-1.42E-05
-78.5242,-1.41E-05
-78.532,-1.41E-05
-78.5398,-1.41E-05
-78.5475,-1.41E-05
-78.5553,-1.41E-05
-78.563,-1.41E-05
-78.5708,-1.40E-05
-78.5785,-1.40E-05
-78.5863,-1.40E-05
-78.594,-1.40E-05
-78.6017,-1.40E-05
-78.6094,-1.39E-05
-78.6171,-1.39E-05
-78.6248,-1.39E-05
-78.6325,-1.39E-05
-78.6402,-1.39E-05
-78.6479,-1.39E-05
-78.6555,-1.38E-05
-78.6632,-1.38E-05
-78.6709,-1.38E-05
-78.6785,-1.38E-05
-78.6861,-1.38E-05
-78.6938,-1.37E-05
-78.7014,-1.37E-05
-78.709,-1.37E-05
-78.7166,-1.37E-05
-78.7242,-1.37E-05
-78.7318,-1.37E-05
-78.7394,-1.36E-05
-78.747,-1.36E-05
-78.7546,-1.36E-05
-78.7622,-1.36E-05
-78.7697,-1.36E-05
-78.7773,-1.36E-05
-78.7849,-1.35E-05
-78.7924,-1.35E-05
-78.7999,-1.35E-05
-78.8075,-1.35E-05
-78.815,-1.35E-05
-78.8225,-1.34E-05
-78.83,-1.34E-05
-78.8375,-1.34E-05
-78.845,-1.34E-05
-78.8525,-1.34E-05
-78.86,-1.34E-05
-78.8675,-1.33E-05
-78.8749,-1.33E-05
-78.8824,-1.33E-05
-78.8898,-1.33E-05
-78.8973,-1.33E-05
-78.9047,-1.33E-05
-78.9122,-1.32E-05
-78.9196,-1.32E-05
-78.927,-1.32E-05
-78.9344,-1.32E-05
-78.9418,-1.32E-05
-78.9492,-1.32E-05
-78.9566,-1.31E-05
-78.964,-1.31E-05
-78.9714,-1.31E-05
-78.9788,-1.31E-05
-78.9861,-1.31E-05
-78.9935,-1.31E-05
-79.0008,-1.30E-05
-79.0082,-1.30E-05
-79.0155,-1.30E-05
-79.0228,-1.30E-05
-79.0302,-1.30E-05
-79.0375,-1.30E-05
-79.0448,-1.29E-05
-79.0521,-1.29E-05
-79.0594,-1.29E-05
-79.0667,-1.29E-05
-79.074,-1.29E-05
-79.0812,-1.29E-05
-79.0885,-1.28E-05
-79.0958,-1.28E-05
-79.103,-1.28E-05
-79.1103,-1.28E-05
-79.1175,-1.28E-05
-79.1247,-1.28E-05
-79.132,-1.28E-05
-79.1392,-1.27E-05
-79.1464,-1.27E-05
-79.1536,-1.27E-05
-79.1608,-1.27E-05
-79.168,-1.27E-05
-79.1752,-1.27E-05
-79.1824,-1.26E-05
-79.1895,-1.26E-05
-79.1967,-1.26E-05
-79.2039,-1.26E-05
-79.211,-1.26E-05
-79.2182,-1.26E-05
-79.2253,-1.26E-05
-79.2324,-1.25E-05
-79.2396,-1.25E-05
-79.2467,-1.25E-05
-79.2538,-1.25E-05
-79.2609,-1.25E-05
-79.268,-1.25E-05
-79.2751,-1.25E-05
-79.2822,-1.24E-05
-79.2892,-1.24E-05
-79.2963,-1.24E-05
-79.3034,-1.24E-05
-79.3104,-1.24E-05
-79.3175,-1.24E-05
-79.3245,-1.23E-05
-79.3316,-1.23E-05
-79.3386,-1.23E-05
-79.3456,-1.23E-05
-79.3526,-1.23E-05
-79.3596,-1.23E-05
-79.3666,-1.23E-05
-79.3736,-1.22E-05
-79.3806,-1.22E-05
-79.3876,-1.22E-05
-79.3946,-1.22E-05
-79.4015,-1.22E-05
-79.4085,-1.22E-05
-79.4155,-1.22E-05
-79.4224,-1.21E-05
-79.4294,-1.21E-05
-79.4363,-1.21E-05
-79.4432,-1.21E-05
-79.4501,-1.21E-05
-79.457,-1.21E-05
-79.464,-1.21E-05
-79.4709,-1.20E-05
-79.4778,-1.20E-05
-79.4846,-1.20E-05
-79.4915,-1.20E-05
-79.4984,-1.20E-05
-79.5053,-1.20E-05
-79.5121,-1.20E-05
-79.519,-1.20E-05
-79.5258,-1.19E-05
-79.5327,-1.19E-05
-79.5395,-1.19E-05
-79.5463,-1.19E-05
-79.5531,-1.19E-05
-79.5599,-1.19E-05
-79.5668,-1.19E-05
-79.5736,-1.18E-05
-79.5803,-1.18E-05
-79.5871,-1.18E-05
-79.5939,-1.18E-05
-79.6007,-1.18E-05
-79.6074,-1.18E-05
-79.6142,-1.18E-05
-79.621,-1.17E-05
-79.6277,-1.17E-05
-79.6344,-1.17E-05
-79.6412,-1.17E-05
-79.6479,-1.17E-05
-79.6546,-1.17E-05
-79.6613,-1.17E-05
-79.668,-1.17E-05
-79.6747,-1.16E-05
-79.6814,-1.16E-05
-79.6881,-1.16E-05
-79.6948,-1.16E-05
-79.7015,-1.16E-05
-79.7081,-1.16E-05
-79.7148,-1.16E-05
-79.7214,-1.16E-05
-79.7281,-1.15E-05
-79.7347,-1.15E-05
-79.7414,-1.15E-05
-79.748,-1.15E-05
-79.7546,-1.15E-05
-79.7612,-1.15E-05
-79.7678,-1.15E-05
-79.7744,-1.15E-05
-79.781,-1.14E-05
-79.7876,-1.14E-05
-79.7942,-1.14E-05
-79.8007,-1.14E-05
-79.8073,-1.14E-05
-79.8139,-1.14E-05
-79.8204,-1.14E-05
-79.827,-1.14E-05
-79.8335,-1.13E-05
-79.84,-1.13E-05
-79.8466,-1.13E-05
-79.8531,-1.13E-05
-79.8596,-1.13E-05
-79.8661,-1.13E-05
-79.8726,-1.13E-05
-79.8791,-1.13E-05
-79.8856,-1.12E-05
-79.8921,-1.12E-05
-79.8985,-1.12E-05
-79.905,-1.12E-05
-79.9115,-1.12E-05
-79.9179,-1.12E-05
-79.9244,-1.12E-05
-79.9308,-1.12E-05
-79.9372,-1.11E-05
-79.9437,-1.11E-05
-79.9501,-1.11E-05
-79.9565,-1.11E-05
-79.9629,-1.11E-05
-79.9693,-1.11E-05
-79.9757,-1.11E-05
-79.9821,-1.11E-05
-79.9885,-1.10E-05
-79.9948,-1.10E-05
-80.0012,-1.10E-05
-80.0076,-1.10E-05
-80.0139,-1.10E-05
-80.0203,-1.10E-05
-80.0266,-1.10E-05
-80.033,-1.10E-05
-80.0393,-1.10E-05
-80.0456,-1.09E-05
-80.0519,-1.09E-05
-80.0582,-1.09E-05
-80.0645,-1.09E-05
-80.0708,-1.09E-05
-80.0771,-1.09E-05
-80.0834,-1.09E-05
-80.0897,-1.09E-05
-80.096,-1.09E-05
-80.1022,-1.08E-05
-80.1085,-1.08E-05
-80.1147,-1.08E-05
-80.121,-1.08E-05
-80.1272,-1.08E-05
-80.1334,-1.08E-05
-80.1397,-1.08E-05
-80.1459,-1.08E-05
-80.1521,-1.08E-05
-80.1583,-1.07E-05
-80.1645,-1.07E-05
-80.1707,-1.07E-05
-80.1769,-1.07E-05
-80.1831,-1.07E-05
-80.1892,-1.07E-05
-80.1954,-1.07E-05
-80.2016,-1.07E-05
-80.2077,-1.07E-05
-80.2139,-1.06E-05
-80.22,-1.06E-05
-80.2261,-1.06E-05
-80.2323,-1.06E-05
-80.2384,-1.06E-05
-80.2445,-1.06E-05
-80.2506,-1.06E-05
-80.2567,-1.06E-05
-80.2628,-1.06E-05
-80.2689,-1.05E-05
-80.275,-1.05E-05
-80.2811,-1.05E-05
-80.2871,-1.05E-05
-80.2932,-1.05E-05
-80.2993,-1.05E-05
-80.3053,-1.05E-05
-80.3114,-1.05E-05
-80.3174,-1.05E-05
-80.3234,-1.05E-05
-80.3295,-1.04E-05
-80.3355,-1.04E-05
-80.3415,-1.04E-05
-80.3475,-1.04E-05
-80.3535,-1.04E-05
-80.3595,-1.04E-05
-80.3655,-1.04E-05
-80.3715,-1.04E-05
-80.3774,-1.04E-05
-80.3834,-1.03E-05
-80.3894,-1.03E-05
-80.3953,-1.03E-05
-80.4013,-1.03E-05
-80.4072,-1.03E-05
-80.4132,-1.03E-05
-80.4191,-1.03E-05
-80.425,-1.03E-05
-80.4309,-1.03E-05
-80.4368,-1.03E-05
-80.4428,-1.02E-05
-80.4487,-1.02E-05
-80.4545,-1.02E-05
-80.4604,-1.02E-05
-80.4663,-1.02E-05
-80.4722,-1.02E-05
-80.4781,-1.02E-05
-80.4839,-1.02E-05
-80.4898,-1.02E-05
-80.4956,-1.02E-05
-80.5015,-1.01E-05
-80.5073,-1.01E-05
-80.5131,-1.01E-05
-80.519,-1.01E-05
-80.5248,-1.01E-05
-80.5306,-1.01E-05
-80.5364,-1.01E-05
-80.5422,-1.01E-05
-80.548,-1.01E-05
-80.5538,-1.01E-05
-80.5596,-1.00E-05
-80.5653,-1.00E-05
-80.5711,-1.00E-05
-80.5769,-1.00E-05
-80.5826,-1.00E-05
-80.5884,-1.00E-05
-80.5941,-9.99E-06
-80.5999,-9.98E-06
-80.6056,-9.97E-06
-80.6113,-9.96E-06
-80.617,-9.95E-06
-80.6227,-9.94E-06
-80.6285,-9.93E-06
-80.6342,-9.92E-06
-80.6399,-9.91E-06
-80.6455,-9.90E-06
-80.6512,-9.90E-06
-80.6569,-9.89E-06
-80.6626,-9.88E-06
-80.6682,-9.87E-06
-80.6739,-9.86E-06
-80.6795,-9.85E-06
-80.6852,-9.84E-06
-80.6908,-9.83E-06
-80.6965,-9.82E-06
-80.7021,-9.82E-06
-80.7077,-9.81E-06
-80.7133,-9.80E-06
-80.7189,-9.79E-06
-80.7245,-9.78E-06
-80.7301,-9.77E-06
-80.7357,-9.76E-06
-80.7413,-9.75E-06
-80.7469,-9.75E-06
-80.7525,-9.74E-06
-80.758,-9.73E-06
-80.7636,-9.72E-06
-80.7691,-9.71E-06
-80.7747,-9.70E-06
-80.7802,-9.69E-06
-80.7858,-9.68E-06
-80.7913,-9.68E-06
-80.7968,-9.67E-06
-80.8023,-9.66E-06
-80.8079,-9.65E-06
-80.8134,-9.64E-06
-80.8189,-9.63E-06
-80.8244,-9.62E-06
-80.8298,-9.61E-06
-80.8353,-9.61E-06
-80.8408,-9.60E-06
-80.8463,-9.59E-06
-80.8517,-9.58E-06
-80.8572,-9.57E-06
-80.8626,-9.56E-06
-80.8681,-9.55E-06
-80.8735,-9.55E-06
-80.879,-9.54E-06
-80.8844,-9.53E-06
-80.8898,-9.52E-06
-80.8952,-9.51E-06
-80.9006,-9.50E-06
-80.906,-9.49E-06
-80.9114,-9.49E-06
-80.9168,-9.48E-06
-80.9222,-9.47E-06
-80.9276,-9.46E-06
-80.933,-9.45E-06
-80.9383,-9.44E-06
-80.9437,-9.43E-06
-80.9491,-9.43E-06
-80.9544,-9.42E-06
-80.9598,-9.41E-06
-80.9651,-9.40E-06
-80.9704,-9.39E-06
-80.9758,-9.38E-06
-80.9811,-9.38E-06
-80.9864,-9.37E-06
-80.9917,-9.36E-06
-80.997,-9.35E-06
-81.0023,-9.34E-06
-81.0076,-9.34E-06
-81.0129,-9.33E-06
-81.0182,-9.32E-06
-81.0234,-9.31E-06
-81.0287,-9.30E-06
-81.034,-9.29E-06
-81.0392,-9.29E-06
-81.0445,-9.28E-06
-81.0497,-9.27E-06
-81.055,-9.26E-06
-81.0602,-9.25E-06
-81.0654,-9.25E-06
-81.0706,-9.24E-06
-81.0758,-9.23E-06
-81.0811,-9.22E-06
-81.0863,-9.22E-06
-81.0915,-9.21E-06
-81.0967,-9.20E-06
-81.1018,-9.19E-06
-81.107,-9.18E-06
-81.1122,-9.18E-06
-81.1174,-9.17E-06
-81.1225,-9.16E-06
-81.1277,-9.15E-06
-81.1328,-9.15E-06
-81.138,-9.14E-06
-81.1431,-9.13E-06
-81.1483,-9.12E-06
-81.1534,-9.12E-06
-81.1585,-9.11E-06
-81.1636,-9.10E-06
-81.1687,-9.09E-06
-81.1738,-9.09E-06
-81.1789,-9.08E-06
-81.184,-9.07E-06
-81.1891,-9.06E-06
-81.1942,-9.06E-06
-81.1993,-9.05E-06
-81.2044,-9.04E-06
-81.2094,-9.03E-06
-81.2145,-9.03E-06
-81.2195,-9.02E-06
-81.2246,-9.01E-06
-81.2296,-9.00E-06
-81.2347,-9.00E-06
-81.2397,-8.99E-06
-81.2447,-8.98E-06
-81.2497,-8.97E-06
-81.2548,-8.97E-06
-81.2598,-8.96E-06
-81.2648,-8.95E-06
-81.2698,-8.94E-06
-81.2748,-8.94E-06
-81.2798,-8.93E-06
-81.2847,-8.92E-06
-81.2897,-8.92E-06
-81.2947,-8.91E-06
-81.2996,-8.90E-06
-81.3046,-8.89E-06
-81.3096,-8.89E-06
-81.3145,-8.88E-06
-81.3194,-8.87E-06
-81.3244,-8.87E-06
-81.3293,-8.86E-06
-81.3342,-8.85E-06
-81.3391,-8.84E-06
-81.3441,-8.84E-06
-81.349,-8.83E-06
-81.3539,-8.82E-06
-81.3588,-8.82E-06
-81.3637,-8.81E-06
-81.3685,-8.80E-06
-81.3734,-8.80E-06
-81.3783,-8.79E-06
-81.3832,-8.78E-06
-81.388,-8.78E-06
-81.3929,-8.77E-06
-81.3977,-8.76E-06
-81.4026,-8.75E-06
-81.4074,-8.75E-06
-81.4123,-8.74E-06
-81.4171,-8.73E-06
-81.4219,-8.73E-06
-81.4267,-8.72E-06
-81.4316,-8.71E-06
-81.4364,-8.71E-06
-81.4412,-8.70E-06
-81.446,-8.69E-06
-81.4508,-8.68E-06
-81.4555,-8.68E-06
-81.4603,-8.67E-06
-81.4651,-8.66E-06
-81.4699,-8.66E-06
-81.4746,-8.65E-06
-81.4794,-8.64E-06
-81.4841,-8.63E-06
-81.4889,-8.63E-06
-81.4936,-8.62E-06
-81.4984,-8.61E-06
-81.5031,-8.60E-06
-81.5078,-8.60E-06
-81.5125,-8.59E-06
-81.5173,-8.58E-06
-81.522,-8.58E-06
-81.5267,-8.57E-06
-81.5314,-8.56E-06
-81.5361,-8.56E-06
-81.5408,-8.55E-06
-81.5454,-8.54E-06
-81.5501,-8.54E-06
-81.5548,-8.53E-06
-81.5595,-8.52E-06
-81.5641,-8.51E-06
-81.5688,-8.51E-06
-81.5734,-8.50E-06
-81.5781,-8.50E-06
-81.5827,-8.49E-06
-81.5873,-8.48E-06
-81.592,-8.48E-06
-81.5966,-8.47E-06
-81.6012,-8.46E-06
-81.6058,-8.46E-06
-81.6104,-8.45E-06
-81.615,-8.45E-06
-81.6196,-8.44E-06
-81.6242,-8.43E-06
-81.6288,-8.43E-06
-81.6334,-8.42E-06
-81.638,-8.42E-06
-81.6425,-8.41E-06
-81.6471,-8.40E-06
-81.6517,-8.40E-06
-81.6562,-8.39E-06
-81.6608,-8.39E-06
-81.6653,-8.38E-06
-81.6699,-8.37E-06
-81.6744,-8.37E-06
-81.6789,-8.36E-06
-81.6834,-8.36E-06
-81.688,-8.35E-06
-81.6925,-8.35E-06
-81.697,-8.34E-06
-81.7015,-8.33E-06
-81.706,-8.33E-06
-81.7105,-8.32E-06
-81.715,-8.32E-06
-81.7194,-8.31E-06
-81.7239,-8.30E-06
-81.7284,-8.30E-06
-81.7329,-8.29E-06
-81.7373,-8.29E-06
-81.7418,-8.28E-06
-81.7462,-8.28E-06
-81.7507,-8.27E-06
-81.7551,-8.26E-06
-81.7595,-8.26E-06
-81.764,-8.25E-06
-81.7684,-8.25E-06
-81.7728,-8.24E-06
-81.7772,-8.24E-06
-81.7816,-8.23E-06
-81.786,-8.22E-06
-81.7904,-8.22E-06
-81.7948,-8.21E-06
-81.7992,-8.21E-06
-81.8036,-8.20E-06
-81.808,-8.19E-06
-81.8124,-8.19E-06
-81.8167,-8.18E-06
-81.8211,-8.18E-06
-81.8255,-8.17E-06
-81.8298,-8.16E-06
-81.8342,-8.16E-06
-81.8385,-8.15E-06
-81.8428,-8.15E-06
-81.8472,-8.14E-06
-81.8515,-8.13E-06
-81.8558,-8.13E-06
-81.8601,-8.12E-06
-81.8644,-8.11E-06
-81.8687,-8.11E-06
-81.8731,-8.10E-06
-81.8773,-8.10E-06
-81.8816,-8.09E-06
-81.8859,-8.08E-06
-81.8902,-8.08E-06
-81.8945,-8.07E-06
-81.8988,-8.07E-06
-81.903,-8.06E-06
-81.9073,-8.06E-06
-81.9115,-8.05E-06
-81.9158,-8.04E-06
-81.92,-8.04E-06
-81.9243,-8.03E-06
-81.9285,-8.03E-06
-81.9328,-8.02E-06
-81.937,-8.01E-06
-81.9412,-8.01E-06
-81.9454,-8.00E-06
-81.9496,-8.00E-06
-81.9538,-7.99E-06
-81.958,-7.99E-06
-81.9622,-7.98E-06
-81.9664,-7.98E-06
-81.9706,-7.97E-06
-81.9748,-7.96E-06
-81.979,-7.96E-06
-81.9831,-7.95E-06
-81.9873,-7.95E-06
-81.9915,-7.94E-06
-81.9956,-7.94E-06
-81.9998,-7.93E-06
-82.0039,-7.93E-06
-82.0081,-7.92E-06
-82.0122,-7.92E-06
-82.0163,-7.91E-06
-82.0205,-7.91E-06
-82.0246,-7.90E-06
-82.0287,-7.90E-06
-82.0328,-7.89E-06
-82.0369,-7.89E-06
-82.041,-7.88E-06
-82.0451,-7.88E-06
-82.0492,-7.87E-06
-82.0533,-7.87E-06
-82.0574,-7.86E-06
-82.0615,-7.86E-06
-82.0656,-7.85E-06
-82.0696,-7.85E-06
-82.0737,-7.84E-06
-82.0778,-7.84E-06
-82.0818,-7.83E-06
-82.0859,-7.83E-06
-82.0899,-7.82E-06
-82.094,-7.82E-06
-82.098,-7.81E-06
-82.102,-7.81E-06
-82.1061,-7.80E-06
-82.1101,-7.80E-06
-82.1141,-7.79E-06
-82.1181,-7.79E-06
-82.1221,-7.78E-06
-82.1261,-7.78E-06
-82.1301,-7.77E-06
-82.1341,-7.77E-06
-82.1381,-7.76E-06
-82.1421,-7.76E-06
-82.1461,-7.75E-06
-82.15,-7.75E-06
-82.154,-7.74E-06
-82.158,-7.74E-06
-82.1619,-7.73E-06
-82.1659,-7.73E-06
-82.1698,-7.72E-06
-82.1738,-7.72E-06
-82.1777,-7.71E-06
-82.1817,-7.71E-06
-82.1856,-7.70E-06
-82.1895,-7.70E-06
-82.1934,-7.69E-06
-82.1974,-7.69E-06
-82.2013,-7.68E-06
-82.2052,-7.68E-06
-82.2091,-7.67E-06
-82.213,-7.67E-06
-82.2169,-7.66E-06
-82.2208,-7.66E-06
-82.2247,-7.65E-06
-82.2285,-7.65E-06
-82.2324,-7.64E-06
-82.2363,-7.64E-06
-82.2402,-7.63E-06
-82.244,-7.63E-06
-82.2479,-7.62E-06
-82.2517,-7.62E-06
-82.2556,-7.61E-06
-82.2594,-7.61E-06
-82.2633,-7.60E-06
-82.2671,-7.60E-06
-82.2709,-7.59E-06
-82.2747,-7.59E-06
-82.2786,-7.58E-06
-82.2824,-7.57E-06
-82.2862,-7.57E-06
-82.29,-7.56E-06
-82.2938,-7.56E-06
-82.2976,-7.55E-06
-82.3014,-7.55E-06
-82.3052,-7.54E-06
-82.309,-7.54E-06
-82.3128,-7.53E-06
-82.3165,-7.53E-06
-82.3203,-7.53E-06
-82.3241,-7.52E-06
-82.3278,-7.52E-06
-82.3316,-7.51E-06
-82.3353,-7.51E-06
-82.3391,-7.50E-06
-82.3428,-7.50E-06
-82.3466,-7.49E-06
-82.3503,-7.49E-06
-82.354,-7.48E-06
-82.3578,-7.48E-06
-82.3615,-7.48E-06
-82.3652,-7.47E-06
-82.3689,-7.47E-06
-82.3726,-7.46E-06
-82.3763,-7.46E-06
-82.38,-7.46E-06
-82.3837,-7.45E-06
-82.3874,-7.45E-06
-82.3911,-7.44E-06
-82.3948,-7.44E-06
-82.3985,-7.43E-06
-82.4021,-7.43E-06
-82.4058,-7.43E-06
-82.4095,-7.42E-06
-82.4131,-7.42E-06
-82.4168,-7.41E-06
-82.4204,-7.41E-06
-82.4241,-7.40E-06
-82.4277,-7.40E-06
-82.4313,-7.39E-06
-82.435,-7.39E-06
-82.4386,-7.39E-06
-82.4422,-7.38E-06
-82.4459,-7.38E-06
-82.4495,-7.37E-06
-82.4531,-7.37E-06
-82.4567,-7.36E-06
-82.4603,-7.36E-06
-82.4639,-7.36E-06
-82.4675,-7.35E-06
-82.4711,-7.35E-06
-82.4747,-7.34E-06
-82.4782,-7.34E-06
-82.4818,-7.33E-06
-82.4854,-7.33E-06
-82.489,-7.32E-06
-82.4925,-7.32E-06
-82.4961,-7.32E-06
-82.4996,-7.31E-06
-82.5032,-7.31E-06
-82.5067,-7.30E-06
-82.5103,-7.30E-06
-82.5138,-7.30E-06
-82.5173,-7.29E-06
-82.5209,-7.29E-06
-82.5244,-7.28E-06
-82.5279,-7.28E-06
-82.5314,-7.28E-06
-82.5349,-7.27E-06
-82.5385,-7.27E-06
-82.542,-7.26E-06
-82.5455,-7.26E-06
-82.549,-7.26E-06
-82.5524,-7.25E-06
-82.5559,-7.25E-06
-82.5594,-7.24E-06
-82.5629,-7.24E-06
-82.5664,-7.24E-06
-82.5698,-7.23E-06
-82.5733,-7.23E-06
-82.5768,-7.22E-06
-82.5802,-7.22E-06
-82.5837,-7.22E-06
-82.5871,-7.21E-06
-82.5906,-7.21E-06
-82.594,-7.20E-06
-82.5974,-7.20E-06
-82.6009,-7.20E-06
-82.6043,-7.19E-06
-82.6077,-7.19E-06
-82.6112,-7.18E-06
-82.6146,-7.18E-06
-82.618,-7.18E-06
-82.6214,-7.17E-06
-82.6248,-7.17E-06
-82.6282,-7.16E-06
-82.6316,-7.16E-06
-82.635,-7.16E-06
-82.6384,-7.15E-06
-82.6417,-7.15E-06
-82.6451,-7.14E-06
-82.6485,-7.14E-06
-82.6519,-7.14E-06
-82.6552,-7.13E-06
-82.6586,-7.13E-06
-82.662,-7.12E-06
-82.6653,-7.12E-06
-82.6687,-7.12E-06
-82.672,-7.11E-06
-82.6753,-7.11E-06
-82.6787,-7.11E-06
-82.682,-7.10E-06
-82.6853,-7.10E-06
-82.6887,-7.09E-06
-82.692,-7.09E-06
-82.6953,-7.09E-06
-82.6986,-7.08E-06
-82.7019,-7.08E-06
-82.7052,-7.07E-06
-82.7085,-7.07E-06
-82.7118,-7.07E-06
-82.7151,-7.06E-06
-82.7184,-7.06E-06
-82.7217,-7.06E-06
-82.725,-7.05E-06
-82.7283,-7.05E-06
-82.7315,-7.04E-06
-82.7348,-7.04E-06
-82.7381,-7.04E-06
-82.7413,-7.03E-06
-82.7446,-7.03E-06
-82.7479,-7.03E-06
-82.7511,-7.02E-06
-82.7543,-7.02E-06
-82.7576,-7.02E-06
-82.7608,-7.01E-06
-82.7641,-7.01E-06
-82.7673,-7.00E-06
-82.7705,-7.00E-06
-82.7737,-7.00E-06
-82.777,-6.99E-06
-82.7802,-6.99E-06
-82.7834,-6.99E-06
-82.7866,-6.98E-06
-82.7898,-6.98E-06
-82.793,-6.97E-06
-82.7962,-6.97E-06
-82.7994,-6.97E-06
-82.8026,-6.96E-06
-82.8057,-6.96E-06
-82.8089,-6.96E-06
-82.8121,-6.95E-06
-82.8153,-6.95E-06
-82.8184,-6.94E-06
-82.8216,-6.94E-06
-82.8248,-6.94E-06
-82.8279,-6.93E-06
-82.8311,-6.93E-06
-82.8342,-6.93E-06
-82.8374,-6.92E-06
-82.8405,-6.92E-06
-82.8436,-6.92E-06
-82.8468,-6.91E-06
-82.8499,-6.91E-06
-82.853,-6.91E-06
-82.8562,-6.90E-06
-82.8593,-6.90E-06
-82.8624,-6.89E-06
-82.8655,-6.89E-06
-82.8686,-6.89E-06
-82.8717,-6.88E-06
-82.8748,-6.88E-06
-82.8779,-6.88E-06
-82.881,-6.87E-06
-82.8841,-6.87E-06
-82.8872,-6.87E-06
-82.8902,-6.86E-06
-82.8933,-6.86E-06
-82.8964,-6.86E-06
-82.8995,-6.85E-06
-82.9025,-6.85E-06
-82.9056,-6.85E-06
-82.9086,-6.84E-06
-82.9117,-6.84E-06
-82.9147,-6.84E-06
-82.9178,-6.83E-06
-82.9208,-6.83E-06
-82.9239,-6.83E-06
-82.9269,-6.82E-06
-82.9299,-6.82E-06
-82.933,-6.82E-06
-82.936,-6.81E-06
-82.939,-6.81E-06
-82.942,-6.81E-06
-82.945,-6.80E-06
-82.9481,-6.80E-06
-82.9511,-6.80E-06
-82.9541,-6.79E-06
-82.9571,-6.79E-06
-82.9601,-6.79E-06
-82.963,-6.78E-06
-82.966,-6.78E-06
-82.969,-6.78E-06
-82.972,-6.77E-06
-82.975,-6.77E-06
-82.9779,-6.77E-06
-82.9809,-6.76E-06
-82.9839,-6.76E-06
-82.9868,-6.76E-06
-82.9898,-6.75E-06
-82.9928,-6.75E-06
-82.9957,-6.75E-06
-82.9987,-6.74E-06
-83.0016,-6.74E-06
-83.0045,-6.74E-06
-83.0075,-6.73E-06
-83.0104,-6.73E-06
-83.0133,-6.73E-06
-83.0163,-6.72E-06
-83.0192,-6.72E-06
-83.0221,-6.72E-06
-83.025,-6.71E-06
-83.0279,-6.71E-06
-83.0308,-6.71E-06
-83.0337,-6.70E-06
-83.0366,-6.70E-06
-83.0395,-6.70E-06
-83.0424,-6.69E-06
-83.0453,-6.69E-06
-83.0482,-6.69E-06
-83.0511,-6.68E-06
-83.054,-6.68E-06
-83.0568,-6.68E-06
-83.0597,-6.67E-06
-83.0626,-6.67E-06
-83.0655,-6.67E-06
-83.0683,-6.66E-06
-83.0712,-6.66E-06
-83.074,-6.66E-06
-83.0769,-6.65E-06
-83.0797,-6.65E-06
-83.0826,-6.65E-06
-83.0854,-6.64E-06
-83.0883,-6.64E-06
-83.0911,-6.64E-06
-83.0939,-6.63E-06
-83.0967,-6.63E-06
-83.0996,-6.63E-06
-83.1024,-6.62E-06
-83.1052,-6.62E-06
-83.108,-6.62E-06
-83.1108,-6.62E-06
-83.1136,-6.61E-06
-83.1164,-6.61E-06
-83.1192,-6.61E-06
-83.122,-6.60E-06
-83.1248,-6.60E-06
-83.1276,-6.60E-06
-83.1304,-6.59E-06
-83.1332,-6.59E-06
-83.136,-6.59E-06
-83.1387,-6.59E-06
-83.1415,-6.58E-06
-83.1443,-6.58E-06
-83.147,-6.58E-06
-83.1498,-6.57E-06
-83.1526,-6.57E-06
-83.1553,-6.57E-06
-83.1581,-6.57E-06
-83.1608,-6.56E-06
-83.1636,-6.56E-06
-83.1663,-6.56E-06
-83.1691,-6.56E-06
-83.1718,-6.55E-06
-83.1745,-6.55E-06
-83.1772,-6.55E-06
-83.18,-6.54E-06
-83.1827,-6.54E-06
-83.1854,-6.54E-06
-83.1881,-6.54E-06
-83.1908,-6.53E-06
-83.1935,-6.53E-06
-83.1963,-6.53E-06
-83.199,-6.53E-06
-83.2017,-6.52E-06
-83.2043,-6.52E-06
-83.207,-6.52E-06
-83.2097,-6.52E-06
-83.2124,-6.51E-06
-83.2151,-6.51E-06
-83.2178,-6.51E-06
-83.2205,-6.51E-06
-83.2231,-6.50E-06
-83.2258,-6.50E-06
-83.2285,-6.50E-06
-83.2311,-6.50E-06
-83.2338,-6.49E-06
-83.2364,-6.49E-06
-83.2391,-6.49E-06
-83.2417,-6.48E-06
-83.2444,-6.48E-06
-83.247,-6.48E-06
-83.2497,-6.48E-06
-83.2523,-6.47E-06
-83.2549,-6.47E-06
-83.2576,-6.47E-06
-83.2602,-6.47E-06
-83.2628,-6.46E-06
-83.2654,-6.46E-06
-83.2681,-6.46E-06
-83.2707,-6.45E-06
-83.2733,-6.45E-06
-83.2759,-6.45E-06
-83.2785,-6.44E-06
-83.2811,-6.44E-06
-83.2837,-6.44E-06
-83.2863,-6.44E-06
-83.2889,-6.43E-06
-83.2915,-6.43E-06
-83.294,-6.43E-06
-83.2966,-6.42E-06
-83.2992,-6.42E-06
-83.3018,-6.42E-06
-83.3044,-6.41E-06
-83.3069,-6.41E-06
-83.3095,-6.41E-06
-83.3121,-6.41E-06
-83.3146,-6.40E-06
-83.3172,-6.40E-06
-83.3197,-6.40E-06
-83.3223,-6.39E-06
-83.3248,-6.39E-06
-83.3274,-6.39E-06
-83.3299,-6.39E-06
-83.3325,-6.38E-06
-83.335,-6.38E-06
-83.3375,-6.38E-06
-83.34,-6.38E-06
-83.3426,-6.37E-06
-83.3451,-6.37E-06
-83.3476,-6.37E-06
-83.3501,-6.37E-06
-83.3526,-6.36E-06
-83.3552,-6.36E-06
-83.3577,-6.36E-06
-83.3602,-6.35E-06
-83.3627,-6.35E-06
-83.3652,-6.35E-06
-83.3677,-6.35E-06
-83.3702,-6.34E-06
-83.3726,-6.34E-06
-83.3751,-6.34E-06
-83.3776,-6.34E-06
-83.3801,-6.33E-06
-83.3826,-6.33E-06
-83.385,-6.33E-06
-83.3875,-6.33E-06
-83.39,-6.32E-06
-83.3924,-6.32E-06
-83.3949,-6.32E-06
-83.3974,-6.32E-06
-83.3998,-6.31E-06
-83.4023,-6.31E-06
-83.4047,-6.31E-06
-83.4072,-6.31E-06
-83.4096,-6.30E-06
-83.4121,-6.30E-06
-83.4145,-6.30E-06
-83.4169,-6.30E-06
-83.4194,-6.29E-06
-83.4218,-6.29E-06
-83.4242,-6.29E-06
-83.4266,-6.29E-06
-83.4291,-6.28E-06
-83.4315,-6.28E-06
-83.4339,-6.28E-06
-83.4363,-6.28E-06
-83.4387,-6.28E-06
-83.4411,-6.27E-06
-83.4435,-6.27E-06
-83.4459,-6.27E-06
-83.4483,-6.27E-06
-83.4507,-6.26E-06
-83.4531,-6.26E-06
-83.4555,-6.26E-06
-83.4579,-6.26E-06
-83.4602,-6.25E-06
-83.4626,-6.25E-06
-83.465,-6.25E-06
-83.4674,-6.25E-06
-83.4697,-6.24E-06
-83.4721,-6.24E-06
-83.4745,-6.24E-06
-83.4768,-6.24E-06
-83.4792,-6.23E-06
-83.4815,-6.23E-06
-83.4839,-6.23E-06
-83.4862,-6.23E-06
-83.4886,-6.22E-06
-83.4909,-6.22E-06
-83.4933,-6.22E-06
-83.4956,-6.22E-06
-83.498,-6.21E-06
-83.5003,-6.21E-06
-83.5026,-6.21E-06
-83.5049,-6.21E-06
-83.5073,-6.20E-06
-83.5096,-6.20E-06
-83.5119,-6.20E-06
-83.5142,-6.20E-06
-83.5165,-6.19E-06
-83.5188,-6.19E-06
-83.5212,-6.19E-06
-83.5235,-6.19E-06
-83.5258,-6.19E-06
-83.5281,-6.18E-06
-83.5304,-6.18E-06
-83.5326,-6.18E-06
-83.5349,-6.18E-06
-83.5372,-6.17E-06
-83.5395,-6.17E-06
-83.5418,-6.17E-06
-83.5441,-6.17E-06
-83.5463,-6.17E-06
-83.5486,-6.16E-06
-83.5509,-6.16E-06
-83.5532,-6.16E-06
-83.5554,-6.16E-06
-83.5577,-6.15E-06
-83.5599,-6.15E-06
-83.5622,-6.15E-06
-83.5645,-6.15E-06
-83.5667,-6.15E-06
-83.569,-6.14E-06
-83.5712,-6.14E-06
-83.5735,-6.14E-06
-83.5757,-6.14E-06
-83.5779,-6.13E-06
-83.5802,-6.13E-06
-83.5824,-6.13E-06
-83.5846,-6.13E-06
-83.5869,-6.13E-06
-83.5891,-6.12E-06
-83.5913,-6.12E-06
-83.5935,-6.12E-06
-83.5957,-6.12E-06
-83.5979,-6.11E-06
-83.6002,-6.11E-06
-83.6024,-6.11E-06
-83.6046,-6.11E-06
-83.6068,-6.10E-06
-83.609,-6.10E-06
-83.6112,-6.10E-06
-83.6134,-6.10E-06
-83.6156,-6.10E-06
-83.6177,-6.09E-06
-83.6199,-6.09E-06
-83.6221,-6.09E-06
-83.6243,-6.09E-06
-83.6265,-6.08E-06
-83.6287,-6.08E-06
-83.6308,-6.08E-06
-83.633,-6.08E-06
-83.6352,-6.08E-06
-83.6373,-6.07E-06
-83.6395,-6.07E-06
-83.6417,-6.07E-06
-83.6438,-6.07E-06
-83.646,-6.07E-06
-83.6481,-6.06E-06
-83.6503,-6.06E-06
-83.6524,-6.06E-06
-83.6546,-6.06E-06
-83.6567,-6.05E-06
-83.6588,-6.05E-06
-83.661,-6.05E-06
-83.6631,-6.05E-06
-83.6652,-6.05E-06
-83.6674,-6.04E-06
-83.6695,-6.04E-06
-83.6716,-6.04E-06
-83.6737,-6.04E-06
-83.6759,-6.04E-06
-83.678,-6.03E-06
-83.6801,-6.03E-06
-83.6822,-6.03E-06
-83.6843,-6.03E-06
-83.6864,-6.03E-06
-83.6885,-6.02E-06
-83.6906,-6.02E-06
-83.6927,-6.02E-06
-83.6948,-6.02E-06
-83.6969,-6.02E-06
-83.699,-6.01E-06
-83.7011,-6.01E-06
-83.7032,-6.01E-06
-83.7053,-6.01E-06
-83.7073,-6.01E-06
-83.7094,-6.00E-06
-83.7115,-6.00E-06
-83.7136,-6.00E-06
-83.7156,-6.00E-06
-83.7177,-6.00E-06
-83.7198,-5.99E-06
-83.7218,-5.99E-06
-83.7239,-5.99E-06
-83.726,-5.99E-06
-83.728,-5.99E-06
-83.7301,-5.98E-06
-83.7321,-5.98E-06
-83.7342,-5.98E-06
-83.7362,-5.98E-06
-83.7382,-5.98E-06
-83.7403,-5.97E-06
-83.7423,-5.97E-06
-83.7444,-5.97E-06
-83.7464,-5.97E-06
-83.7484,-5.97E-06
-83.7505,-5.96E-06
-83.7525,-5.96E-06
-83.7545,-5.96E-06
-83.7565,-5.96E-06
-83.7585,-5.96E-06
-83.7606,-5.95E-06
-83.7626,-5.95E-06
-83.7646,-5.95E-06
-83.7666,-5.95E-06
-83.7686,-5.95E-06
-83.7706,-5.94E-06
-83.7726,-5.94E-06
-83.7746,-5.94E-06
-83.7766,-5.94E-06
-83.7786,-5.94E-06
-83.7806,-5.93E-06
-83.7826,-5.93E-06
-83.7846,-5.93E-06
-83.7865,-5.93E-06
-83.7885,-5.93E-06
-83.7905,-5.93E-06
-83.7925,-5.92E-06
-83.7945,-5.92E-06
-83.7964,-5.92E-06
-83.7984,-5.92E-06
-83.8004,-5.92E-06
-83.8023,-5.91E-06
-83.8043,-5.91E-06
-83.8063,-5.91E-06
-83.8082,-5.91E-06
-83.8102,-5.91E-06
-83.8121,-5.91E-06
-83.8141,-5.90E-06
-83.816,-5.90E-06
-83.818,-5.90E-06
-83.8199,-5.90E-06
-83.8219,-5.90E-06
-83.8238,-5.89E-06
-83.8257,-5.89E-06
-83.8277,-5.89E-06
-83.8296,-5.89E-06
-83.8315,-5.89E-06
-83.8335,-5.88E-06
-83.8354,-5.88E-06
-83.8373,-5.88E-06
-83.8392,-5.88E-06
-83.8412,-5.88E-06
-83.8431,-5.87E-06
-83.845,-5.87E-06
-83.8469,-5.87E-06
-83.8488,-5.87E-06
-83.8507,-5.87E-06
-83.8526,-5.86E-06
-83.8545,-5.86E-06
-83.8564,-5.86E-06
-83.8583,-5.86E-06
-83.8602,-5.86E-06
-83.8621,-5.86E-06
-83.864,-5.85E-06
-83.8659,-5.85E-06
-83.8678,-5.85E-06
-83.8697,-5.85E-06
-83.8715,-5.85E-06
-83.8734,-5.84E-06
-83.8753,-5.84E-06
-83.8772,-5.84E-06
-83.8791,-5.84E-06
-83.8809,-5.84E-06
-83.8828,-5.84E-06
-83.8847,-5.83E-06
-83.8865,-5.83E-06
-83.8884,-5.83E-06
-83.8902,-5.83E-06
-83.8921,-5.83E-06
-83.894,-5.83E-06
-83.8958,-5.83E-06
-83.8977,-5.82E-06
-83.8995,-5.82E-06
-83.9014,-5.82E-06
-83.9032,-5.82E-06
-83.905,-5.82E-06
-83.9069,-5.82E-06
-83.9087,-5.81E-06
-83.9106,-5.81E-06
-83.9124,-5.81E-06
-83.9142,-5.81E-06
-83.916,-5.81E-06
-83.9179,-5.81E-06
-83.9197,-5.80E-06
-83.9215,-5.80E-06
-83.9233,-5.80E-06
-83.9252,-5.80E-06
-83.927,-5.80E-06
-83.9288,-5.80E-06
-83.9306,-5.79E-06
-83.9324,-5.79E-06
-83.9342,-5.79E-06
-83.936,-5.79E-06
-83.9378,-5.79E-06
-83.9396,-5.78E-06
-83.9414,-5.78E-06
-83.9432,-5.78E-06
-83.945,-5.78E-06
-83.9468,-5.78E-06
-83.9486,-5.77E-06
-83.9504,-5.77E-06
-83.9522,-5.77E-06
-83.954,-5.77E-06
-83.9557,-5.77E-06
-83.9575,-5.76E-06
-83.9593,-5.76E-06
-83.9611,-5.76E-06
-83.9628,-5.76E-06
-83.9646,-5.76E-06
-83.9664,-5.76E-06
-83.9682,-5.75E-06
-83.9699,-5.75E-06
-83.9717,-5.75E-06
-83.9734,-5.75E-06
-83.9752,-5.75E-06
-83.977,-5.75E-06
-83.9787,-5.75E-06
-83.9805,-5.74E-06
-83.9822,-5.74E-06
-83.984,-5.74E-06
-83.9857,-5.74E-06
-83.9874,-5.74E-06
-83.9892,-5.74E-06
-83.9909,-5.74E-06
-83.9927,-5.73E-06
-83.9944,-5.73E-06
-83.9961,-5.73E-06
-83.9979,-5.73E-06
-83.9996,-5.73E-06
-84.0013,-5.73E-06
-84.0031,-5.73E-06
-84.0048,-5.73E-06
-84.0065,-5.73E-06
-84.0082,-5.72E-06
-84.0099,-5.72E-06
-84.0116,-5.72E-06
-84.0134,-5.72E-06
-84.0151,-5.72E-06
-84.0168,-5.72E-06
-84.0185,-5.72E-06
-84.0202,-5.71E-06
-84.0219,-5.71E-06
-84.0236,-5.71E-06
-84.0253,-5.71E-06
-84.027,-5.71E-06
-84.0287,-5.70E-06
-84.0304,-5.70E-06
-84.0321,-5.70E-06
-84.0338,-5.70E-06
-84.0354,-5.70E-06
-84.0371,-5.69E-06
-84.0388,-5.69E-06
-84.0405,-5.69E-06
-84.0422,-5.69E-06
-84.0439,-5.68E-06
-84.0455,-5.68E-06
-84.0472,-5.68E-06
-84.0489,-5.68E-06
-84.0505,-5.68E-06
-84.0522,-5.68E-06
-84.0539,-5.68E-06
-84.0555,-5.67E-06
-84.0572,-5.67E-06
-84.0589,-5.67E-06
-84.0605,-5.67E-06
-84.0622,-5.67E-06
-84.0638,-5.67E-06
-84.0655,-5.67E-06
-84.0671,-5.67E-06
-84.0688,-5.67E-06
-84.0704,-5.67E-06
-84.0721,-5.66E-06
-84.0737,-5.66E-06
-84.0753,-5.66E-06
-84.077,-5.66E-06
-84.0786,-5.66E-06
-84.0803,-5.65E-06
-84.0819,-5.65E-06
-84.0835,-5.65E-06
-84.0851,-5.65E-06
-84.0868,-5.65E-06
-84.0884,-5.65E-06
-84.09,-5.64E-06
-84.0916,-5.64E-06
-84.0933,-5.64E-06
-84.0949,-5.64E-06
-84.0965,-5.64E-06
-84.0981,-5.64E-06
-84.0997,-5.64E-06
-84.1013,-5.63E-06
-84.1029,-5.63E-06
-84.1045,-5.63E-06
-84.1061,-5.63E-06
-84.1077,-5.63E-06
-84.1093,-5.63E-06
-84.1109,-5.62E-06
-84.1125,-5.62E-06
-84.1141,-5.62E-06
-84.1157,-5.62E-06
-84.1173,-5.62E-06
-84.1189,-5.62E-06
-84.1205,-5.62E-06
-84.1221,-5.62E-06
-84.1237,-5.61E-06
-84.1252,-5.61E-06
-84.1268,-5.61E-06
-84.1284,-5.61E-06
-84.13,-5.61E-06
-84.1316,-5.61E-06
-84.1331,-5.61E-06
-84.1347,-5.60E-06
-84.1363,-5.60E-06
-84.1378,-5.60E-06
-84.1394,-5.60E-06
-84.141,-5.60E-06
-84.1425,-5.60E-06
-84.1441,-5.60E-06
-84.1456,-5.60E-06
-84.1472,-5.59E-06
-84.1487,-5.59E-06
-84.1503,-5.59E-06
-84.1518,-5.59E-06
-84.1534,-5.59E-06
-84.1549,-5.59E-06
-84.1565,-5.59E-06
-84.158,-5.58E-06
-84.1596,-5.58E-06
-84.1611,-5.58E-06
-84.1627,-5.58E-06
-84.1642,-5.58E-06
-84.1657,-5.58E-06
-84.1673,-5.58E-06
-84.1688,-5.57E-06
-84.1703,-5.57E-06
-84.1718,-5.57E-06
-84.1734,-5.57E-06
-84.1749,-5.57E-06
-84.1764,-5.57E-06
-84.1779,-5.57E-06
-84.1795,-5.56E-06
-84.181,-5.56E-06
-84.1825,-5.56E-06
-84.184,-5.56E-06
-84.1855,-5.56E-06
-84.187,-5.56E-06
-84.1885,-5.56E-06
-84.19,-5.55E-06
-84.1915,-5.55E-06
-84.193,-5.55E-06
-84.1945,-5.55E-06
-84.196,-5.55E-06
-84.1975,-5.55E-06
-84.199,-5.55E-06
-84.2005,-5.55E-06
-84.202,-5.54E-06
-84.2035,-5.54E-06
-84.205,-5.54E-06
-84.2065,-5.54E-06
-84.208,-5.54E-06
-84.2095,-5.54E-06
-84.2109,-5.54E-06
-84.2124,-5.54E-06
-84.2139,-5.53E-06
-84.2154,-5.53E-06
-84.2168,-5.53E-06
-84.2183,-5.53E-06
-84.2198,-5.53E-06
-84.2213,-5.53E-06
-84.2227,-5.53E-06
-84.2242,-5.52E-06
-84.2257,-5.52E-06
-84.2271,-5.52E-06
-84.2286,-5.52E-06
-84.23,-5.52E-06
-84.2315,-5.52E-06
-84.233,-5.52E-06
-84.2344,-5.52E-06
-84.2359,-5.51E-06
-84.2373,-5.51E-06
-84.2388,-5.51E-06
-84.2402,-5.51E-06
-84.2417,-5.51E-06
-84.2431,-5.51E-06
-84.2446,-5.51E-06
-84.246,-5.51E-06
-84.2474,-5.50E-06
-84.2489,-5.50E-06
-84.2503,-5.50E-06
-84.2517,-5.50E-06
-84.2532,-5.50E-06
-84.2546,-5.50E-06
-84.256,-5.50E-06
-84.2575,-5.50E-06
-84.2589,-5.49E-06
-84.2603,-5.49E-06
-84.2618,-5.49E-06
-84.2632,-5.49E-06
-84.2646,-5.49E-06
-84.266,-5.49E-06
-84.2674,-5.49E-06
-84.2688,-5.49E-06
-84.2703,-5.48E-06
-84.2717,-5.48E-06
-84.2731,-5.48E-06
-84.2745,-5.48E-06
-84.2759,-5.48E-06
-84.2773,-5.48E-06
-84.2787,-5.48E-06
-84.2801,-5.47E-06
-84.2815,-5.47E-06
-84.2829,-5.47E-06
-84.2843,-5.47E-06
-84.2857,-5.47E-06
-84.2871,-5.47E-06
-84.2885,-5.47E-06
-84.2899,-5.47E-06
-84.2913,-5.47E-06
-84.2927,-5.47E-06
-84.2941,-5.46E-06
-84.2954,-5.46E-06
-84.2968,-5.46E-06
-84.2982,-5.46E-06
-84.2996,-5.46E-06
-84.301,-5.46E-06
-84.3023,-5.46E-06
-84.3037,-5.45E-06
-84.3051,-5.45E-06
-84.3065,-5.45E-06
-84.3078,-5.45E-06
-84.3092,-5.45E-06
-84.3106,-5.45E-06
-84.3119,-5.45E-06
-84.3133,-5.44E-06
-84.3147,-5.44E-06
-84.316,-5.44E-06
-84.3174,-5.44E-06
-84.3187,-5.44E-06
-84.3201,-5.44E-06
-84.3215,-5.44E-06
-84.3228,-5.44E-06
-84.3242,-5.44E-06
-84.3255,-5.44E-06
-84.3269,-5.44E-06
-84.3282,-5.44E-06
-84.3296,-5.43E-06
-84.3309,-5.43E-06
-84.3323,-5.43E-06
-84.3336,-5.43E-06
-84.3349,-5.42E-06
-84.3363,-5.42E-06
-84.3376,-5.42E-06
-84.3389,-5.42E-06
-84.3403,-5.42E-06
-84.3416,-5.42E-06
-84.3429,-5.42E-06
-84.3443,-5.42E-06
-84.3456,-5.42E-06
-84.3469,-5.42E-06
-84.3483,-5.42E-06
-84.3496,-5.42E-06
-84.3509,-5.42E-06
-84.3522,-5.41E-06
-84.3535,-5.41E-06
-84.3549,-5.41E-06
-84.3562,-5.41E-06
-84.3575,-5.41E-06
-84.3588,-5.41E-06
-84.3601,-5.40E-06
-84.3614,-5.40E-06
-84.3627,-5.40E-06
-84.3641,-5.40E-06
-84.3654,-5.40E-06
-84.3667,-5.40E-06
-84.368,-5.40E-06
-84.3693,-5.40E-06
-84.3706,-5.40E-06
-84.3719,-5.39E-06
-84.3732,-5.39E-06
-84.3745,-5.39E-06
-84.3758,-5.39E-06
-84.3771,-5.39E-06
-84.3783,-5.39E-06
-84.3796,-5.39E-06
-84.3809,-5.39E-06
-84.3822,-5.39E-06
-84.3835,-5.39E-06
-84.3848,-5.39E-06
-84.3861,-5.39E-06
-84.3873,-5.39E-06
-84.3886,-5.38E-06
-84.3899,-5.38E-06
-84.3912,-5.38E-06
-84.3925,-5.38E-06
-84.3937,-5.38E-06
-84.395,-5.38E-06
-84.3963,-5.37E-06
-84.3976,-5.37E-06
-84.3988,-5.37E-06
-84.4001,-5.37E-06
-84.4014,-5.37E-06
-84.4026,-5.37E-06
-84.4039,-5.37E-06
-84.4051,-5.37E-06
-84.4064,-5.37E-06
-84.4077,-5.36E-06
-84.4089,-5.36E-06
-84.4102,-5.36E-06
-84.4114,-5.36E-06
-84.4127,-5.36E-06
-84.4139,-5.36E-06
-84.4152,-5.36E-06
-84.4164,-5.36E-06
-84.4177,-5.36E-06
-84.4189,-5.36E-06
-84.4202,-5.35E-06
-84.4214,-5.35E-06
-84.4227,-5.35E-06
-84.4239,-5.35E-06
-84.4252,-5.35E-06
-84.4264,-5.35E-06
-84.4276,-5.35E-06
-84.4289,-5.35E-06
-84.4301,-5.35E-06
-84.4313,-5.35E-06
-84.4326,-5.34E-06
-84.4338,-5.34E-06
-84.435,-5.34E-06
-84.4363,-5.34E-06
-84.4375,-5.34E-06
-84.4387,-5.34E-06
-84.4399,-5.34E-06
-84.4412,-5.34E-06
-84.4424,-5.34E-06
-84.4436,-5.34E-06
-84.4448,-5.33E-06
-84.446,-5.33E-06
-84.4472,-5.33E-06
-84.4485,-5.33E-06
-84.4497,-5.33E-06
-84.4509,-5.33E-06
-84.4521,-5.33E-06
-84.4533,-5.33E-06
-84.4545,-5.32E-06
-84.4557,-5.32E-06
-84.4569,-5.32E-06
-84.4581,-5.32E-06
-84.4593,-5.32E-06
-84.4605,-5.32E-06
-84.4617,-5.32E-06
-84.4629,-5.32E-06
-84.4641,-5.32E-06
-84.4653,-5.32E-06
-84.4665,-5.32E-06
-84.4677,-5.31E-06
-84.4689,-5.31E-06
-84.4701,-5.31E-06
-84.4713,-5.31E-06
-84.4725,-5.31E-06
-84.4737,-5.31E-06
-84.4748,-5.31E-06
-84.476,-5.31E-06
-84.4772,-5.31E-06
-84.4784,-5.31E-06
-84.4796,-5.31E-06
-84.4808,-5.31E-06
-84.4819,-5.30E-06
-84.4831,-5.30E-06
-84.4843,-5.30E-06
-84.4855,-5.30E-06
-84.4866,-5.30E-06
-84.4878,-5.30E-06
-84.489,-5.29E-06
-84.4901,-5.29E-06
-84.4913,-5.29E-06
-84.4925,-5.29E-06
-84.4936,-5.29E-06
-84.4948,-5.29E-06
-84.496,-5.29E-06
-84.4971,-5.29E-06
-84.4983,-5.29E-06
-84.4994,-5.29E-06
-84.5006,-5.29E-06
-84.5018,-5.29E-06
-84.5029,-5.29E-06
-84.5041,-5.29E-06
-84.5052,-5.28E-06
-84.5064,-5.28E-06
-84.5075,-5.28E-06
-84.5087,-5.28E-06
-84.5098,-5.28E-06
-84.511,-5.28E-06
-84.5121,-5.28E-06
-84.5133,-5.27E-06
-84.5144,-5.27E-06
-84.5155,-5.27E-06
-84.5167,-5.27E-06
-84.5178,-5.27E-06
-84.519,-5.27E-06
-84.5201,-5.27E-06
-84.5212,-5.27E-06
-84.5224,-5.27E-06
-84.5235,-5.27E-06
-84.5246,-5.27E-06
-84.5258,-5.27E-06
-84.5269,-5.27E-06
-84.528,-5.27E-06
-84.5291,-5.26E-06
-84.5303,-5.26E-06
-84.5314,-5.26E-06
-84.5325,-5.26E-06
-84.5336,-5.26E-06
-84.5348,-5.26E-06
-84.5359,-5.26E-06
-84.537,-5.26E-06
-84.5381,-5.26E-06
-84.5392,-5.25E-06
-84.5403,-5.25E-06
-84.5415,-5.25E-06
-84.5426,-5.25E-06
-84.5437,-5.25E-06
-84.5448,-5.25E-06
-84.5459,-5.25E-06
-84.547,-5.25E-06
-84.5481,-5.25E-06
-84.5492,-5.25E-06
-84.5503,-5.25E-06
-84.5514,-5.24E-06
-84.5525,-5.24E-06
-84.5536,-5.24E-06
-84.5547,-5.24E-06
-84.5558,-5.24E-06
-84.5569,-5.24E-06
-84.558,-5.24E-06
-84.5591,-5.24E-06
-84.5602,-5.24E-06
-84.5613,-5.24E-06
-84.5624,-5.24E-06
-84.5635,-5.23E-06
-84.5646,-5.23E-06
-84.5657,-5.23E-06
-84.5668,-5.23E-06
-84.5678,-5.23E-06
-84.5689,-5.23E-06
-84.57,-5.23E-06
-84.5711,-5.23E-06
-84.5722,-5.23E-06
-84.5733,-5.23E-06
-84.5743,-5.23E-06
-84.5754,-5.22E-06
-84.5765,-5.22E-06
-84.5776,-5.22E-06
-84.5786,-5.22E-06
-84.5797,-5.22E-06
-84.5808,-5.22E-06
-84.5819,-5.22E-06
-84.5829,-5.22E-06
-84.584,-5.22E-06
-84.5851,-5.22E-06
-84.5861,-5.22E-06
-84.5872,-5.22E-06
-84.5883,-5.21E-06
-84.5893,-5.21E-06
-84.5904,-5.21E-06
-84.5914,-5.21E-06
-84.5925,-5.21E-06
-84.5936,-5.21E-06
-84.5946,-5.21E-06
-84.5957,-5.21E-06
-84.5967,-5.21E-06
-84.5978,-5.21E-06
-84.5988,-5.21E-06
-84.5999,-5.20E-06
-84.6009,-5.20E-06
-84.602,-5.20E-06
-84.603,-5.20E-06
-84.6041,-5.20E-06
-84.6051,-5.20E-06
-84.6062,-5.20E-06
-84.6072,-5.20E-06
-84.6083,-5.20E-06
-84.6093,-5.20E-06
-84.6104,-5.20E-06
-84.6114,-5.20E-06
-84.6124,-5.19E-06
-84.6135,-5.19E-06
-84.6145,-5.19E-06
-84.6155,-5.19E-06
-84.6166,-5.19E-06
-84.6176,-5.19E-06
-84.6187,-5.19E-06
-84.6197,-5.19E-06
-84.6207,-5.19E-06
-84.6217,-5.19E-06
-84.6228,-5.19E-06
-84.6238,-5.18E-06
-84.6248,-5.18E-06
-84.6258,-5.18E-06
-84.6269,-5.18E-06
-84.6279,-5.18E-06
-84.6289,-5.18E-06
-84.6299,-5.18E-06
-84.631,-5.18E-06
-84.632,-5.18E-06
-84.633,-5.18E-06
-84.634,-5.18E-06
-84.635,-5.18E-06
-84.636,-5.17E-06
-84.6371,-5.17E-06
-84.6381,-5.17E-06
-84.6391,-5.17E-06
-84.6401,-5.17E-06
-84.6411,-5.17E-06
-84.6421,-5.17E-06
-84.6431,-5.17E-06
-84.6441,-5.17E-06
-84.6451,-5.17E-06
-84.6461,-5.17E-06
-84.6471,-5.17E-06
-84.6481,-5.16E-06
-84.6491,-5.16E-06
-84.6501,-5.16E-06
-84.6511,-5.16E-06
-84.6521,-5.16E-06
-84.6531,-5.16E-06
-84.6541,-5.16E-06
-84.6551,-5.16E-06
-84.6561,-5.16E-06
-84.6571,-5.16E-06
-84.6581,-5.16E-06
-84.6591,-5.16E-06
-84.6601,-5.16E-06
-84.6611,-5.15E-06
-84.6621,-5.15E-06
-84.6631,-5.15E-06
-84.664,-5.15E-06
-84.665,-5.15E-06
-84.666,-5.15E-06
-84.667,-5.15E-06
-84.668,-5.15E-06
-84.669,-5.15E-06
-84.6699,-5.15E-06
-84.6709,-5.15E-06
-84.6719,-5.15E-06
-84.6729,-5.15E-06
-84.6738,-5.14E-06
-84.6748,-5.14E-06
-84.6758,-5.14E-06
-84.6768,-5.14E-06
-84.6777,-5.14E-06
-84.6787,-5.14E-06
-84.6797,-5.14E-06
-84.6806,-5.14E-06
-84.6816,-5.14E-06
-84.6826,-5.14E-06
-84.6835,-5.14E-06
-84.6845,-5.14E-06
-84.6855,-5.13E-06
-84.6864,-5.13E-06
-84.6874,-5.13E-06
-84.6884,-5.13E-06
-84.6893,-5.13E-06
-84.6903,-5.13E-06
-84.6912,-5.13E-06
-84.6922,-5.13E-06
-84.6932,-5.13E-06
-84.6941,-5.13E-06
-84.6951,-5.13E-06
-84.696,-5.13E-06
-84.697,-5.13E-06
-84.6979,-5.12E-06
-84.6989,-5.12E-06
-84.6998,-5.12E-06
-84.7008,-5.12E-06
-84.7017,-5.12E-06
-84.7027,-5.12E-06
-84.7036,-5.12E-06
-84.7046,-5.12E-06
-84.7055,-5.12E-06
-84.7064,-5.12E-06
-84.7074,-5.12E-06
-84.7083,-5.12E-06
-84.7093,-5.12E-06
-84.7102,-5.12E-06
-84.7112,-5.11E-06
-84.7121,-5.11E-06
-84.713,-5.11E-06
-84.714,-5.11E-06
-84.7149,-5.11E-06
-84.7158,-5.11E-06
-84.7168,-5.11E-06
-84.7177,-5.11E-06
-84.7186,-5.11E-06
-84.7196,-5.11E-06
-84.7205,-5.11E-06
-84.7214,-5.11E-06
-84.7223,-5.11E-06
-84.7233,-5.10E-06
-84.7242,-5.10E-06
-84.7251,-5.10E-06
-84.726,-5.10E-06
-84.727,-5.10E-06
-84.7279,-5.10E-06
-84.7288,-5.10E-06
-84.7297,-5.10E-06
-84.7306,-5.10E-06
-84.7316,-5.10E-06
-84.7325,-5.10E-06
-84.7334,-5.10E-06
-84.7343,-5.10E-06
-84.7352,-5.10E-06
-84.7361,-5.09E-06
-84.7371,-5.09E-06
-84.738,-5.09E-06
-84.7389,-5.09E-06
-84.7398,-5.09E-06
-84.7407,-5.09E-06
-84.7416,-5.09E-06
-84.7425,-5.09E-06
-84.7434,-5.09E-06
-84.7443,-5.09E-06
-84.7452,-5.09E-06
-84.7461,-5.09E-06
-84.747,-5.09E-06
-84.7479,-5.08E-06
-84.7488,-5.08E-06
-84.7497,-5.08E-06
-84.7506,-5.08E-06
-84.7515,-5.08E-06
-84.7524,-5.08E-06
-84.7533,-5.08E-06
-84.7542,-5.08E-06
-84.7551,-5.08E-06
-84.756,-5.08E-06
-84.7569,-5.08E-06
-84.7578,-5.08E-06
-84.7587,-5.08E-06
-84.7596,-5.08E-06
-84.7605,-5.07E-06
-84.7614,-5.07E-06
-84.7623,-5.07E-06
-84.7631,-5.07E-06
-84.764,-5.07E-06
-84.7649,-5.07E-06
-84.7658,-5.07E-06
-84.7667,-5.07E-06
-84.7676,-5.07E-06
-84.7684,-5.07E-06
-84.7693,-5.07E-06
-84.7702,-5.07E-06
-84.7711,-5.07E-06
-84.772,-5.07E-06
-84.7728,-5.06E-06
-84.7737,-5.06E-06
-84.7746,-5.06E-06
-84.7755,-5.06E-06
-84.7764,-5.06E-06
-84.7772,-5.06E-06
-84.7781,-5.06E-06
-84.779,-5.06E-06
-84.7798,-5.06E-06
-84.7807,-5.06E-06
-84.7816,-5.06E-06
-84.7824,-5.06E-06
-84.7833,-5.06E-06
-84.7842,-5.06E-06
-84.7851,-5.06E-06
-84.7859,-5.05E-06
-84.7868,-5.05E-06
-84.7876,-5.05E-06
-84.7885,-5.05E-06
-84.7894,-5.05E-06
-84.7902,-5.05E-06
-84.7911,-5.05E-06
-84.792,-5.05E-06
-84.7928,-5.05E-06
-84.7937,-5.05E-06
-84.7945,-5.05E-06
-84.7954,-5.05E-06
-84.7962,-5.05E-06
-84.7971,-5.05E-06
-84.7979,-5.05E-06
-84.7988,-5.04E-06
-84.7997,-5.04E-06
-84.8005,-5.04E-06
-84.8014,-5.04E-06
-84.8022,-5.04E-06
-84.8031,-5.04E-06
-84.8039,-5.04E-06
-84.8047,-5.04E-06
-84.8056,-5.04E-06
-84.8064,-5.04E-06
-84.8073,-5.04E-06
-84.8081,-5.04E-06
-84.809,-5.04E-06
-84.8098,-5.04E-06
-84.8107,-5.03E-06
-84.8115,-5.03E-06
-84.8123,-5.03E-06
-84.8132,-5.03E-06
-84.814,-5.03E-06
-84.8149,-5.03E-06
-84.8157,-5.03E-06
-84.8165,-5.03E-06
-84.8174,-5.03E-06
-84.8182,-5.03E-06
-84.819,-5.03E-06
-84.8199,-5.03E-06
-84.8207,-5.03E-06
-84.8215,-5.03E-06
-84.8224,-5.03E-06
-84.8232,-5.03E-06
-84.824,-5.02E-06
-84.8248,-5.02E-06
-84.8257,-5.02E-06
-84.8265,-5.02E-06
-84.8273,-5.02E-06
-84.8282,-5.02E-06
-84.829,-5.02E-06
-84.8298,-5.02E-06
-84.8306,-5.02E-06
-84.8314,-5.02E-06
-84.8323,-5.02E-06
-84.8331,-5.02E-06
-84.8339,-5.02E-06
-84.8347,-5.02E-06
-84.8355,-5.02E-06
-84.8364,-5.01E-06
-84.8372,-5.01E-06
-84.838,-5.01E-06
-84.8388,-5.01E-06
-84.8396,-5.01E-06
-84.8404,-5.01E-06
-84.8413,-5.01E-06
-84.8421,-5.01E-06
-84.8429,-5.01E-06
-84.8437,-5.01E-06
-84.8445,-5.01E-06
-84.8453,-5.01E-06
-84.8461,-5.01E-06
-84.8469,-5.01E-06
-84.8477,-5.01E-06
-84.8485,-5.01E-06
-84.8493,-5.00E-06
-84.8502,-5.00E-06
-84.851,-5.00E-06
-84.8518,-5.00E-06
-84.8526,-5.00E-06
-84.8534,-5.00E-06
-84.8542,-5.00E-06
-84.855,-5.00E-06
-84.8558,-5.00E-06
-84.8566,-5.00E-06
-84.8574,-5.00E-06
-84.8582,-5.00E-06
-84.859,-5.00E-06
-84.8598,-5.00E-06
-84.8605,-5.00E-06
-84.8613,-4.99E-06
-84.8621,-4.99E-06
-84.8629,-4.99E-06
-84.8637,-4.99E-06
-84.8645,-4.99E-06
-84.8653,-4.99E-06
-84.8661,-4.99E-06
-84.8669,-4.99E-06
-84.8677,-4.99E-06
-84.8685,-4.99E-06
-84.8692,-4.99E-06
-84.87,-4.99E-06
-84.8708,-4.99E-06
-84.8716,-4.99E-06
-84.8724,-4.99E-06
-84.8732,-4.99E-06
-84.874,-4.99E-06
-84.8747,-4.98E-06
-84.8755,-4.98E-06
-84.8763,-4.98E-06
-84.8771,-4.98E-06
-84.8779,-4.98E-06
-84.8786,-4.98E-06
-84.8794,-4.98E-06
-84.8802,-4.98E-06
-84.881,-4.98E-06
-84.8817,-4.98E-06
-84.8825,-4.98E-06
-84.8833,-4.98E-06
-84.8841,-4.98E-06
-84.8848,-4.98E-06
-84.8856,-4.98E-06
-84.8864,-4.98E-06
-84.8872,-4.97E-06
-84.8879,-4.97E-06
-84.8887,-4.97E-06
-84.8895,-4.97E-06
-84.8902,-4.97E-06
-84.891,-4.97E-06
-84.8918,-4.97E-06
-84.8925,-4.97E-06
-84.8933,-4.97E-06
-84.8941,-4.97E-06
-84.8948,-4.97E-06
-84.8956,-4.97E-06
-84.8964,-4.97E-06
-84.8971,-4.97E-06
-84.8979,-4.97E-06
-84.8986,-4.97E-06
-84.8994,-4.97E-06
-84.9002,-4.96E-06
-84.9009,-4.96E-06
-84.9017,-4.96E-06
-84.9024,-4.96E-06
-84.9032,-4.96E-06
-84.904,-4.96E-06
-84.9047,-4.96E-06
-84.9055,-4.96E-06
-84.9062,-4.96E-06
-84.907,-4.96E-06
-84.9077,-4.96E-06
-84.9085,-4.96E-06
-84.9092,-4.96E-06
-84.91,-4.96E-06
-84.9107,-4.96E-06
-84.9115,-4.96E-06
-84.9122,-4.95E-06
-84.913,-4.95E-06
-84.9137,-4.95E-06
-84.9145,-4.95E-06
-84.9152,-4.95E-06
-84.916,-4.95E-06
-84.9167,-4.95E-06
-84.9174,-4.95E-06
-84.9182,-4.95E-06
-84.9189,-4.95E-06
-84.9197,-4.95E-06
-84.9204,-4.95E-06
-84.9212,-4.95E-06
-84.9219,-4.95E-06
-84.9226,-4.95E-06
-84.9234,-4.95E-06
-84.9241,-4.95E-06
-84.9249,-4.95E-06
-84.9256,-4.94E-06
-84.9263,-4.94E-06
-84.9271,-4.94E-06
-84.9278,-4.94E-06
-84.9285,-4.94E-06
-84.9293,-4.94E-06
-84.93,-4.94E-06
-84.9307,-4.94E-06
-84.9315,-4.94E-06
-84.9322,-4.94E-06
-84.9329,-4.94E-06
-84.9337,-4.94E-06
-84.9344,-4.94E-06
-84.9351,-4.94E-06
-84.9358,-4.94E-06
-84.9366,-4.94E-06
-84.9373,-4.94E-06
-84.938,-4.93E-06
-84.9387,-4.93E-06
-84.9395,-4.93E-06
-84.9402,-4.93E-06
-84.9409,-4.93E-06
-84.9416,-4.93E-06
-84.9424,-4.93E-06
-84.9431,-4.93E-06
-84.9438,-4.93E-06
-84.9445,-4.93E-06
-84.9452,-4.93E-06
-84.946,-4.93E-06
-84.9467,-4.93E-06
-84.9474,-4.93E-06
-84.9481,-4.93E-06
-84.9488,-4.93E-06
-84.9496,-4.93E-06
-84.9503,-4.93E-06
-84.951,-4.92E-06
-84.9517,-4.92E-06
-84.9524,-4.92E-06
-84.9531,-4.92E-06
-84.9538,-4.92E-06
-84.9545,-4.92E-06
-84.9553,-4.92E-06
-84.956,-4.92E-06
-84.9567,-4.92E-06
-84.9574,-4.92E-06
-84.9581,-4.92E-06
-84.9588,-4.92E-06
-84.9595,-4.92E-06
-84.9602,-4.92E-06
-84.9609,-4.92E-06
-84.9616,-4.92E-06
-84.9623,-4.92E-06
-84.963,-4.92E-06
-84.9637,-4.91E-06
-84.9644,-4.91E-06
-84.9652,-4.91E-06
-84.9659,-4.91E-06
-84.9666,-4.91E-06
-84.9673,-4.91E-06
-84.968,-4.91E-06
-84.9687,-4.91E-06
-84.9694,-4.91E-06
-84.9701,-4.91E-06
-84.9708,-4.91E-06
-84.9715,-4.91E-06
-84.9721,-4.91E-06
-84.9728,-4.91E-06
-84.9735,-4.91E-06
-84.9742,-4.91E-06
-84.9749,-4.91E-06
-84.9756,-4.91E-06
-84.9763,-4.90E-06
-84.977,-4.90E-06
-84.9777,-4.90E-06
-84.9784,-4.90E-06
-84.9791,-4.90E-06
-84.9798,-4.90E-06
-84.9805,-4.90E-06
-84.9812,-4.90E-06
-84.9818,-4.90E-06
-84.9825,-4.90E-06
-84.9832,-4.90E-06
-84.9839,-4.90E-06
-84.9846,-4.90E-06
-84.9853,-4.90E-06
-84.986,-4.90E-06
-84.9866,-4.90E-06
-84.9873,-4.90E-06
-84.988,-4.90E-06
-84.9887,-4.90E-06
-84.9894,-4.89E-06
-84.9901,-4.89E-06
-84.9907,-4.89E-06
-84.9914,-4.89E-06
-84.9921,-4.89E-06
-84.9928,-4.89E-06
-84.9935,-4.89E-06
-84.9941,-4.89E-06
-84.9948,-4.89E-06
-84.9955,-4.89E-06
-84.9962,-4.89E-06
-84.9968,-4.89E-06
-84.9975,-4.89E-06
-84.9982,-4.89E-06
-84.9989,-4.89E-06
-84.9995,-4.89E-06
-85.0002,-4.89E-06
-85.0009,-4.89E-06
-85.0016,-4.88E-06
-85.0022,-4.88E-06
-85.0029,-4.88E-06
-85.0036,-4.88E-06
-85.0042,-4.88E-06
-85.0049,-4.88E-06
-85.0056,-4.88E-06
-85.0063,-4.88E-06
-85.0069,-4.88E-06
-85.0076,-4.88E-06
-85.0083,-4.88E-06
-85.0089,-4.88E-06
-85.0096,-4.88E-06
-85.0103,-4.88E-06
-85.0109,-4.88E-06
-85.0116,-4.88E-06
-85.0122,-4.88E-06
-85.0129,-4.88E-06
-85.0136,-4.88E-06
-85.0142,-4.87E-06
-85.0149,-4.87E-06
-85.0156,-4.87E-06
-85.0162,-4.87E-06
-85.0169,-4.87E-06
-85.0175,-4.87E-06
-85.0182,-4.87E-06
-85.0189,-4.87E-06
-85.0195,-4.87E-06
-85.0202,-4.87E-06
-85.0208,-4.87E-06
-85.0215,-4.87E-06
-85.0221,-4.87E-06
-85.0228,-4.87E-06
-85.0234,-4.87E-06
-85.0241,-4.87E-06
-85.0248,-4.87E-06
-85.0254,-4.87E-06
-85.0261,-4.87E-06
-85.0267,-4.87E-06
-85.0274,-4.86E-06
-85.028,-4.86E-06
-85.0287,-4.86E-06
-85.0293,-4.86E-06
-85.03,-4.86E-06
-85.0306,-4.86E-06
-85.0313,-4.86E-06
-85.0319,-4.86E-06
-85.0325,-4.86E-06
-85.0332,-4.86E-06
-85.0338,-4.86E-06
-85.0345,-4.86E-06
-85.0351,-4.86E-06
-85.0358,-4.86E-06
-85.0364,-4.86E-06
-85.0371,-4.86E-06
-85.0377,-4.86E-06
-85.0383,-4.86E-06
-85.039,-4.86E-06
-85.0396,-4.86E-06
-85.0403,-4.85E-06
-85.0409,-4.85E-06
-85.0416,-4.85E-06
-85.0422,-4.85E-06
-85.0428,-4.85E-06
-85.0435,-4.85E-06
-85.0441,-4.85E-06
-85.0447,-4.85E-06
-85.0454,-4.85E-06
-85.046,-4.85E-06
-85.0467,-4.85E-06
-85.0473,-4.85E-06
-85.0479,-4.85E-06
-85.0486,-4.85E-06
-85.0492,-4.85E-06
-85.0498,-4.85E-06
-85.0505,-4.85E-06
-85.0511,-4.85E-06
-85.0517,-4.85E-06
-85.0524,-4.85E-06
-85.053,-4.84E-06
-85.0536,-4.84E-06
-85.0542,-4.84E-06
-85.0549,-4.84E-06
-85.0555,-4.84E-06
-85.0561,-4.84E-06
-85.0568,-4.84E-06
-85.0574,-4.84E-06
-85.058,-4.84E-06
-85.0586,-4.84E-06
-85.0593,-4.84E-06
-85.0599,-4.84E-06
-85.0605,-4.84E-06
-85.0611,-4.84E-06
-85.0618,-4.84E-06
-85.0624,-4.84E-06
-85.063,-4.84E-06
-85.0636,-4.84E-06
-85.0643,-4.84E-06
-85.0649,-4.84E-06
-85.0655,-4.83E-06
-85.0661,-4.83E-06
-85.0667,-4.83E-06
-85.0674,-4.83E-06
-85.068,-4.83E-06
-85.0686,-4.83E-06
-85.0692,-4.83E-06
-85.0698,-4.83E-06
-85.0704,-4.83E-06
-85.0711,-4.83E-06
-85.0717,-4.83E-06
-85.0723,-4.83E-06
-85.0729,-4.83E-06
-85.0735,-4.83E-06
-85.0741,-4.83E-06
-85.0748,-4.83E-06
-85.0754,-4.83E-06
-85.076,-4.83E-06
-85.0766,-4.83E-06
-85.0772,-4.83E-06
-85.0778,-4.82E-06
-85.0784,-4.82E-06
-85.079,-4.82E-06
-85.0796,-4.82E-06
-85.0803,-4.82E-06
-85.0809,-4.82E-06
-85.0815,-4.82E-06
-85.0821,-4.82E-06
-85.0827,-4.82E-06
-85.0833,-4.82E-06
-85.0839,-4.82E-06
-85.0845,-4.82E-06
-85.0851,-4.82E-06
-85.0857,-4.82E-06
-85.0863,-4.82E-06
-85.0869,-4.82E-06
-85.0875,-4.82E-06
-85.0881,-4.82E-06
-85.0887,-4.82E-06
-85.0893,-4.82E-06
-85.0899,-4.82E-06
-85.0906,-4.81E-06
-85.0912,-4.81E-06
-85.0918,-4.81E-06
-85.0924,-4.81E-06
-85.093,-4.81E-06
-85.0936,-4.81E-06
-85.0942,-4.81E-06
-85.0947,-4.81E-06
-85.0953,-4.81E-06
-85.0959,-4.81E-06
-85.0965,-4.81E-06
-85.0971,-4.81E-06
-85.0977,-4.81E-06
-85.0983,-4.81E-06
-85.0989,-4.81E-06
-85.0995,-4.81E-06
-85.1001,-4.81E-06
-85.1007,-4.81E-06
-85.1013,-4.81E-06
-85.1019,-4.81E-06
-85.1025,-4.81E-06
-85.1031,-4.80E-06
-85.1037,-4.80E-06
-85.1043,-4.80E-06
-85.1049,-4.80E-06
-85.1054,-4.80E-06
-85.106,-4.80E-06
-85.1066,-4.80E-06
-85.1072,-4.80E-06
-85.1078,-4.80E-06
-85.1084,-4.80E-06
-85.109,-4.80E-06
-85.1096,-4.80E-06
-85.1102,-4.80E-06
-85.1107,-4.80E-06
-85.1113,-4.80E-06
-85.1119,-4.80E-06
-85.1125,-4.80E-06
-85.1131,-4.80E-06
-85.1137,-4.80E-06
-85.1143,-4.80E-06
-85.1148,-4.80E-06
-85.1154,-4.80E-06
-85.116,-4.79E-06
-85.1166,-4.79E-06
-85.1172,-4.79E-06
-85.1177,-4.79E-06
-85.1183,-4.79E-06
-85.1189,-4.79E-06
-85.1195,-4.79E-06
-85.1201,-4.79E-06
-85.1206,-4.79E-06
-85.1212,-4.79E-06
-85.1218,-4.79E-06
-85.1224,-4.79E-06
-85.123,-4.79E-06
-85.1235,-4.79E-06
-85.1241,-4.79E-06
-85.1247,-4.79E-06
-85.1253,-4.79E-06
-85.1258,-4.79E-06
-85.1264,-4.79E-06
-85.127,-4.79E-06
-85.1276,-4.79E-06
-85.1281,-4.79E-06
-85.1287,-4.78E-06
-85.1293,-4.78E-06
-85.1299,-4.78E-06
-85.1304,-4.78E-06
-85.131,-4.78E-06
-85.1316,-4.78E-06
-85.1321,-4.78E-06
-85.1327,-4.78E-06
-85.1333,-4.78E-06
-85.1339,-4.78E-06
-85.1344,-4.78E-06
-85.135,-4.78E-06
-85.1356,-4.78E-06
-85.1361,-4.78E-06
-85.1367,-4.78E-06
-85.1373,-4.78E-06
-85.1378,-4.78E-06
-85.1384,-4.78E-06
-85.139,-4.78E-06
-85.1395,-4.78E-06
-85.1401,-4.78E-06
-85.1407,-4.78E-06
-85.1412,-4.77E-06
-85.1418,-4.77E-06
-85.1424,-4.77E-06
-85.1429,-4.77E-06
-85.1435,-4.77E-06
-85.144,-4.77E-06
-85.1446,-4.77E-06
-85.1452,-4.77E-06
-85.1457,-4.77E-06
-85.1463,-4.77E-06
-85.1468,-4.77E-06
-85.1474,-4.77E-06
-85.148,-4.77E-06
-85.1485,-4.77E-06
-85.1491,-4.77E-06
-85.1496,-4.77E-06
-85.1502,-4.77E-06
-85.1508,-4.77E-06
-85.1513,-4.77E-06
-85.1519,-4.77E-06
-85.1524,-4.77E-06
-85.153,-4.77E-06
-85.1535,-4.76E-06
-85.1541,-4.76E-06
-85.1546,-4.76E-06
-85.1552,-4.76E-06
-85.1558,-4.76E-06
-85.1563,-4.76E-06
-85.1569,-4.76E-06
-85.1574,-4.76E-06
-85.158,-4.76E-06
-85.1585,-4.76E-06
-85.1591,-4.76E-06
-85.1596,-4.76E-06
-85.1602,-4.76E-06
-85.1607,-4.76E-06
-85.1613,-4.76E-06
-85.1618,-4.76E-06
-85.1624,-4.76E-06
-85.1629,-4.76E-06
-85.1635,-4.76E-06
-85.164,-4.76E-06
-85.1646,-4.76E-06
-85.1651,-4.76E-06
-85.1657,-4.75E-06
-85.1662,-4.75E-06
-85.1668,-4.75E-06
-85.1673,-4.75E-06
-85.1678,-4.75E-06
-85.1684,-4.75E-06
-85.1689,-4.75E-06
-85.1695,-4.75E-06
-85.17,-4.75E-06
-85.1706,-4.75E-06
-85.1711,-4.75E-06
-85.1717,-4.75E-06
-85.1722,-4.75E-06
-85.1727,-4.75E-06
-85.1733,-4.75E-06
-85.1738,-4.75E-06
-85.1744,-4.75E-06
-85.1749,-4.75E-06
-85.1754,-4.75E-06
-85.176,-4.75E-06
-85.1765,-4.75E-06
-85.1771,-4.75E-06
-85.1776,-4.75E-06
-85.1781,-4.74E-06
-85.1787,-4.74E-06
-85.1792,-4.74E-06
-85.1798,-4.74E-06
-85.1803,-4.74E-06
-85.1808,-4.74E-06
-85.1814,-4.74E-06
-85.1819,-4.74E-06
-85.1824,-4.74E-06
-85.183,-4.74E-06
-85.1835,-4.74E-06
-85.184,-4.74E-06
-85.1846,-4.74E-06
-85.1851,-4.74E-06
-85.1856,-4.74E-06
-85.1862,-4.74E-06
-85.1867,-4.74E-06
-85.1872,-4.74E-06
-85.1878,-4.74E-06
-85.1883,-4.74E-06
-85.1888,-4.74E-06
-85.1894,-4.74E-06
-85.1899,-4.74E-06
-85.1904,-4.73E-06
-85.191,-4.73E-06
-85.1915,-4.73E-06
-85.192,-4.73E-06
-85.1925,-4.73E-06
-85.1931,-4.73E-06
-85.1936,-4.73E-06
-85.1941,-4.73E-06
-85.1947,-4.73E-06
-85.1952,-4.73E-06
-85.1957,-4.73E-06
-85.1962,-4.73E-06
-85.1968,-4.73E-06
-85.1973,-4.73E-06
-85.1978,-4.73E-06
-85.1983,-4.73E-06
-85.1989,-4.73E-06
-85.1994,-4.73E-06
-85.1999,-4.73E-06
-85.2004,-4.73E-06
-85.201,-4.73E-06
-85.2015,-4.73E-06
-85.202,-4.73E-06
-85.2025,-4.73E-06
-85.203,-4.72E-06
-85.2036,-4.72E-06
-85.2041,-4.72E-06
-85.2046,-4.72E-06
-85.2051,-4.72E-06
-85.2056,-4.72E-06
-85.2062,-4.72E-06
-85.2067,-4.72E-06
-85.2072,-4.72E-06
-85.2077,-4.72E-06
-85.2082,-4.72E-06
-85.2088,-4.72E-06
-85.2093,-4.72E-06
-85.2098,-4.72E-06
-85.2103,-4.72E-06
-85.2108,-4.72E-06
-85.2113,-4.72E-06
-85.2119,-4.72E-06
-85.2124,-4.72E-06
-85.2129,-4.72E-06
-85.2134,-4.72E-06
-85.2139,-4.72E-06
-85.2144,-4.72E-06
-85.2149,-4.71E-06
-85.2155,-4.71E-06
-85.216,-4.71E-06
-85.2165,-4.71E-06
-85.217,-4.71E-06
-85.2175,-4.71E-06
-85.218,-4.71E-06
-85.2185,-4.71E-06
-85.219,-4.71E-06
-85.2196,-4.71E-06
-85.2201,-4.71E-06
-85.2206,-4.71E-06
-85.2211,-4.71E-06
-85.2216,-4.71E-06
-85.2221,-4.71E-06
-85.2226,-4.71E-06
-85.2231,-4.71E-06
-85.2236,-4.71E-06
-85.2241,-4.71E-06
-85.2246,-4.71E-06
-85.2251,-4.71E-06
-85.2257,-4.71E-06
-85.2262,-4.71E-06
-85.2267,-4.71E-06
-85.2272,-4.70E-06
-85.2277,-4.70E-06
-85.2282,-4.70E-06
-85.2287,-4.70E-06
-85.2292,-4.70E-06
-85.2297,-4.70E-06
-85.2302,-4.70E-06
-85.2307,-4.70E-06
-85.2312,-4.70E-06
-85.2317,-4.70E-06
-85.2322,-4.70E-06
-85.2327,-4.70E-06
-85.2332,-4.70E-06
-85.2337,-4.70E-06
-85.2342,-4.70E-06
-85.2347,-4.70E-06
-85.2352,-4.70E-06
-85.2357,-4.70E-06
-85.2362,-4.70E-06
-85.2367,-4.70E-06
-85.2372,-4.70E-06
-85.2377,-4.70E-06
-85.2382,-4.70E-06
-85.2387,-4.70E-06
-85.2392,-4.69E-06
-85.2397,-4.69E-06
-85.2402,-4.69E-06
-85.2407,-4.69E-06
-85.2412,-4.69E-06
-85.2417,-4.69E-06
-85.2422,-4.69E-06
-85.2427,-4.69E-06
-85.2432,-4.69E-06
-85.2437,-4.69E-06
-85.2442,-4.69E-06
-85.2447,-4.69E-06
-85.2452,-4.69E-06
-85.2457,-4.69E-06
-85.2462,-4.69E-06
-85.2466,-4.69E-06
-85.2471,-4.69E-06
-85.2476,-4.69E-06
-85.2481,-4.69E-06
-85.2486,-4.69E-06
-85.2491,-4.69E-06
-85.2496,-4.69E-06
-85.2501,-4.69E-06
-85.2506,-4.69E-06
-85.2511,-4.69E-06
-85.2516,-4.68E-06
-85.2521,-4.68E-06
-85.2525,-4.68E-06
-85.253,-4.68E-06
-85.2535,-4.68E-06
-85.254,-4.68E-06
-85.2545,-4.68E-06
-85.255,-4.68E-06
-85.2555,-4.68E-06
-85.256,-4.68E-06
-85.2565,-4.68E-06
-85.2569,-4.68E-06
-85.2574,-4.68E-06
-85.2579,-4.68E-06
-85.2584,-4.68E-06
-85.2589,-4.68E-06
-85.2594,-4.68E-06
-85.2599,-4.68E-06
-85.2603,-4.68E-06
-85.2608,-4.68E-06
-85.2613,-4.68E-06
-85.2618,-4.68E-06
-85.2623,-4.68E-06
-85.2628,-4.68E-06
-85.2632,-4.67E-06
-85.2637,-4.67E-06
-85.2642,-4.67E-06
-85.2647,-4.67E-06
-85.2652,-4.67E-06
-85.2657,-4.67E-06
-85.2661,-4.67E-06
-85.2666,-4.67E-06
-85.2671,-4.67E-06
-85.2676,-4.67E-06
-85.2681,-4.67E-06
-85.2685,-4.67E-06
-85.269,-4.67E-06
-85.2695,-4.67E-06
-85.27,-4.67E-06
-85.2705,-4.67E-06
-85.2709,-4.67E-06
-85.2714,-4.67E-06
-85.2719,-4.67E-06
-85.2724,-4.67E-06
-85.2728,-4.67E-06
-85.2733,-4.67E-06
-85.2738,-4.67E-06
-85.2743,-4.67E-06
-85.2747,-4.67E-06
-85.2752,-4.66E-06
-85.2757,-4.66E-06
-85.2762,-4.66E-06
-85.2766,-4.66E-06
-85.2771,-4.66E-06
-85.2776,-4.66E-06
-85.2781,-4.66E-06
-85.2785,-4.66E-06
-85.279,-4.66E-06
-85.2795,-4.66E-06
-85.28,-4.66E-06
-85.2804,-4.66E-06
-85.2809,-4.66E-06
-85.2814,-4.66E-06
-85.2819,-4.66E-06
-85.2823,-4.66E-06
-85.2828,-4.66E-06
-85.2833,-4.66E-06
-85.2837,-4.66E-06
-85.2842,-4.66E-06
-85.2847,-4.66E-06
-85.2851,-4.66E-06
-85.2856,-4.66E-06
-85.2861,-4.66E-06
-85.2866,-4.66E-06
-85.287,-4.65E-06
-85.2875,-4.65E-06
-85.288,-4.65E-06
-85.2884,-4.65E-06
-85.2889,-4.65E-06
-85.2894,-4.65E-06
-85.2898,-4.65E-06
-85.2903,-4.65E-06
-85.2908,-4.65E-06
-85.2912,-4.65E-06
-85.2917,-4.65E-06
-85.2922,-4.65E-06
-85.2926,-4.65E-06
-85.2931,-4.65E-06
-85.2936,-4.65E-06
-85.294,-4.65E-06
-85.2945,-4.65E-06
-85.295,-4.65E-06
-85.2954,-4.65E-06
-85.2959,-4.65E-06
-85.2963,-4.65E-06
-85.2968,-4.65E-06
-85.2973,-4.65E-06
-85.2977,-4.65E-06
-85.2982,-4.65E-06
-85.2987,-4.64E-06
-85.2991,-4.64E-06
-85.2996,-4.64E-06
-85.3,-4.64E-06
-85.3005,-4.64E-06
-85.301,-4.64E-06
-85.3014,-4.64E-06
-85.3019,-4.64E-06
-85.3023,-4.64E-06
-85.3028,-4.64E-06
-85.3033,-4.64E-06
-85.3037,-4.64E-06
-85.3042,-4.64E-06
-85.3046,-4.64E-06
-85.3051,-4.64E-06
-85.3055,-4.64E-06
-85.306,-4.64E-06
-85.3065,-4.64E-06
-85.3069,-4.64E-06
-85.3074,-4.64E-06
-85.3078,-4.64E-06
-85.3083,-4.64E-06
-85.3087,-4.64E-06
-85.3092,-4.64E-06
-85.3097,-4.64E-06
-85.3101,-4.64E-06
-85.3106,-4.63E-06
-85.311,-4.63E-06
-85.3115,-4.63E-06
-85.3119,-4.63E-06
-85.3124,-4.63E-06
-85.3128,-4.63E-06
-85.3133,-4.63E-06
-85.3137,-4.63E-06
-85.3142,-4.63E-06
-85.3147,-4.63E-06
-85.3151,-4.63E-06
-85.3156,-4.63E-06
-85.316,-4.63E-06
-85.3165,-4.63E-06
-85.3169,-4.63E-06
-85.3174,-4.63E-06
-85.3178,-4.63E-06
-85.3183,-4.63E-06
-85.3187,-4.63E-06
-85.3192,-4.63E-06
-85.3196,-4.63E-06
-85.3201,-4.63E-06
-85.3205,-4.63E-06
-85.321,-4.63E-06
-85.3214,-4.63E-06
-85.3219,-4.62E-06
-85.3223,-4.62E-06
-85.3228,-4.62E-06
-85.3232,-4.62E-06
-85.3237,-4.62E-06
-85.3241,-4.62E-06
-85.3245,-4.62E-06
-85.325,-4.62E-06
-85.3254,-4.62E-06
-85.3259,-4.62E-06
-85.3263,-4.62E-06
-85.3268,-4.62E-06
-85.3272,-4.62E-06
-85.3277,-4.62E-06
-85.3281,-4.62E-06
-85.3286,-4.62E-06
-85.329,-4.62E-06
-85.3294,-4.62E-06
-85.3299,-4.62E-06
-85.3303,-4.62E-06
-85.3308,-4.62E-06
-85.3312,-4.62E-06
-85.3317,-4.62E-06
-85.3321,-4.62E-06
-85.3326,-4.62E-06
-85.333,-4.62E-06
-85.3334,-4.61E-06
-85.3339,-4.61E-06
-85.3343,-4.61E-06
-85.3348,-4.61E-06
-85.3352,-4.61E-06
-85.3356,-4.61E-06
-85.3361,-4.61E-06
-85.3365,-4.61E-06
-85.337,-4.61E-06
-85.3374,-4.61E-06
-85.3378,-4.61E-06
-85.3383,-4.61E-06
-85.3387,-4.61E-06
-85.3392,-4.61E-06
-85.3396,-4.61E-06
-85.34,-4.61E-06
-85.3405,-4.61E-06
-85.3409,-4.61E-06
-85.3414,-4.61E-06
-85.3418,-4.61E-06
-85.3422,-4.61E-06
-85.3427,-4.61E-06
-85.3431,-4.61E-06
-85.3435,-4.61E-06
-85.344,-4.61E-06
-85.3444,-4.61E-06
-85.3448,-4.60E-06
-85.3453,-4.60E-06
-85.3457,-4.60E-06
-85.3462,-4.60E-06
-85.3466,-4.60E-06
-85.347,-4.60E-06
-85.3475,-4.60E-06
-85.3479,-4.60E-06
-85.3483,-4.60E-06
-85.3488,-4.60E-06
-85.3492,-4.60E-06
-85.3496,-4.60E-06
-85.3501,-4.60E-06
-85.3505,-4.60E-06
-85.3509,-4.60E-06
-85.3514,-4.60E-06
-85.3518,-4.60E-06
-85.3522,-4.60E-06
-85.3527,-4.60E-06
-85.3531,-4.60E-06
-85.3535,-4.60E-06
-85.3539,-4.60E-06
-85.3544,-4.60E-06
-85.3548,-4.60E-06
-85.3552,-4.60E-06
-85.3557,-4.60E-06
-85.3561,-4.59E-06
-85.3565,-4.59E-06
-85.357,-4.59E-06
-85.3574,-4.59E-06
-85.3578,-4.59E-06
-85.3582,-4.59E-06
-85.3587,-4.59E-06
-85.3591,-4.59E-06
-85.3595,-4.59E-06
-85.36,-4.59E-06
-85.3604,-4.59E-06
-85.3608,-4.59E-06
-85.3612,-4.59E-06
-85.3617,-4.59E-06
-85.3621,-4.59E-06
-85.3625,-4.59E-06
-85.3629,-4.59E-06
-85.3634,-4.59E-06
-85.3638,-4.59E-06
-85.3642,-4.59E-06
-85.3646,-4.59E-06
-85.3651,-4.59E-06
-85.3655,-4.59E-06
-85.3659,-4.59E-06
-85.3663,-4.59E-06
-85.3668,-4.59E-06
-85.3672,-4.58E-06
-85.3676,-4.58E-06
-85.368,-4.58E-06
-85.3685,-4.58E-06
-85.3689,-4.58E-06
-85.3693,-4.58E-06
-85.3697,-4.58E-06
-85.3702,-4.58E-06
-85.3706,-4.58E-06
-85.371,-4.58E-06
-85.3714,-4.58E-06
-85.3718,-4.58E-06
-85.3723,-4.58E-06
-85.3727,-4.58E-06
-85.3731,-4.58E-06
-85.3735,-4.58E-06
-85.3739,-4.58E-06
-85.3744,-4.58E-06
-85.3748,-4.58E-06
-85.3752,-4.58E-06
-85.3756,-4.58E-06
-85.376,-4.58E-06
-85.3765,-4.58E-06
-85.3769,-4.58E-06
-85.3773,-4.58E-06
-85.3777,-4.58E-06
-85.3781,-4.58E-06
-85.3786,-4.57E-06
-85.379,-4.57E-06
-85.3794,-4.57E-06
-85.3798,-4.57E-06
-85.3802,-4.57E-06
-85.3806,-4.57E-06
-85.3811,-4.57E-06
-85.3815,-4.57E-06
-85.3819,-4.57E-06
-85.3823,-4.57E-06
-85.3827,-4.57E-06
-85.3831,-4.57E-06
-85.3836,-4.57E-06
-85.384,-4.57E-06
-85.3844,-4.57E-06
-85.3848,-4.57E-06
-85.3852,-4.57E-06
-85.3856,-4.57E-06
-85.386,-4.57E-06
-85.3865,-4.57E-06
-85.3869,-4.57E-06
-85.3873,-4.57E-06
-85.3877,-4.57E-06
-85.3881,-4.57E-06
-85.3885,-4.57E-06
-85.3889,-4.57E-06
-85.3894,-4.56E-06
-85.3898,-4.56E-06
-85.3902,-4.56E-06
-85.3906,-4.56E-06
-85.391,-4.56E-06
-85.3914,-4.56E-06
-85.3918,-4.56E-06
-85.3922,-4.56E-06
-85.3926,-4.56E-06
-85.3931,-4.56E-06
-85.3935,-4.56E-06
-85.3939,-4.56E-06
-85.3943,-4.56E-06
-85.3947,-4.56E-06
-85.3951,-4.56E-06
-85.3955,-4.56E-06
-85.3959,-4.56E-06
-85.3963,-4.56E-06
-85.3967,-4.56E-06
-85.3972,-4.56E-06
-85.3976,-4.56E-06
-85.398,-4.56E-06
-85.3984,-4.56E-06
-85.3988,-4.56E-06
-85.3992,-4.56E-06
-85.3996,-4.56E-06
-85.4,-4.56E-06
-85.4004,-4.55E-06
-85.4008,-4.55E-06
-85.4012,-4.55E-06
-85.4016,-4.55E-06
-85.402,-4.55E-06
-85.4024,-4.55E-06
-85.4028,-4.55E-06
-85.4033,-4.55E-06
-85.4037,-4.55E-06
-85.4041,-4.55E-06
-85.4045,-4.55E-06
-85.4049,-4.55E-06
-85.4053,-4.55E-06
-85.4057,-4.55E-06
-85.4061,-4.55E-06
-85.4065,-4.55E-06
-85.4069,-4.55E-06
-85.4073,-4.55E-06
-85.4077,-4.55E-06
-85.4081,-4.55E-06
-85.4085,-4.55E-06
-85.4089,-4.55E-06
-85.4093,-4.55E-06
-85.4097,-4.55E-06
-85.4101,-4.55E-06
-85.4105,-4.55E-06
-85.4109,-4.55E-06
-85.4113,-4.54E-06
-85.4117,-4.54E-06
-85.4121,-4.54E-06
-85.4125,-4.54E-06
-85.4129,-4.54E-06
-85.4133,-4.54E-06
-85.4137,-4.54E-06
-85.4141,-4.54E-06
-85.4145,-4.54E-06
-85.4149,-4.54E-06
-85.4153,-4.54E-06
-85.4157,-4.54E-06
-85.4161,-4.54E-06
-85.4165,-4.54E-06
-85.4169,-4.54E-06
-85.4173,-4.54E-06
-85.4177,-4.54E-06
-85.4181,-4.54E-06
-85.4185,-4.54E-06
-85.4189,-4.54E-06
-85.4193,-4.54E-06
-85.4197,-4.54E-06
-85.4201,-4.54E-06
-85.4205,-4.54E-06
-85.4209,-4.54E-06
-85.4213,-4.54E-06
-85.4217,-4.54E-06
-85.4221,-4.53E-06
-85.4225,-4.53E-06
-85.4229,-4.53E-06
-85.4233,-4.53E-06
-85.4237,-4.53E-06
-85.4241,-4.53E-06
-85.4245,-4.53E-06
-85.4249,-4.53E-06
-85.4253,-4.53E-06
-85.4257,-4.53E-06
-85.426,-4.53E-06
-85.4264,-4.53E-06
-85.4268,-4.53E-06
-85.4272,-4.53E-06
-85.4276,-4.53E-06
-85.428,-4.53E-06
-85.4284,-4.53E-06
-85.4288,-4.53E-06
-85.4292,-4.53E-06
-85.4296,-4.53E-06
-85.43,-4.53E-06
-85.4304,-4.53E-06
-85.4308,-4.53E-06
-85.4312,-4.53E-06
-85.4316,-4.53E-06
-85.4319,-4.53E-06
-85.4323,-4.53E-06
-85.4327,-4.52E-06
-85.4331,-4.52E-06
-85.4335,-4.52E-06
-85.4339,-4.52E-06
-85.4343,-4.52E-06
-85.4347,-4.52E-06
-85.4351,-4.52E-06
-85.4355,-4.52E-06
-85.4359,-4.52E-06
-85.4362,-4.52E-06
-85.4366,-4.52E-06
-85.437,-4.52E-06
-85.4374,-4.52E-06
-85.4378,-4.52E-06
-85.4382,-4.52E-06
-85.4386,-4.52E-06
-85.439,-4.52E-06
-85.4394,-4.52E-06
-85.4397,-4.52E-06
-85.4401,-4.52E-06
-85.4405,-4.52E-06
-85.4409,-4.52E-06
-85.4413,-4.52E-06
-85.4417,-4.52E-06
-85.4421,-4.52E-06
-85.4425,-4.52E-06
-85.4428,-4.52E-06
-85.4432,-4.51E-06
-85.4436,-4.51E-06
-85.444,-4.51E-06
-85.4444,-4.51E-06
-85.4448,-4.51E-06
-85.4452,-4.51E-06
-85.4455,-4.51E-06
-85.4459,-4.51E-06
-85.4463,-4.51E-06
-85.4467,-4.51E-06
-85.4471,-4.51E-06
-85.4475,-4.51E-06
-85.4478,-4.51E-06
-85.4482,-4.51E-06
-85.4486,-4.51E-06
-85.449,-4.51E-06
-85.4494,-4.51E-06
-85.4498,-4.51E-06
-85.4502,-4.51E-06
-85.4505,-4.51E-06
-85.4509,-4.51E-06
-85.4513,-4.51E-06
-85.4517,-4.51E-06
-85.4521,-4.51E-06
-85.4524,-4.51E-06
-85.4528,-4.51E-06
-85.4532,-4.51E-06
-85.4536,-4.51E-06
-85.454,-4.50E-06
-85.4544,-4.50E-06
-85.4547,-4.50E-06
-85.4551,-4.50E-06
-85.4555,-4.50E-06
-85.4559,-4.50E-06
-85.4563,-4.50E-06
-85.4566,-4.50E-06
-85.457,-4.50E-06
-85.4574,-4.50E-06
-85.4578,-4.50E-06
-85.4582,-4.50E-06
-85.4585,-4.50E-06
-85.4589,-4.50E-06
-85.4593,-4.50E-06
-85.4597,-4.50E-06
-85.4601,-4.50E-06
-85.4604,-4.50E-06
-85.4608,-4.50E-06
-85.4612,-4.50E-06
-85.4616,-4.50E-06
-85.4619,-4.50E-06
-85.4623,-4.50E-06
-85.4627,-4.50E-06
-85.4631,-4.50E-06
-85.4635,-4.50E-06
-85.4638,-4.50E-06
-85.4642,-4.49E-06
-85.4646,-4.49E-06
-85.465,-4.49E-06
-85.4653,-4.49E-06
-85.4657,-4.49E-06
-85.4661,-4.49E-06
-85.4665,-4.49E-06
-85.4668,-4.49E-06
-85.4672,-4.49E-06
-85.4676,-4.49E-06
-85.468,-4.49E-06
-85.4683,-4.49E-06
-85.4687,-4.49E-06
-85.4691,-4.49E-06
-85.4695,-4.49E-06
-85.4698,-4.49E-06
-85.4702,-4.49E-06
-85.4706,-4.49E-06
-85.471,-4.49E-06
-85.4713,-4.49E-06
-85.4717,-4.49E-06
-85.4721,-4.49E-06
-85.4725,-4.49E-06
-85.4728,-4.49E-06
-85.4732,-4.49E-06
-85.4736,-4.49E-06
-85.474,-4.49E-06
-85.4743,-4.49E-06
-85.4747,-4.48E-06
-85.4751,-4.48E-06
-85.4754,-4.48E-06
-85.4758,-4.48E-06
-85.4762,-4.48E-06
-85.4766,-4.48E-06
-85.4769,-4.48E-06
-85.4773,-4.48E-06
-85.4777,-4.48E-06
-85.478,-4.48E-06
-85.4784,-4.48E-06
-85.4788,-4.48E-06
-85.4792,-4.48E-06
-85.4795,-4.48E-06
-85.4799,-4.48E-06
-85.4803,-4.48E-06
-85.4806,-4.48E-06
-85.481,-4.48E-06
-85.4814,-4.48E-06
-85.4817,-4.48E-06
-85.4821,-4.48E-06
-85.4825,-4.48E-06
-85.4828,-4.48E-06
-85.4832,-4.48E-06
-85.4836,-4.48E-06
-85.484,-4.48E-06
-85.4843,-4.48E-06
-85.4847,-4.47E-06
-85.4851,-4.47E-06
-85.4854,-4.47E-06
-85.4858,-4.47E-06
-85.4862,-4.47E-06
-85.4865,-4.47E-06
-85.4869,-4.47E-06
-85.4873,-4.47E-06
-85.4876,-4.47E-06
-85.488,-4.47E-06
-85.4884,-4.47E-06
-85.4887,-4.47E-06
-85.4891,-4.47E-06
-85.4895,-4.47E-06
-85.4898,-4.47E-06
-85.4902,-4.47E-06
-85.4906,-4.47E-06
-85.4909,-4.47E-06
-85.4913,-4.47E-06
-85.4917,-4.47E-06
-85.492,-4.47E-06
-85.4924,-4.47E-06
-85.4927,-4.47E-06
-85.4931,-4.47E-06
-85.4935,-4.47E-06
-85.4938,-4.47E-06
-85.4942,-4.47E-06
-85.4946,-4.47E-06
-85.4949,-4.46E-06
-85.4953,-4.46E-06
-85.4957,-4.46E-06
-85.496,-4.46E-06
-85.4964,-4.46E-06
-85.4967,-4.46E-06
-85.4971,-4.46E-06
-85.4975,-4.46E-06
-85.4978,-4.46E-06
-85.4982,-4.46E-06
-85.4986,-4.46E-06
-85.4989,-4.46E-06
-85.4993,-4.46E-06
-85.4996,-4.46E-06
-85.5,-4.46E-06
-85.5004,-4.46E-06
-85.5007,-4.46E-06
-85.5011,-4.46E-06
-85.5014,-4.46E-06
-85.5018,-4.46E-06
-85.5022,-4.46E-06
-85.5025,-4.46E-06
-85.5029,-4.46E-06
-85.5032,-4.46E-06
-85.5036,-4.46E-06
-85.504,-4.46E-06
-85.5043,-4.46E-06
-85.5047,-4.46E-06
-85.505,-4.45E-06
-85.5054,-4.45E-06
-85.5058,-4.45E-06
-85.5061,-4.45E-06
-85.5065,-4.45E-06
-85.5068,-4.45E-06
-85.5072,-4.45E-06
-85.5076,-4.45E-06
-85.5079,-4.45E-06
-85.5083,-4.45E-06
-85.5086,-4.45E-06
-85.509,-4.45E-06
-85.5093,-4.45E-06
-85.5097,-4.45E-06
-85.5101,-4.45E-06
-85.5104,-4.45E-06
-85.5108,-4.45E-06
-85.5111,-4.45E-06
-85.5115,-4.45E-06
-85.5118,-4.45E-06
-85.5122,-4.45E-06
-85.5126,-4.45E-06
-85.5129,-4.45E-06
-85.5133,-4.45E-06
-85.5136,-4.45E-06
-85.514,-4.45E-06
-85.5143,-4.45E-06
-85.5147,-4.45E-06
-85.5151,-4.44E-06
-85.5154,-4.44E-06
-85.5158,-4.44E-06
-85.5161,-4.44E-06
-85.5165,-4.44E-06
-85.5168,-4.44E-06
-85.5172,-4.44E-06
-85.5175,-4.44E-06
-85.5179,-4.44E-06
-85.5182,-4.44E-06
-85.5186,-4.44E-06
-85.5189,-4.44E-06
-85.5193,-4.44E-06
-85.5197,-4.44E-06
-85.52,-4.44E-06
-85.5204,-4.44E-06
-85.5207,-4.44E-06
-85.5211,-4.44E-06
-85.5214,-4.44E-06
-85.5218,-4.44E-06
-85.5221,-4.44E-06
-85.5225,-4.44E-06
-85.5228,-4.44E-06
-85.5232,-4.44E-06
-85.5235,-4.44E-06
-85.5239,-4.44E-06
-85.5242,-4.44E-06
-85.5246,-4.44E-06
-85.5249,-4.43E-06
-85.5253,-4.43E-06
-85.5256,-4.43E-06
-85.526,-4.43E-06
-85.5263,-4.43E-06
-85.5267,-4.43E-06
-85.527,-4.43E-06
-85.5274,-4.43E-06
-85.5277,-4.43E-06
-85.5281,-4.43E-06
-85.5284,-4.43E-06
-85.5288,-4.43E-06
-85.5291,-4.43E-06
-85.5295,-4.43E-06
-85.5298,-4.43E-06
-85.5302,-4.43E-06
-85.5305,-4.43E-06
-85.5309,-4.43E-06
-85.5312,-4.43E-06
-85.5316,-4.43E-06
-85.5319,-4.43E-06
-85.5323,-4.43E-06
-85.5326,-4.43E-06
-85.533,-4.43E-06
-85.5333,-4.43E-06
-85.5337,-4.43E-06
-85.534,-4.43E-06
-85.5344,-4.43E-06
-85.5347,-4.42E-06
-85.5351,-4.42E-06
-85.5354,-4.42E-06
-85.5358,-4.42E-06
-85.5361,-4.42E-06
-85.5365,-4.42E-06
-85.5368,-4.42E-06
-85.5371,-4.42E-06
-85.5375,-4.42E-06
-85.5378,-4.42E-06
-85.5382,-4.42E-06
-85.5385,-4.42E-06
-85.5389,-4.42E-06
-85.5392,-4.42E-06
-85.5396,-4.42E-06
-85.5399,-4.42E-06
-85.5403,-4.42E-06
-85.5406,-4.42E-06
-85.5409,-4.42E-06
-85.5413,-4.42E-06
-85.5416,-4.42E-06
-85.542,-4.42E-06
-85.5423,-4.42E-06
-85.5427,-4.42E-06
-85.543,-4.42E-06
-85.5434,-4.42E-06
-85.5437,-4.42E-06
-85.544,-4.42E-06
-85.5444,-4.41E-06
-85.5447,-4.41E-06
-85.5451,-4.41E-06
-85.5454,-4.41E-06
-85.5458,-4.41E-06
-85.5461,-4.41E-06
-85.5464,-4.41E-06
-85.5468,-4.41E-06
-85.5471,-4.41E-06
-85.5475,-4.41E-06
-85.5478,-4.41E-06
-85.5482,-4.41E-06
-85.5485,-4.41E-06
-85.5488,-4.41E-06
-85.5492,-4.41E-06
-85.5495,-4.41E-06
-85.5499,-4.41E-06
-85.5502,-4.41E-06
-85.5506,-4.41E-06
-85.5509,-4.41E-06
-85.5512,-4.41E-06
-85.5516,-4.41E-06
-85.5519,-4.41E-06
-85.5523,-4.41E-06
-85.5526,-4.41E-06
-85.5529,-4.41E-06
-85.5533,-4.41E-06
-85.5536,-4.41E-06
-85.554,-4.40E-06
-85.5543,-4.40E-06
-85.5546,-4.40E-06
-85.555,-4.40E-06
-85.5553,-4.40E-06
-85.5557,-4.40E-06
-85.556,-4.40E-06
-85.5563,-4.40E-06
-85.5567,-4.40E-06
-85.557,-4.40E-06
-85.5574,-4.40E-06
-85.5577,-4.40E-06
-85.558,-4.40E-06
-85.5584,-4.40E-06
-85.5587,-4.40E-06
-85.559,-4.40E-06
-85.5594,-4.40E-06
-85.5597,-4.40E-06
-85.5601,-4.40E-06
-85.5604,-4.40E-06
-85.5607,-4.40E-06
-85.5611,-4.40E-06
-85.5614,-4.40E-06
-85.5617,-4.40E-06
-85.5621,-4.40E-06
-85.5624,-4.40E-06
-85.5628,-4.40E-06
-85.5631,-4.40E-06
-85.5634,-4.39E-06
-85.5638,-4.39E-06
-85.5641,-4.39E-06
-85.5644,-4.39E-06
-85.5648,-4.39E-06
-85.5651,-4.39E-06
-85.5654,-4.39E-06
-85.5658,-4.39E-06
-85.5661,-4.39E-06
-85.5664,-4.39E-06
-85.5668,-4.39E-06
-85.5671,-4.39E-06
-85.5675,-4.39E-06
-85.5678,-4.39E-06
-85.5681,-4.39E-06
-85.5685,-4.39E-06
-85.5688,-4.39E-06
-85.5691,-4.39E-06
-85.5695,-4.39E-06
-85.5698,-4.39E-06
-85.5701,-4.39E-06
-85.5705,-4.39E-06
-85.5708,-4.39E-06
-85.5711,-4.39E-06
-85.5715,-4.39E-06
-85.5718,-4.39E-06
-85.5721,-4.39E-06
-85.5725,-4.39E-06
-85.5728,-4.39E-06
-85.5731,-4.38E-06
-85.5735,-4.38E-06
-85.5738,-4.38E-06
-85.5741,-4.38E-06
-85.5745,-4.38E-06
-85.5748,-4.38E-06
-85.5751,-4.38E-06
-85.5755,-4.38E-06
-85.5758,-4.38E-06
-85.5761,-4.38E-06
-85.5764,-4.38E-06
-85.5768,-4.38E-06
-85.5771,-4.38E-06
-85.5774,-4.38E-06
-85.5778,-4.38E-06
-85.5781,-4.38E-06
-85.5784,-4.38E-06
-85.5788,-4.38E-06
-85.5791,-4.38E-06
-85.5794,-4.38E-06
-85.5798,-4.38E-06
-85.5801,-4.38E-06
-85.5804,-4.38E-06
-85.5807,-4.38E-06
-85.5811,-4.38E-06
-85.5814,-4.38E-06
-85.5817,-4.38E-06
-85.5821,-4.38E-06
-85.5824,-4.37E-06
-85.5827,-4.37E-06
-85.5831,-4.37E-06
-85.5834,-4.37E-06
-85.5837,-4.37E-06
-85.584,-4.37E-06
-85.5844,-4.37E-06
-85.5847,-4.37E-06
-85.585,-4.37E-06
-85.5854,-4.37E-06
-85.5857,-4.37E-06
-85.586,-4.37E-06
-85.5863,-4.37E-06
-85.5867,-4.37E-06
-85.587,-4.37E-06
-85.5873,-4.37E-06
-85.5876,-4.37E-06
-85.588,-4.37E-06
-85.5883,-4.37E-06
-85.5886,-4.37E-06
-85.589,-4.37E-06
-85.5893,-4.37E-06
-85.5896,-4.37E-06
-85.5899,-4.37E-06
-85.5903,-4.37E-06
-85.5906,-4.37E-06
-85.5909,-4.37E-06
-85.5912,-4.37E-06
-85.5916,-4.36E-06
-85.5919,-4.36E-06
-85.5922,-4.36E-06
-85.5925,-4.36E-06
-85.5929,-4.36E-06
-85.5932,-4.36E-06
-85.5935,-4.36E-06
-85.5938,-4.36E-06
-85.5942,-4.36E-06
-85.5945,-4.36E-06
-85.5948,-4.36E-06
-85.5951,-4.36E-06
-85.5955,-4.36E-06
-85.5958,-4.36E-06
-85.5961,-4.36E-06
-85.5964,-4.36E-06
-85.5968,-4.36E-06
-85.5971,-4.36E-06
-85.5974,-4.36E-06
-85.5977,-4.36E-06
-85.5981,-4.36E-06
-85.5984,-4.36E-06
-85.5987,-4.36E-06
-85.599,-4.36E-06
-85.5994,-4.36E-06
-85.5997,-4.36E-06
-85.6,-4.36E-06
-85.6003,-4.36E-06
-85.6007,-4.36E-06
-85.601,-4.35E-06
-85.6013,-4.35E-06
-85.6016,-4.35E-06
-85.6019,-4.35E-06
-85.6023,-4.35E-06
-85.6026,-4.35E-06
-85.6029,-4.35E-06
-85.6032,-4.35E-06
-85.6036,-4.35E-06
-85.6039,-4.35E-06
-85.6042,-4.35E-06
-85.6045,-4.35E-06
-85.6048,-4.35E-06
-85.6052,-4.35E-06
-85.6055,-4.35E-06
-85.6058,-4.35E-06
-85.6061,-4.35E-06
-85.6064,-4.35E-06
-85.6068,-4.35E-06
-85.6071,-4.35E-06
-85.6074,-4.35E-06
-85.6077,-4.35E-06
-85.608,-4.35E-06
-85.6084,-4.35E-06
-85.6087,-4.35E-06
-85.609,-4.35E-06
-85.6093,-4.35E-06
-85.6096,-4.35E-06
-85.61,-4.34E-06
-85.6103,-4.34E-06
-85.6106,-4.34E-06
-85.6109,-4.34E-06
-85.6112,-4.34E-06
-85.6116,-4.34E-06
-85.6119,-4.34E-06
-85.6122,-4.34E-06
-85.6125,-4.34E-06
-85.6128,-4.34E-06
-85.6132,-4.34E-06
-85.6135,-4.34E-06
-85.6138,-4.34E-06
-85.6141,-4.34E-06
-85.6144,-4.34E-06
-85.6147,-4.34E-06
-85.6151,-4.34E-06
-85.6154,-4.34E-06
-85.6157,-4.34E-06
-85.616,-4.34E-06
-85.6163,-4.34E-06
-85.6167,-4.34E-06
-85.617,-4.34E-06
-85.6173,-4.34E-06
-85.6176,-4.34E-06
-85.6179,-4.34E-06
-85.6182,-4.34E-06
-85.6186,-4.34E-06
-85.6189,-4.33E-06
-85.6192,-4.33E-06
-85.6195,-4.33E-06
-85.6198,-4.33E-06
-85.6201,-4.33E-06
-85.6205,-4.33E-06
-85.6208,-4.33E-06
-85.6211,-4.33E-06
-85.6214,-4.33E-06
-85.6217,-4.33E-06
-85.622,-4.33E-06
-85.6223,-4.33E-06
-85.6227,-4.33E-06
-85.623,-4.33E-06
-85.6233,-4.33E-06
-85.6236,-4.33E-06
-85.6239,-4.33E-06
-85.6242,-4.33E-06
-85.6246,-4.33E-06
-85.6249,-4.33E-06
-85.6252,-4.33E-06
-85.6255,-4.33E-06
-85.6258,-4.33E-06
-85.6261,-4.33E-06
-85.6264,-4.33E-06
-85.6268,-4.33E-06
-85.6271,-4.33E-06
-85.6274,-4.33E-06
-85.6277,-4.33E-06
-85.628,-4.32E-06
-85.6283,-4.32E-06
-85.6286,-4.32E-06
-85.6289,-4.32E-06
-85.6293,-4.32E-06
-85.6296,-4.32E-06
-85.6299,-4.32E-06
-85.6302,-4.32E-06
-85.6305,-4.32E-06
-85.6308,-4.32E-06
-85.6311,-4.32E-06
-85.6314,-4.32E-06
-85.6318,-4.32E-06
-85.6321,-4.32E-06
-85.6324,-4.32E-06
-85.6327,-4.32E-06
-85.633,-4.32E-06
-85.6333,-4.32E-06
-85.6336,-4.32E-06
-85.6339,-4.32E-06
-85.6343,-4.32E-06
-85.6346,-4.32E-06
-85.6349,-4.32E-06
-85.6352,-4.32E-06
-85.6355,-4.32E-06
-85.6358,-4.32E-06
-85.6361,-4.32E-06
-85.6364,-4.32E-06
-85.6367,-4.32E-06
-85.6371,-4.31E-06
-85.6374,-4.31E-06
-85.6377,-4.31E-06
-85.638,-4.31E-06
-85.6383,-4.31E-06
-85.6386,-4.31E-06
-85.6389,-4.31E-06
-85.6392,-4.31E-06
-85.6395,-4.31E-06
-85.6398,-4.31E-06
-85.6401,-4.31E-06
-85.6405,-4.31E-06
-85.6408,-4.31E-06
-85.6411,-4.31E-06
-85.6414,-4.31E-06
-85.6417,-4.31E-06
-85.642,-4.31E-06
-85.6423,-4.31E-06
-85.6426,-4.31E-06
-85.6429,-4.31E-06
-85.6432,-4.31E-06
-85.6435,-4.31E-06
-85.6439,-4.31E-06
-85.6442,-4.31E-06
-85.6445,-4.31E-06
-85.6448,-4.31E-06
-85.6451,-4.31E-06
-85.6454,-4.31E-06
-85.6457,-4.31E-06
-85.646,-4.30E-06
-85.6463,-4.30E-06
-85.6466,-4.30E-06
-85.6469,-4.30E-06
-85.6472,-4.30E-06
-85.6475,-4.30E-06
-85.6479,-4.30E-06
-85.6482,-4.30E-06
-85.6485,-4.30E-06
-85.6488,-4.30E-06
-85.6491,-4.30E-06
-85.6494,-4.30E-06
-85.6497,-4.30E-06
-85.65,-4.30E-06
-85.6503,-4.30E-06
-85.6506,-4.30E-06
-85.6509,-4.30E-06
-85.6512,-4.30E-06
-85.6515,-4.30E-06
-85.6518,-4.30E-06
-85.6521,-4.30E-06
-85.6524,-4.30E-06
-85.6527,-4.30E-06
-85.6531,-4.30E-06
-85.6534,-4.30E-06
-85.6537,-4.30E-06
-85.654,-4.30E-06
-85.6543,-4.30E-06
-85.6546,-4.29E-06
-85.6549,-4.29E-06
-85.6552,-4.29E-06
-85.6555,-4.29E-06
-85.6558,-4.29E-06
-85.6561,-4.29E-06
-85.6564,-4.29E-06
-85.6567,-4.29E-06
-85.657,-4.29E-06
-85.6573,-4.29E-06
-85.6576,-4.29E-06
-85.6579,-4.29E-06
-85.6582,-4.29E-06
-85.6585,-4.29E-06
-85.6588,-4.29E-06
-85.6591,-4.29E-06
-85.6594,-4.29E-06
-85.6597,-4.29E-06
-85.66,-4.29E-06
-85.6604,-4.29E-06
-85.6607,-4.29E-06
-85.661,-4.29E-06
-85.6613,-4.29E-06
-85.6616,-4.29E-06
-85.6619,-4.29E-06
-85.6622,-4.29E-06
-85.6625,-4.29E-06
-85.6628,-4.29E-06
-85.6631,-4.29E-06
-85.6634,-4.28E-06
-85.6637,-4.28E-06
-85.664,-4.28E-06
-85.6643,-4.28E-06
-85.6646,-4.28E-06
-85.6649,-4.28E-06
-85.6652,-4.28E-06
-85.6655,-4.28E-06
-85.6658,-4.28E-06
-85.6661,-4.28E-06
-85.6664,-4.28E-06
-85.6667,-4.28E-06
-85.667,-4.28E-06
-85.6673,-4.28E-06
-85.6676,-4.28E-06
-85.6679,-4.28E-06
-85.6682,-4.28E-06
-85.6685,-4.28E-06
-85.6688,-4.28E-06
-85.6691,-4.28E-06
-85.6694,-4.28E-06
-85.6697,-4.28E-06
-85.67,-4.28E-06
-85.6703,-4.28E-06
-85.6706,-4.28E-06
-85.6709,-4.28E-06
-85.6712,-4.28E-06
-85.6715,-4.28E-06
-85.6718,-4.28E-06
-85.6721,-4.27E-06
-85.6724,-4.27E-06
-85.6727,-4.27E-06
-85.673,-4.27E-06
-85.6733,-4.27E-06
-85.6736,-4.27E-06
-85.6739,-4.27E-06
-85.6742,-4.27E-06
-85.6745,-4.27E-06
-85.6748,-4.27E-06
-85.6751,-4.27E-06
-85.6754,-4.27E-06
-85.6757,-4.27E-06
-85.676,-4.27E-06
-85.6763,-4.27E-06
-85.6766,-4.27E-06
-85.6769,-4.27E-06
-85.6772,-4.27E-06
-85.6775,-4.27E-06
-85.6778,-4.27E-06
-85.6781,-4.27E-06
-85.6784,-4.27E-06
-85.6787,-4.27E-06
-85.6789,-4.27E-06
-85.6792,-4.27E-06
-85.6795,-4.27E-06
-85.6798,-4.27E-06
-85.6801,-4.27E-06
-85.6804,-4.26E-06
-85.6807,-4.26E-06
-85.681,-4.26E-06
-85.6813,-4.26E-06
-85.6816,-4.26E-06
-85.6819,-4.26E-06
-85.6822,-4.26E-06
-85.6825,-4.26E-06
-85.6828,-4.26E-06
-85.6831,-4.26E-06
-85.6834,-4.26E-06
-85.6837,-4.26E-06
-85.684,-4.26E-06
-85.6843,-4.26E-06
-85.6846,-4.26E-06
-85.6849,-4.26E-06
-85.6852,-4.26E-06
-85.6855,-4.26E-06
-85.6858,-4.26E-06
-85.6861,-4.26E-06
-85.6863,-4.26E-06
-85.6866,-4.26E-06
-85.6869,-4.26E-06
-85.6872,-4.26E-06
-85.6875,-4.26E-06
-85.6878,-4.26E-06
-85.6881,-4.26E-06
-85.6884,-4.26E-06
-85.6887,-4.26E-06
-85.689,-4.25E-06
-85.6893,-4.25E-06
-85.6896,-4.25E-06
-85.6899,-4.25E-06
-85.6902,-4.25E-06
-85.6905,-4.25E-06
-85.6908,-4.25E-06
-85.691,-4.25E-06
-85.6913,-4.25E-06
-85.6916,-4.25E-06
-85.6919,-4.25E-06
-85.6922,-4.25E-06
-85.6925,-4.25E-06
-85.6928,-4.25E-06
-85.6931,-4.25E-06
-85.6934,-4.25E-06
-85.6937,-4.25E-06
-85.694,-4.25E-06
-85.6943,-4.25E-06
-85.6946,-4.25E-06
-85.6949,-4.25E-06
-85.6951,-4.25E-06
-85.6954,-4.25E-06
-85.6957,-4.25E-06
-85.696,-4.25E-06
-85.6963,-4.25E-06
-85.6966,-4.25E-06
-85.6969,-4.25E-06
-85.6972,-4.25E-06
-85.6975,-4.24E-06
-85.6978,-4.24E-06
-85.6981,-4.24E-06
-85.6984,-4.24E-06
-85.6986,-4.24E-06
-85.6989,-4.24E-06
-85.6992,-4.24E-06
-85.6995,-4.24E-06
-85.6998,-4.24E-06
-85.7001,-4.24E-06
-85.7004,-4.24E-06
-85.7007,-4.24E-06
-85.701,-4.24E-06
-85.7013,-4.24E-06
-85.7016,-4.24E-06
-85.7018,-4.24E-06
-85.7021,-4.24E-06
-85.7024,-4.24E-06
-85.7027,-4.24E-06
-85.703,-4.24E-06
-85.7033,-4.24E-06
-85.7036,-4.24E-06
-85.7039,-4.24E-06
-85.7042,-4.24E-06
-85.7045,-4.24E-06
-85.7047,-4.24E-06
-85.705,-4.24E-06
-85.7053,-4.24E-06
-85.7056,-4.24E-06
-85.7059,-4.23E-06
-85.7062,-4.23E-06
-85.7065,-4.23E-06
-85.7068,-4.23E-06
-85.7071,-4.23E-06
-85.7073,-4.23E-06
-85.7076,-4.23E-06
-85.7079,-4.23E-06
-85.7082,-4.23E-06
-85.7085,-4.23E-06
-85.7088,-4.23E-06
-85.7091,-4.23E-06
-85.7094,-4.23E-06
-85.7096,-4.23E-06
-85.7099,-4.23E-06
-85.7102,-4.23E-06
-85.7105,-4.23E-06
-85.7108,-4.23E-06
-85.7111,-4.23E-06
-85.7114,-4.23E-06
-85.7117,-4.23E-06
-85.7119,-4.23E-06
-85.7122,-4.23E-06
-85.7125,-4.23E-06
-85.7128,-4.23E-06
-85.7131,-4.23E-06
-85.7134,-4.23E-06
-85.7137,-4.23E-06
-85.714,-4.23E-06
-85.7142,-4.23E-06
-85.7145,-4.22E-06
-85.7148,-4.22E-06
-85.7151,-4.22E-06
-85.7154,-4.22E-06
-85.7157,-4.22E-06
-85.716,-4.22E-06
-85.7162,-4.22E-06
-85.7165,-4.22E-06
-85.7168,-4.22E-06
-85.7171,-4.22E-06
-85.7174,-4.22E-06
-85.7177,-4.22E-06
-85.718,-4.22E-06
-85.7182,-4.22E-06
-85.7185,-4.22E-06
-85.7188,-4.22E-06
-85.7191,-4.22E-06
-85.7194,-4.22E-06
-85.7197,-4.22E-06
-85.72,-4.22E-06
-85.7202,-4.22E-06
-85.7205,-4.22E-06
-85.7208,-4.22E-06
-85.7211,-4.22E-06
-85.7214,-4.22E-06
-85.7217,-4.22E-06
-85.7219,-4.22E-06
-85.7222,-4.22E-06
-85.7225,-4.22E-06
-85.7228,-4.22E-06
-85.7231,-4.21E-06
-85.7234,-4.21E-06
-85.7236,-4.21E-06
-85.7239,-4.21E-06
-85.7242,-4.21E-06
-85.7245,-4.21E-06
-85.7248,-4.21E-06
-85.7251,-4.21E-06
-85.7253,-4.21E-06
-85.7256,-4.21E-06
-85.7259,-4.21E-06
-85.7262,-4.21E-06
-85.7265,-4.21E-06
-85.7268,-4.21E-06
-85.727,-4.21E-06
-85.7273,-4.21E-06
-85.7276,-4.21E-06
-85.7279,-4.21E-06
-85.7282,-4.21E-06
-85.7285,-4.21E-06
-85.7287,-4.21E-06
-85.729,-4.21E-06
-85.7293,-4.21E-06
-85.7296,-4.21E-06
-85.7299,-4.21E-06
-85.7302,-4.21E-06
-85.7304,-4.21E-06
-85.7307,-4.21E-06
-85.731,-4.21E-06
-85.7313,-4.21E-06
-85.7316,-4.20E-06
-85.7318,-4.20E-06
-85.7321,-4.20E-06
-85.7324,-4.20E-06
-85.7327,-4.20E-06
-85.733,-4.20E-06
-85.7332,-4.20E-06
-85.7335,-4.20E-06
-85.7338,-4.20E-06
-85.7341,-4.20E-06
-85.7344,-4.20E-06
-85.7347,-4.20E-06
-85.7349,-4.20E-06
-85.7352,-4.20E-06
-85.7355,-4.20E-06
-85.7358,-4.20E-06
-85.7361,-4.20E-06
-85.7363,-4.20E-06
-85.7366,-4.20E-06
-85.7369,-4.20E-06
-85.7372,-4.20E-06
-85.7375,-4.20E-06
-85.7377,-4.20E-06
-85.738,-4.20E-06
-85.7383,-4.20E-06
-85.7386,-4.20E-06
-85.7388,-4.20E-06
-85.7391,-4.20E-06
-85.7394,-4.20E-06
-85.7397,-4.19E-06
-85.74,-4.19E-06
-85.7402,-4.19E-06
-85.7405,-4.19E-06
-85.7408,-4.19E-06
-85.7411,-4.19E-06
-85.7414,-4.19E-06
-85.7416,-4.19E-06
-85.7419,-4.19E-06
-85.7422,-4.19E-06
-85.7425,-4.19E-06
-85.7428,-4.19E-06
-85.743,-4.19E-06
-85.7433,-4.19E-06
-85.7436,-4.19E-06
-85.7439,-4.19E-06
-85.7441,-4.19E-06
-85.7444,-4.19E-06
-85.7447,-4.19E-06
-85.745,-4.19E-06
-85.7453,-4.19E-06
-85.7455,-4.19E-06
-85.7458,-4.19E-06
-85.7461,-4.19E-06
-85.7464,-4.19E-06
-85.7466,-4.19E-06
-85.7469,-4.19E-06
-85.7472,-4.19E-06
-85.7475,-4.18E-06
-85.7478,-4.18E-06
-85.748,-4.18E-06
-85.7483,-4.18E-06
-85.7486,-4.18E-06
-85.7489,-4.18E-06
-85.7491,-4.18E-06
-85.7494,-4.18E-06
-85.7497,-4.18E-06
-85.75,-4.18E-06
-85.7502,-4.18E-06
-85.7505,-4.18E-06
-85.7508,-4.18E-06
-85.7511,-4.18E-06
-85.7513,-4.18E-06
-85.7516,-4.18E-06
-85.7519,-4.18E-06
-85.7522,-4.18E-06
-85.7524,-4.18E-06
-85.7527,-4.18E-06
-85.753,-4.18E-06
-85.7533,-4.18E-06
-85.7535,-4.18E-06
-85.7538,-4.18E-06
-85.7541,-4.18E-06
-85.7544,-4.18E-06
-85.7546,-4.18E-06
-85.7549,-4.18E-06
-85.7552,-4.17E-06
-85.7555,-4.17E-06
-85.7557,-4.17E-06
-85.756,-4.17E-06
-85.7563,-4.17E-06
-85.7566,-4.17E-06
-85.7568,-4.17E-06
-85.7571,-4.17E-06
-85.7574,-4.17E-06
-85.7577,-4.17E-06
-85.7579,-4.17E-06
-85.7582,-4.17E-06
-85.7585,-4.17E-06
-85.7588,-4.17E-06
-85.759,-4.17E-06
-85.7593,-4.17E-06
-85.7596,-4.17E-06
-85.7599,-4.17E-06
-85.7601,-4.17E-06
-85.7604,-4.17E-06
-85.7607,-4.17E-06
-85.761,-4.17E-06
-85.7612,-4.17E-06
-85.7615,-4.17E-06
-85.7618,-4.17E-06
-85.762,-4.17E-06
-85.7623,-4.17E-06
-85.7626,-4.16E-06
-85.7629,-4.16E-06
-85.7631,-4.16E-06
-85.7634,-4.16E-06
-85.7637,-4.16E-06
-85.764,-4.16E-06
-85.7642,-4.16E-06
-85.7645,-4.16E-06
-85.7648,-4.16E-06
-85.765,-4.16E-06
-85.7653,-4.16E-06
-85.7656,-4.16E-06
-85.7659,-4.16E-06
-85.7661,-4.16E-06
-85.7664,-4.16E-06
-85.7667,-4.16E-06
-85.7669,-4.16E-06
-85.7672,-4.16E-06
-85.7675,-4.16E-06
-85.7678,-4.16E-06
-85.768,-4.16E-06
-85.7683,-4.16E-06
-85.7686,-4.16E-06
-85.7688,-4.16E-06
-85.7691,-4.16E-06
-85.7694,-4.16E-06
-85.7697,-4.16E-06
-85.7699,-4.16E-06
-85.7702,-4.16E-06
-85.7705,-4.15E-06
-85.7707,-4.15E-06
-85.771,-4.15E-06
-85.7713,-4.15E-06
-85.7716,-4.15E-06
-85.7718,-4.15E-06
-85.7721,-4.15E-06
-85.7724,-4.15E-06
-85.7726,-4.15E-06
-85.7729,-4.15E-06
-85.7732,-4.15E-06
-85.7734,-4.15E-06
-85.7737,-4.15E-06
-85.774,-4.15E-06
-85.7743,-4.15E-06
-85.7745,-4.15E-06
-85.7748,-4.15E-06
-85.7751,-4.15E-06
-85.7753,-4.15E-06
-85.7756,-4.15E-06
-85.7759,-4.15E-06
-85.7761,-4.15E-06
-85.7764,-4.15E-06
-85.7767,-4.15E-06
-85.7769,-4.15E-06
-85.7772,-4.15E-06
-85.7775,-4.15E-06
-85.7778,-4.15E-06
-85.778,-4.15E-06
-85.7783,-4.15E-06
-85.7786,-4.15E-06
-85.7788,-4.14E-06
-85.7791,-4.14E-06
-85.7794,-4.14E-06
-85.7796,-4.14E-06
-85.7799,-4.14E-06
-85.7802,-4.14E-06
-85.7804,-4.14E-06
-85.7807,-4.14E-06
-85.781,-4.14E-06
-85.7812,-4.14E-06
-85.7815,-4.14E-06
-85.7818,-4.14E-06
-85.782,-4.14E-06
-85.7823,-4.14E-06
-85.7826,-4.14E-06
-85.7828,-4.14E-06
-85.7831,-4.14E-06
-85.7834,-4.14E-06
-85.7836,-4.14E-06
-85.7839,-4.14E-06
-85.7842,-4.14E-06
-85.7845,-4.14E-06
-85.7847,-4.14E-06
-85.785,-4.14E-06
-85.7853,-4.14E-06
-85.7855,-4.14E-06
-85.7858,-4.14E-06
-85.7861,-4.14E-06
-85.7863,-4.14E-06
-85.7866,-4.14E-06
-85.7869,-4.14E-06
-85.7871,-4.14E-06
-85.7874,-4.14E-06
-85.7876,-4.14E-06
-85.7879,-4.13E-06
-85.7882,-4.13E-06
-85.7884,-4.13E-06
-85.7887,-4.13E-06
-85.789,-4.13E-06
-85.7892,-4.13E-06
-85.7895,-4.13E-06
-85.7898,-4.13E-06
-85.79,-4.13E-06
-85.7903,-4.13E-06
-85.7906,-4.13E-06
-85.7908,-4.13E-06
-85.7911,-4.13E-06
-85.7914,-4.13E-06
-85.7916,-4.13E-06
-85.7919,-4.13E-06
-85.7922,-4.13E-06
-85.7924,-4.13E-06
-85.7927,-4.13E-06
-85.793,-4.13E-06
-85.7932,-4.13E-06
-85.7935,-4.13E-06
-85.7938,-4.13E-06
-85.794,-4.13E-06
-85.7943,-4.13E-06
-85.7945,-4.13E-06
-85.7948,-4.13E-06
-85.7951,-4.13E-06
-85.7953,-4.13E-06
-85.7956,-4.13E-06
-85.7959,-4.13E-06
-85.7961,-4.13E-06
-85.7964,-4.13E-06
-85.7967,-4.13E-06
-85.7969,-4.13E-06
-85.7972,-4.13E-06
-85.7974,-4.12E-06
-85.7977,-4.12E-06
-85.798,-4.12E-06
-85.7982,-4.12E-06
-85.7985,-4.12E-06
-85.7988,-4.12E-06
-85.799,-4.12E-06
-85.7993,-4.12E-06
-85.7996,-4.12E-06
-85.7998,-4.12E-06
-85.8001,-4.12E-06
-85.8003,-4.12E-06
-85.8006,-4.12E-06
-85.8009,-4.12E-06
-85.8011,-4.12E-06
-85.8014,-4.12E-06
-85.8017,-4.12E-06
-85.8019,-4.12E-06
-85.8022,-4.12E-06
-85.8024,-4.12E-06
-85.8027,-4.12E-06
-85.803,-4.12E-06
-85.8032,-4.12E-06
-85.8035,-4.12E-06
-85.8038,-4.12E-06
-85.804,-4.12E-06
-85.8043,-4.12E-06
-85.8045,-4.12E-06
-85.8048,-4.12E-06
-85.8051,-4.12E-06
-85.8053,-4.12E-06
-85.8056,-4.12E-06
-85.8058,-4.11E-06
-85.8061,-4.11E-06
-85.8064,-4.11E-06
-85.8066,-4.11E-06
-85.8069,-4.11E-06
-85.8072,-4.11E-06
-85.8074,-4.11E-06
-85.8077,-4.11E-06
-85.8079,-4.11E-06
-85.8082,-4.11E-06
-85.8085,-4.11E-06
-85.8087,-4.11E-06
-85.809,-4.11E-06
-85.8092,-4.11E-06
-85.8095,-4.11E-06
-85.8098,-4.11E-06
-85.81,-4.11E-06
-85.8103,-4.11E-06
-85.8105,-4.11E-06
-85.8108,-4.11E-06
-85.8111,-4.11E-06
-85.8113,-4.11E-06
-85.8116,-4.11E-06
-85.8118,-4.11E-06
-85.8121,-4.11E-06
-85.8124,-4.11E-06
-85.8126,-4.11E-06
-85.8129,-4.11E-06
-85.8131,-4.11E-06
-85.8134,-4.11E-06
-85.8137,-4.10E-06
-85.8139,-4.10E-06
-85.8142,-4.10E-06
-85.8144,-4.10E-06
-85.8147,-4.10E-06
-85.815,-4.10E-06
-85.8152,-4.10E-06
-85.8155,-4.10E-06
-85.8157,-4.10E-06
-85.816,-4.10E-06
-85.8162,-4.10E-06
-85.8165,-4.10E-06
-85.8168,-4.10E-06
-85.817,-4.10E-06
-85.8173,-4.10E-06
-85.8175,-4.10E-06
-85.8178,-4.10E-06
-85.8181,-4.10E-06
-85.8183,-4.10E-06
-85.8186,-4.10E-06
-85.8188,-4.10E-06
-85.8191,-4.10E-06
-85.8193,-4.10E-06
-85.8196,-4.10E-06
-85.8199,-4.10E-06
-85.8201,-4.10E-06
-85.8204,-4.10E-06
-85.8206,-4.10E-06
-85.8209,-4.09E-06
-85.8211,-4.09E-06
-85.8214,-4.09E-06
-85.8217,-4.09E-06
-85.8219,-4.09E-06
-85.8222,-4.09E-06
-85.8224,-4.09E-06
-85.8227,-4.09E-06
-85.8229,-4.09E-06
-85.8232,-4.09E-06
-85.8235,-4.09E-06
-85.8237,-4.09E-06
-85.824,-4.09E-06
-85.8242,-4.09E-06
-85.8245,-4.09E-06
-85.8247,-4.09E-06
-85.825,-4.09E-06
-85.8253,-4.09E-06
-85.8255,-4.09E-06
-85.8258,-4.09E-06
-85.826,-4.09E-06
-85.8263,-4.09E-06
-85.8265,-4.09E-06
-85.8268,-4.09E-06
-85.8271,-4.08E-06
-85.8273,-4.08E-06
-85.8276,-4.08E-06
-85.8278,-4.08E-06
-85.8281,-4.08E-06
-85.8283,-4.08E-06
-85.8286,-4.08E-06
-85.8288,-4.08E-06
-85.8291,-4.08E-06
-85.8294,-4.08E-06
-85.8296,-4.08E-06
-85.8299,-4.08E-06
-85.8301,-4.08E-06
-85.8304,-4.08E-06
-85.8306,-4.08E-06
-85.8309,-4.08E-06
-85.8311,-4.08E-06
-85.8314,-4.08E-06
-85.8317,-4.08E-06
-85.8319,-4.08E-06
-85.8322,-4.08E-06
-85.8324,-4.08E-06
-85.8327,-4.08E-06
-85.8329,-4.08E-06
-85.8332,-4.08E-06
-85.8334,-4.08E-06
-85.8337,-4.07E-06
-85.8339,-4.07E-06
-85.8342,-4.07E-06
-85.8344,-4.07E-06
-85.8347,-4.07E-06
-85.835,-4.07E-06
-85.8352,-4.07E-06
-85.8355,-4.07E-06
-85.8357,-4.07E-06
-85.836,-4.07E-06
-85.8362,-4.07E-06
-85.8365,-4.07E-06
-85.8367,-4.07E-06
-85.837,-4.07E-06
-85.8372,-4.07E-06
-85.8375,-4.07E-06
-85.8377,-4.07E-06
-85.838,-4.07E-06
-85.8383,-4.07E-06
-85.8385,-4.07E-06
-85.8388,-4.07E-06
-85.839,-4.07E-06
-85.8393,-4.07E-06
-85.8395,-4.07E-06
-85.8398,-4.07E-06
-85.84,-4.07E-06
-85.8403,-4.07E-06
-85.8405,-4.07E-06
-85.8408,-4.06E-06
-85.841,-4.06E-06
-85.8413,-4.06E-06
-85.8415,-4.06E-06
-85.8418,-4.06E-06
-85.842,-4.06E-06
-85.8423,-4.06E-06
-85.8425,-4.06E-06
-85.8428,-4.06E-06
-85.8431,-4.06E-06
-85.8433,-4.06E-06
-85.8436,-4.06E-06
-85.8438,-4.06E-06
-85.8441,-4.06E-06
-85.8443,-4.06E-06
-85.8446,-4.06E-06
-85.8448,-4.06E-06
-85.8451,-4.06E-06
-85.8453,-4.06E-06
-85.8456,-4.06E-06
-85.8458,-4.06E-06
-85.8461,-4.06E-06
-85.8463,-4.06E-06
-85.8466,-4.06E-06
-85.8468,-4.06E-06
-85.8471,-4.06E-06
-85.8473,-4.06E-06
-85.8476,-4.06E-06
-85.8478,-4.05E-06
-85.8481,-4.05E-06
-85.8483,-4.05E-06
-85.8486,-4.05E-06
-85.8488,-4.05E-06
-85.8491,-4.05E-06
-85.8493,-4.05E-06
-85.8496,-4.05E-06
-85.8498,-4.05E-06
-85.8501,-4.05E-06
-85.8503,-4.05E-06
-85.8506,-4.05E-06
-85.8508,-4.05E-06
-85.8511,-4.05E-06
-85.8513,-4.05E-06
-85.8516,-4.05E-06
-85.8518,-4.05E-06
-85.8521,-4.05E-06
-85.8523,-4.05E-06
-85.8526,-4.05E-06
-85.8528,-4.05E-06
-85.8531,-4.05E-06
-85.8533,-4.05E-06
-85.8536,-4.05E-06
-85.8538,-4.05E-06
-85.8541,-4.05E-06
-85.8543,-4.05E-06
-85.8546,-4.05E-06
-85.8548,-4.05E-06
-85.8551,-4.05E-06
-85.8553,-4.04E-06
-85.8556,-4.04E-06
-85.8558,-4.04E-06
-85.8561,-4.04E-06
-85.8563,-4.04E-06
-85.8566,-4.04E-06
-85.8568,-4.04E-06
-85.8571,-4.04E-06
-85.8573,-4.04E-06
-85.8576,-4.04E-06
-85.8578,-4.04E-06
-85.8581,-4.04E-06
-85.8583,-4.04E-06
-85.8586,-4.04E-06
-85.8588,-4.04E-06
-85.8591,-4.04E-06
-85.8593,-4.04E-06
-85.8595,-4.04E-06
-85.8598,-4.04E-06
-85.86,-4.04E-06
-85.8603,-4.04E-06
-85.8605,-4.04E-06
-85.8608,-4.04E-06
-85.861,-4.04E-06
-85.8613,-4.04E-06
-85.8615,-4.04E-06
-85.8618,-4.04E-06
-85.862,-4.04E-06
-85.8623,-4.04E-06
-85.8625,-4.04E-06
-85.8628,-4.04E-06
-85.863,-4.04E-06
-85.8633,-4.04E-06
-85.8635,-4.03E-06
-85.8638,-4.03E-06
-85.864,-4.03E-06
-85.8642,-4.03E-06
-85.8645,-4.03E-06
-85.8647,-4.03E-06
-85.865,-4.03E-06
-85.8652,-4.03E-06
-85.8655,-4.03E-06
-85.8657,-4.03E-06
-85.866,-4.03E-06
-85.8662,-4.03E-06
-85.8665,-4.03E-06
-85.8667,-4.03E-06
-85.867,-4.03E-06
-85.8672,-4.03E-06
-85.8675,-4.03E-06
-85.8677,-4.03E-06
-85.8679,-4.03E-06
-85.8682,-4.03E-06
-85.8684,-4.03E-06
-85.8687,-4.03E-06
-85.8689,-4.03E-06
-85.8692,-4.03E-06
-85.8694,-4.03E-06
-85.8697,-4.03E-06
-85.8699,-4.03E-06
-85.8702,-4.03E-06
-85.8704,-4.03E-06
-85.8706,-4.03E-06
-85.8709,-4.02E-06
-85.8711,-4.02E-06
-85.8714,-4.02E-06
-85.8716,-4.02E-06
-85.8719,-4.02E-06
-85.8721,-4.02E-06
-85.8724,-4.02E-06
-85.8726,-4.02E-06
-85.8729,-4.02E-06
-85.8731,-4.02E-06
-85.8733,-4.02E-06
-85.8736,-4.02E-06
-85.8738,-4.02E-06
-85.8741,-4.02E-06
-85.8743,-4.02E-06
-85.8746,-4.02E-06
-85.8748,-4.02E-06
-85.8751,-4.02E-06
-85.8753,-4.02E-06
-85.8755,-4.02E-06
-85.8758,-4.02E-06
-85.876,-4.02E-06
-85.8763,-4.02E-06
-85.8765,-4.02E-06
-85.8768,-4.02E-06
-85.877,-4.02E-06
-85.8772,-4.02E-06
-85.8775,-4.02E-06
-85.8777,-4.01E-06
-85.878,-4.01E-06
-85.8782,-4.01E-06
-85.8785,-4.01E-06
-85.8787,-4.01E-06
-85.879,-4.01E-06
-85.8792,-4.01E-06
-85.8794,-4.01E-06
-85.8797,-4.01E-06
-85.8799,-4.01E-06
-85.8802,-4.01E-06
-85.8804,-4.01E-06
-85.8807,-4.01E-06
-85.8809,-4.01E-06
-85.8811,-4.01E-06
-85.8814,-4.01E-06
-85.8816,-4.01E-06
-85.8819,-4.01E-06
-85.8821,-4.01E-06
-85.8824,-4.01E-06
-85.8826,-4.01E-06
-85.8828,-4.01E-06
-85.8831,-4.01E-06
-85.8833,-4.01E-06
-85.8836,-4.01E-06
-85.8838,-4.01E-06
-85.884,-4.01E-06
-85.8843,-4.01E-06
-85.8845,-4.00E-06
-85.8848,-4.00E-06
-85.885,-4.00E-06
-85.8853,-4.00E-06
-85.8855,-4.00E-06
-85.8857,-4.00E-06
-85.886,-4.00E-06
-85.8862,-4.00E-06
-85.8865,-4.00E-06
-85.8867,-4.00E-06
-85.8869,-4.00E-06
-85.8872,-4.00E-06
-85.8874,-4.00E-06
-85.8877,-4.00E-06
-85.8879,-4.00E-06
-85.8882,-4.00E-06
-85.8884,-4.00E-06
-85.8886,-4.00E-06
-85.8889,-4.00E-06
-85.8891,-4.00E-06
-85.8894,-4.00E-06
-85.8896,-4.00E-06
-85.8898,-4.00E-06
-85.8901,-4.00E-06
-85.8903,-4.00E-06
-85.8906,-3.99E-06
-85.8908,-3.99E-06
-85.891,-3.99E-06
-85.8913,-3.99E-06
-85.8915,-3.99E-06
-85.8918,-3.99E-06
-85.892,-3.99E-06
-85.8922,-3.99E-06
-85.8925,-3.99E-06
-85.8927,-3.99E-06
-85.893,-3.99E-06
-85.8932,-3.99E-06
-85.8934,-3.99E-06
-85.8937,-3.99E-06
-85.8939,-3.99E-06
-85.8942,-3.99E-06
-85.8944,-3.99E-06
-85.8946,-3.99E-06
-85.8949,-3.99E-06
-85.8951,-3.99E-06
-85.8954,-3.99E-06
-85.8956,-3.99E-06
-85.8958,-3.99E-06
-85.8961,-3.99E-06
-85.8963,-3.99E-06
-85.8966,-3.99E-06
-85.8968,-3.99E-06
-85.897,-3.99E-06
-85.8973,-3.98E-06
-85.8975,-3.98E-06
-85.8978,-3.98E-06
-85.898,-3.98E-06
-85.8982,-3.98E-06
-85.8985,-3.98E-06
-85.8987,-3.98E-06
-85.8989,-3.98E-06
-85.8992,-3.98E-06
-85.8994,-3.98E-06
-85.8997,-3.98E-06
-85.8999,-3.98E-06
-85.9001,-3.98E-06
-85.9004,-3.98E-06
-85.9006,-3.98E-06
-85.9009,-3.98E-06
-85.9011,-3.98E-06
-85.9013,-3.98E-06
-85.9016,-3.98E-06
-85.9018,-3.98E-06
-85.902,-3.98E-06
-85.9023,-3.98E-06
-85.9025,-3.98E-06
-85.9028,-3.98E-06
-85.903,-3.98E-06
-85.9032,-3.98E-06
-85.9035,-3.98E-06
-85.9037,-3.98E-06
-85.9039,-3.98E-06
-85.9042,-3.98E-06
-85.9044,-3.98E-06
-85.9047,-3.98E-06
-85.9049,-3.97E-06
-85.9051,-3.97E-06
-85.9054,-3.97E-06
-85.9056,-3.97E-06
-85.9058,-3.97E-06
-85.9061,-3.97E-06
-85.9063,-3.97E-06
-85.9066,-3.97E-06
-85.9068,-3.97E-06
-85.907,-3.97E-06
-85.9073,-3.97E-06
-85.9075,-3.97E-06
-85.9077,-3.97E-06
-85.908,-3.97E-06
-85.9082,-3.97E-06
-85.9084,-3.97E-06
-85.9087,-3.97E-06
-85.9089,-3.97E-06
-85.9092,-3.97E-06
-85.9094,-3.97E-06
-85.9096,-3.97E-06
-85.9099,-3.97E-06
-85.9101,-3.97E-06
-85.9103,-3.97E-06
-85.9106,-3.97E-06
-85.9108,-3.97E-06
-85.911,-3.97E-06
-85.9113,-3.97E-06
-85.9115,-3.97E-06
-85.9118,-3.97E-06
-85.912,-3.97E-06
-85.9122,-3.97E-06
-85.9125,-3.97E-06
-85.9127,-3.97E-06
-85.9129,-3.97E-06
-85.9132,-3.97E-06
-85.9134,-3.97E-06
-85.9136,-3.97E-06
-85.9139,-3.97E-06
-85.9141,-3.97E-06
-85.9143,-3.97E-06
-85.9146,-3.97E-06
-85.9148,-3.96E-06
-85.915,-3.96E-06
-85.9153,-3.96E-06
-85.9155,-3.96E-06
-85.9158,-3.96E-06
-85.916,-3.96E-06
-85.9162,-3.96E-06
-85.9165,-3.96E-06
-85.9167,-3.96E-06
-85.9169,-3.96E-06
-85.9172,-3.96E-06
-85.9174,-3.96E-06
-85.9176,-3.96E-06
-85.9179,-3.96E-06
-85.9181,-3.96E-06
-85.9183,-3.96E-06
-85.9186,-3.96E-06
-85.9188,-3.96E-06
-85.919,-3.96E-06
-85.9193,-3.96E-06
-85.9195,-3.96E-06
-85.9197,-3.96E-06
-85.92,-3.96E-06
-85.9202,-3.96E-06
-85.9204,-3.96E-06
-85.9207,-3.96E-06
-85.9209,-3.96E-06
-85.9211,-3.96E-06
-85.9214,-3.96E-06
-85.9216,-3.96E-06
-85.9218,-3.96E-06
-85.9221,-3.96E-06
-85.9223,-3.96E-06
-85.9225,-3.96E-06
-85.9228,-3.96E-06
-85.923,-3.96E-06
-85.9232,-3.96E-06
-85.9235,-3.96E-06
-85.9237,-3.96E-06
-85.9239,-3.96E-06
-85.9242,-3.96E-06
-85.9244,-3.96E-06
-85.9246,-3.96E-06
-85.9249,-3.96E-06
-85.9251,-3.96E-06
-85.9253,-3.96E-06
-85.9256,-3.96E-06
-85.9258,-3.96E-06
-85.926,-3.96E-06
-85.9263,-3.96E-06
-85.9265,-3.96E-06
-85.9267,-3.96E-06
-85.927,-3.96E-06
-85.9272,-3.96E-06
-85.9274,-3.96E-06
-85.9277,-3.96E-06
-85.9279,-3.96E-06
-85.9281,-3.96E-06
-85.9283,-3.96E-06
-85.9286,-3.96E-06
-85.9288,-3.96E-06
-85.929,-3.96E-06
-85.9293,-3.96E-06
-85.9295,-3.96E-06
-85.9297,-3.96E-06
-85.93,-3.96E-06
-85.9302,-3.95E-06
-85.9304,-3.95E-06
-85.9307,-3.95E-06
-85.9309,-3.95E-06
-85.9311,-3.95E-06
-85.9314,-3.95E-06
-85.9316,-3.95E-06
-85.9318,-3.95E-06
-85.932,-3.95E-06
-85.9323,-3.95E-06
-85.9325,-3.95E-06
-85.9327,-3.95E-06
-85.933,-3.95E-06
-85.9332,-3.95E-06
-85.9334,-3.95E-06
-85.9337,-3.95E-06
-85.9339,-3.95E-06
-85.9341,-3.95E-06
-85.9344,-3.95E-06
-85.9346,-3.95E-06
-85.9348,-3.95E-06
-85.935,-3.95E-06
-85.9353,-3.95E-06
-85.9355,-3.95E-06
-85.9357,-3.95E-06
-85.936,-3.95E-06
-85.9362,-3.95E-06
-85.9364,-3.95E-06
-85.9367,-3.95E-06
-85.9369,-3.95E-06
-85.9371,-3.95E-06
-85.9373,-3.94E-06
-85.9376,-3.94E-06
-85.9378,-3.94E-06
-85.938,-3.94E-06
-85.9383,-3.94E-06
-85.9385,-3.94E-06
-85.9387,-3.94E-06
-85.939,-3.94E-06
-85.9392,-3.94E-06
-85.9394,-3.94E-06
-85.9396,-3.94E-06
-85.9399,-3.94E-06
-85.9401,-3.94E-06
-85.9403,-3.94E-06
-85.9406,-3.94E-06
-85.9408,-3.94E-06
-85.941,-3.94E-06
-85.9412,-3.94E-06
-85.9415,-3.94E-06
-85.9417,-3.93E-06
-85.9419,-3.93E-06
-85.9422,-3.93E-06
-85.9424,-3.93E-06
-85.9426,-3.93E-06
-85.9428,-3.93E-06
-85.9431,-3.93E-06
-85.9433,-3.93E-06
-85.9435,-3.93E-06
-85.9438,-3.93E-06
-85.944,-3.93E-06
-85.9442,-3.93E-06
-85.9444,-3.93E-06
-85.9447,-3.93E-06
-85.9449,-3.93E-06
-85.9451,-3.92E-06
-85.9454,-3.92E-06
-85.9456,-3.92E-06
-85.9458,-3.92E-06
-85.946,-3.92E-06
-85.9463,-3.92E-06
-85.9465,-3.92E-06
-85.9467,-3.92E-06
-85.947,-3.92E-06
-85.9472,-3.92E-06
-85.9474,-3.92E-06
-85.9476,-3.92E-06
-85.9479,-3.92E-06
-85.9481,-3.92E-06
-85.9483,-3.92E-06
-85.9485,-3.92E-06
-85.9488,-3.92E-06
-85.949,-3.92E-06
-85.9492,-3.91E-06
-85.9495,-3.91E-06
-85.9497,-3.91E-06
-85.9499,-3.91E-06
-85.9501,-3.91E-06
-85.9504,-3.91E-06
-85.9506,-3.91E-06
-85.9508,-3.91E-06
-85.951,-3.91E-06
-85.9513,-3.91E-06
-85.9515,-3.91E-06
-85.9517,-3.91E-06
-85.952,-3.91E-06
-85.9522,-3.91E-06
-85.9524,-3.91E-06
-85.9526,-3.91E-06
-85.9529,-3.91E-06
-85.9531,-3.91E-06
-85.9533,-3.91E-06
-85.9535,-3.91E-06
-85.9538,-3.91E-06
-85.954,-3.91E-06
-85.9542,-3.91E-06
-85.9544,-3.91E-06
-85.9547,-3.91E-06
-85.9549,-3.91E-06
-85.9551,-3.91E-06
-85.9553,-3.91E-06
-85.9556,-3.91E-06
-85.9558,-3.91E-06
-85.956,-3.91E-06
-85.9562,-3.91E-06
-85.9565,-3.91E-06
-85.9567,-3.91E-06
-85.9569,-3.91E-06
-85.9571,-3.91E-06
-85.9574,-3.91E-06
-85.9576,-3.91E-06
-85.9578,-3.91E-06
-85.9581,-3.91E-06
-85.9583,-3.91E-06
-85.9585,-3.91E-06
-85.9587,-3.91E-06
-85.959,-3.91E-06
-85.9592,-3.91E-06
-85.9594,-3.91E-06
-85.9596,-3.91E-06
-85.9599,-3.91E-06
-85.9601,-3.91E-06
-85.9603,-3.91E-06
-85.9605,-3.91E-06
-85.9607,-3.91E-06
-85.961,-3.91E-06
-85.9612,-3.90E-06
-85.9614,-3.90E-06
-85.9616,-3.90E-06
-85.9619,-3.90E-06
-85.9621,-3.90E-06
-85.9623,-3.90E-06
-85.9625,-3.90E-06
-85.9628,-3.90E-06
-85.963,-3.90E-06
-85.9632,-3.90E-06
-85.9634,-3.90E-06
-85.9637,-3.90E-06
-85.9639,-3.90E-06
-85.9641,-3.90E-06
-85.9643,-3.90E-06
-85.9646,-3.90E-06
-85.9648,-3.90E-06
-85.965,-3.90E-06
-85.9652,-3.90E-06
-85.9655,-3.90E-06
-85.9657,-3.90E-06
-85.9659,-3.90E-06
-85.9661,-3.90E-06
-85.9663,-3.90E-06
-85.9666,-3.90E-06
-85.9668,-3.90E-06
-85.967,-3.89E-06
-85.9672,-3.89E-06
-85.9675,-3.89E-06
-85.9677,-3.89E-06
-85.9679,-3.89E-06
-85.9681,-3.89E-06
-85.9684,-3.89E-06
-85.9686,-3.89E-06
-85.9688,-3.89E-06
-85.969,-3.89E-06
-85.9692,-3.89E-06
-85.9695,-3.89E-06
-85.9697,-3.89E-06
-85.9699,-3.89E-06
-85.9701,-3.89E-06
-85.9704,-3.89E-06
-85.9706,-3.89E-06
-85.9708,-3.89E-06
-85.971,-3.89E-06
-85.9713,-3.89E-06
-85.9715,-3.89E-06
-85.9717,-3.89E-06
-85.9719,-3.89E-06
-85.9721,-3.89E-06
-85.9724,-3.89E-06
-85.9726,-3.89E-06
-85.9728,-3.89E-06
-85.973,-3.88E-06
-85.9732,-3.88E-06
-85.9735,-3.88E-06
-85.9737,-3.88E-06
-85.9739,-3.88E-06
-85.9741,-3.88E-06
-85.9744,-3.88E-06
-85.9746,-3.88E-06
-85.9748,-3.88E-06
-85.975,-3.88E-06
-85.9752,-3.88E-06
-85.9755,-3.88E-06
-85.9757,-3.88E-06
-85.9759,-3.88E-06
-85.9761,-3.88E-06
-85.9764,-3.88E-06
-85.9766,-3.88E-06
-85.9768,-3.88E-06
-85.977,-3.88E-06
-85.9772,-3.88E-06
-85.9775,-3.88E-06
-85.9777,-3.88E-06
-85.9779,-3.88E-06
-85.9781,-3.88E-06
-85.9783,-3.88E-06
-85.9786,-3.88E-06
-85.9788,-3.88E-06
-85.979,-3.88E-06
-85.9792,-3.88E-06
-85.9794,-3.88E-06
-85.9797,-3.88E-06
-85.9799,-3.88E-06
-85.9801,-3.88E-06
-85.9803,-3.88E-06
-85.9805,-3.88E-06
-85.9808,-3.88E-06
-85.981,-3.88E-06
-85.9812,-3.88E-06
-85.9814,-3.88E-06
-85.9816,-3.88E-06
-85.9819,-3.88E-06
-85.9821,-3.88E-06
-85.9823,-3.87E-06
-85.9825,-3.87E-06
-85.9827,-3.87E-06
-85.983,-3.87E-06
-85.9832,-3.87E-06
-85.9834,-3.87E-06
-85.9836,-3.87E-06
-85.9838,-3.87E-06
-85.9841,-3.87E-06
-85.9843,-3.87E-06
-85.9845,-3.87E-06
-85.9847,-3.87E-06
-85.9849,-3.87E-06
-85.9852,-3.87E-06
-85.9854,-3.87E-06
-85.9856,-3.87E-06
-85.9858,-3.87E-06
-85.986,-3.87E-06
-85.9863,-3.87E-06
-85.9865,-3.87E-06
-85.9867,-3.87E-06
-85.9869,-3.87E-06
-85.9871,-3.87E-06
-85.9873,-3.87E-06
-85.9876,-3.87E-06
-85.9878,-3.87E-06
-85.988,-3.87E-06
-85.9882,-3.87E-06
-85.9884,-3.87E-06
-85.9887,-3.87E-06
-85.9889,-3.86E-06
-85.9891,-3.86E-06
-85.9893,-3.86E-06
-85.9895,-3.86E-06
-85.9898,-3.86E-06
-85.99,-3.86E-06
-85.9902,-3.86E-06
-85.9904,-3.86E-06
-85.9906,-3.86E-06
-85.9908,-3.86E-06
-85.9911,-3.86E-06
-85.9913,-3.86E-06
-85.9915,-3.86E-06
-85.9917,-3.86E-06
-85.9919,-3.86E-06
-85.9922,-3.86E-06
-85.9924,-3.86E-06
-85.9926,-3.86E-06
-85.9928,-3.86E-06
-85.993,-3.86E-06
-85.9932,-3.86E-06
-85.9935,-3.86E-06
-85.9937,-3.86E-06
-85.9939,-3.86E-06
-85.9941,-3.86E-06
-85.9943,-3.86E-06
-85.9945,-3.86E-06
-85.9948,-3.86E-06
-85.995,-3.86E-06
-85.9952,-3.86E-06
-85.9954,-3.86E-06
-85.9956,-3.86E-06
-85.9958,-3.85E-06
-85.9961,-3.85E-06
-85.9963,-3.85E-06
-85.9965,-3.85E-06
-85.9967,-3.85E-06
-85.9969,-3.85E-06
-85.9971,-3.85E-06
-85.9974,-3.85E-06
-85.9976,-3.85E-06
-85.9978,-3.85E-06
-85.998,-3.85E-06
-85.9982,-3.85E-06
-85.9984,-3.85E-06
-85.9987,-3.84E-06
-85.9989,-3.84E-06
-85.9991,-3.84E-06
-85.9993,-3.84E-06
-85.9995,-3.84E-06
-85.9997,-3.84E-06
-86,-3.84E-06
-86.0002,-3.84E-06
-86.0004,-3.84E-06
-86.0006,-3.84E-06
-86.0008,-3.84E-06
-86.001,-3.84E-06
-86.0013,-3.84E-06
-86.0015,-3.84E-06
-86.0017,-3.84E-06
-86.0019,-3.84E-06
-86.0021,-3.84E-06
-86.0023,-3.84E-06
-86.0026,-3.84E-06
-86.0028,-3.84E-06
-86.003,-3.84E-06
-86.0032,-3.84E-06
-86.0034,-3.84E-06
-86.0036,-3.84E-06
-86.0038,-3.84E-06
-86.0041,-3.84E-06
-86.0043,-3.84E-06
-86.0045,-3.84E-06
-86.0047,-3.84E-06
-86.0049,-3.84E-06
-86.0051,-3.84E-06
-86.0053,-3.84E-06
-86.0056,-3.84E-06
-86.0058,-3.84E-06
-86.006,-3.84E-06
-86.0062,-3.84E-06
-86.0064,-3.84E-06
-86.0066,-3.84E-06
-86.0069,-3.84E-06
-86.0071,-3.84E-06
-86.0073,-3.84E-06
-86.0075,-3.84E-06
-86.0077,-3.84E-06
-86.0079,-3.84E-06
-86.0081,-3.84E-06
-86.0084,-3.84E-06
-86.0086,-3.84E-06
-86.0088,-3.84E-06
-86.009,-3.84E-06
-86.0092,-3.83E-06
-86.0094,-3.83E-06
-86.0096,-3.83E-06
-86.0099,-3.83E-06
-86.0101,-3.83E-06
-86.0103,-3.83E-06
-86.0105,-3.83E-06
-86.0107,-3.83E-06
-86.0109,-3.83E-06
-86.0111,-3.83E-06
-86.0113,-3.83E-06
-86.0116,-3.83E-06
-86.0118,-3.83E-06
-86.012,-3.83E-06
-86.0122,-3.83E-06
-86.0124,-3.83E-06
-86.0126,-3.83E-06
-86.0128,-3.83E-06
-86.0131,-3.83E-06
-86.0133,-3.83E-06
-86.0135,-3.83E-06
-86.0137,-3.83E-06
-86.0139,-3.83E-06
-86.0141,-3.83E-06
-86.0143,-3.83E-06
-86.0145,-3.83E-06
-86.0148,-3.83E-06
-86.015,-3.83E-06
-86.0152,-3.83E-06
-86.0154,-3.83E-06
-86.0156,-3.83E-06
-86.0158,-3.83E-06
-86.016,-3.83E-06
-86.0163,-3.82E-06
-86.0165,-3.82E-06
-86.0167,-3.82E-06
-86.0169,-3.82E-06
-86.0171,-3.82E-06
-86.0173,-3.82E-06
-86.0175,-3.82E-06
-86.0177,-3.82E-06
-86.0179,-3.82E-06
-86.0182,-3.82E-06
-86.0184,-3.82E-06
-86.0186,-3.82E-06
-86.0188,-3.82E-06
-86.019,-3.82E-06
-86.0192,-3.82E-06
-86.0194,-3.82E-06
-86.0196,-3.82E-06
-86.0199,-3.82E-06
-86.0201,-3.82E-06
-86.0203,-3.82E-06
-86.0205,-3.82E-06
-86.0207,-3.82E-06
-86.0209,-3.82E-06
-86.0211,-3.82E-06
-86.0213,-3.82E-06
-86.0216,-3.82E-06
-86.0218,-3.82E-06
-86.022,-3.82E-06
-86.0222,-3.82E-06
-86.0224,-3.82E-06
-86.0226,-3.82E-06
-86.0228,-3.81E-06
-86.023,-3.81E-06
-86.0232,-3.81E-06
-86.0235,-3.81E-06
-86.0237,-3.81E-06
-86.0239,-3.81E-06
-86.0241,-3.81E-06
-86.0243,-3.81E-06
-86.0245,-3.81E-06
-86.0247,-3.81E-06
-86.0249,-3.81E-06
-86.0251,-3.81E-06
-86.0254,-3.81E-06
-86.0256,-3.81E-06
-86.0258,-3.81E-06
-86.026,-3.81E-06
-86.0262,-3.81E-06
-86.0264,-3.81E-06
-86.0266,-3.81E-06
-86.0268,-3.81E-06
-86.027,-3.81E-06
-86.0272,-3.81E-06
-86.0275,-3.81E-06
-86.0277,-3.81E-06
-86.0279,-3.81E-06
-86.0281,-3.81E-06
-86.0283,-3.81E-06
-86.0285,-3.81E-06
-86.0287,-3.81E-06
-86.0289,-3.81E-06
-86.0291,-3.81E-06
-86.0293,-3.81E-06
-86.0296,-3.81E-06
-86.0298,-3.80E-06
-86.03,-3.80E-06
-86.0302,-3.80E-06
-86.0304,-3.80E-06
-86.0306,-3.80E-06
-86.0308,-3.80E-06
-86.031,-3.80E-06
-86.0312,-3.80E-06
-86.0314,-3.80E-06
-86.0317,-3.80E-06
-86.0319,-3.80E-06
-86.0321,-3.80E-06
-86.0323,-3.80E-06
-86.0325,-3.80E-06
-86.0327,-3.80E-06
-86.0329,-3.80E-06
-86.0331,-3.80E-06
-86.0333,-3.80E-06
-86.0335,-3.80E-06
-86.0337,-3.80E-06
-86.034,-3.80E-06
-86.0342,-3.80E-06
-86.0344,-3.80E-06
-86.0346,-3.80E-06
-86.0348,-3.80E-06
-86.035,-3.80E-06
-86.0352,-3.80E-06
-86.0354,-3.80E-06
-86.0356,-3.80E-06
-86.0358,-3.80E-06
-86.036,-3.80E-06
-86.0362,-3.80E-06
-86.0365,-3.80E-06
-86.0367,-3.79E-06
-86.0369,-3.79E-06
-86.0371,-3.79E-06
-86.0373,-3.79E-06
-86.0375,-3.79E-06
-86.0377,-3.79E-06
-86.0379,-3.79E-06
-86.0381,-3.79E-06
-86.0383,-3.79E-06
-86.0385,-3.79E-06
-86.0387,-3.79E-06
-86.039,-3.79E-06
-86.0392,-3.79E-06
-86.0394,-3.79E-06
-86.0396,-3.79E-06
-86.0398,-3.79E-06
-86.04,-3.79E-06
-86.0402,-3.79E-06
-86.0404,-3.79E-06
-86.0406,-3.79E-06
-86.0408,-3.79E-06
-86.041,-3.79E-06
-86.0412,-3.79E-06
-86.0414,-3.79E-06
-86.0417,-3.79E-06
-86.0419,-3.79E-06
-86.0421,-3.79E-06
-86.0423,-3.79E-06
-86.0425,-3.79E-06
-86.0427,-3.79E-06
-86.0429,-3.79E-06
-86.0431,-3.79E-06
-86.0433,-3.79E-06
-86.0435,-3.79E-06
-86.0437,-3.78E-06
-86.0439,-3.78E-06
-86.0441,-3.78E-06
-86.0443,-3.78E-06
-86.0445,-3.78E-06
-86.0448,-3.78E-06
-86.045,-3.78E-06
-86.0452,-3.78E-06
-86.0454,-3.78E-06
-86.0456,-3.78E-06
-86.0458,-3.78E-06
-86.046,-3.78E-06
-86.0462,-3.78E-06
-86.0464,-3.78E-06
-86.0466,-3.78E-06
-86.0468,-3.78E-06
-86.047,-3.78E-06
-86.0472,-3.78E-06
-86.0474,-3.78E-06
-86.0476,-3.78E-06
-86.0478,-3.78E-06
-86.0481,-3.78E-06
-86.0483,-3.78E-06
-86.0485,-3.78E-06
-86.0487,-3.78E-06
-86.0489,-3.78E-06
-86.0491,-3.78E-06
-86.0493,-3.78E-06
-86.0495,-3.78E-06
-86.0497,-3.78E-06
-86.0499,-3.78E-06
-86.0501,-3.78E-06
-86.0503,-3.78E-06
-86.0505,-3.77E-06
-86.0507,-3.77E-06
-86.0509,-3.77E-06
-86.0511,-3.77E-06
-86.0513,-3.77E-06
-86.0516,-3.77E-06
-86.0518,-3.77E-06
-86.052,-3.77E-06
-86.0522,-3.77E-06
-86.0524,-3.77E-06
-86.0526,-3.77E-06
-86.0528,-3.77E-06
-86.053,-3.77E-06
-86.0532,-3.77E-06
-86.0534,-3.77E-06
-86.0536,-3.77E-06
-86.0538,-3.77E-06
-86.054,-3.77E-06
-86.0542,-3.77E-06
-86.0544,-3.77E-06
-86.0546,-3.77E-06
-86.0548,-3.77E-06
-86.055,-3.77E-06
-86.0552,-3.77E-06
-86.0554,-3.77E-06
-86.0556,-3.77E-06
-86.0559,-3.77E-06
-86.0561,-3.77E-06
-86.0563,-3.77E-06
-86.0565,-3.77E-06
-86.0567,-3.77E-06
-86.0569,-3.77E-06
-86.0571,-3.77E-06
-86.0573,-3.77E-06
-86.0575,-3.76E-06
-86.0577,-3.76E-06
-86.0579,-3.76E-06
-86.0581,-3.76E-06
-86.0583,-3.76E-06
-86.0585,-3.76E-06
-86.0587,-3.76E-06
-86.0589,-3.76E-06
-86.0591,-3.76E-06
-86.0593,-3.76E-06
-86.0595,-3.76E-06
-86.0597,-3.76E-06
-86.0599,-3.76E-06
-86.0601,-3.76E-06
-86.0603,-3.76E-06
-86.0605,-3.76E-06
-86.0607,-3.76E-06
-86.0609,-3.76E-06
-86.0611,-3.76E-06
-86.0614,-3.76E-06
-86.0616,-3.76E-06
-86.0618,-3.76E-06
-86.062,-3.76E-06
-86.0622,-3.76E-06
-86.0624,-3.76E-06
-86.0626,-3.76E-06
-86.0628,-3.76E-06
-86.063,-3.76E-06
-86.0632,-3.76E-06
-86.0634,-3.76E-06
-86.0636,-3.76E-06
-86.0638,-3.76E-06
-86.064,-3.76E-06
-86.0642,-3.76E-06
-86.0644,-3.75E-06
-86.0646,-3.75E-06
-86.0648,-3.75E-06
-86.065,-3.75E-06
-86.0652,-3.75E-06
-86.0654,-3.75E-06
-86.0656,-3.75E-06
-86.0658,-3.75E-06
-86.066,-3.75E-06
-86.0662,-3.75E-06
-86.0664,-3.75E-06
-86.0666,-3.75E-06
-86.0668,-3.75E-06
-86.067,-3.75E-06
-86.0672,-3.75E-06
-86.0674,-3.75E-06
-86.0676,-3.75E-06
-86.0678,-3.75E-06
-86.068,-3.75E-06
-86.0682,-3.75E-06
-86.0684,-3.75E-06
-86.0686,-3.75E-06
-86.0688,-3.75E-06
-86.069,-3.75E-06
-86.0692,-3.75E-06
-86.0694,-3.75E-06
-86.0696,-3.75E-06
-86.0698,-3.75E-06
-86.0701,-3.75E-06
-86.0703,-3.75E-06
-86.0705,-3.75E-06
-86.0707,-3.75E-06
-86.0709,-3.75E-06
-86.0711,-3.75E-06
-86.0713,-3.74E-06
-86.0715,-3.74E-06
-86.0717,-3.74E-06
-86.0719,-3.74E-06
-86.0721,-3.74E-06
-86.0723,-3.74E-06
-86.0725,-3.74E-06
-86.0727,-3.74E-06
-86.0729,-3.74E-06
-86.0731,-3.74E-06
-86.0733,-3.74E-06
-86.0735,-3.74E-06
-86.0737,-3.74E-06
-86.0739,-3.74E-06
-86.0741,-3.74E-06
-86.0743,-3.74E-06
-86.0745,-3.74E-06
-86.0747,-3.74E-06
-86.0749,-3.74E-06
-86.0751,-3.74E-06
-86.0753,-3.74E-06
-86.0755,-3.74E-06
-86.0757,-3.74E-06
-86.0759,-3.74E-06
-86.0761,-3.74E-06
-86.0763,-3.74E-06
-86.0765,-3.74E-06
-86.0767,-3.74E-06
-86.0769,-3.74E-06
-86.0771,-3.74E-06
-86.0773,-3.74E-06
-86.0775,-3.74E-06
-86.0777,-3.74E-06
-86.0779,-3.74E-06
-86.0781,-3.73E-06
-86.0783,-3.73E-06
-86.0785,-3.73E-06
-86.0787,-3.73E-06
-86.0789,-3.73E-06
-86.0791,-3.73E-06
-86.0793,-3.73E-06
-86.0795,-3.73E-06
-86.0797,-3.73E-06
-86.0799,-3.73E-06
-86.0801,-3.73E-06
-86.0803,-3.73E-06
-86.0805,-3.73E-06
-86.0807,-3.73E-06
-86.0809,-3.73E-06
-86.0811,-3.73E-06
-86.0813,-3.73E-06
-86.0815,-3.73E-06
-86.0817,-3.73E-06
-86.0819,-3.73E-06
-86.0821,-3.73E-06
-86.0823,-3.73E-06
-86.0825,-3.73E-06
-86.0827,-3.73E-06
-86.0829,-3.73E-06
-86.0831,-3.73E-06
-86.0833,-3.73E-06
-86.0835,-3.73E-06
-86.0837,-3.73E-06
-86.0839,-3.73E-06
-86.084,-3.73E-06
-86.0842,-3.73E-06
-86.0844,-3.73E-06
-86.0846,-3.73E-06
-86.0848,-3.72E-06
-86.085,-3.72E-06
-86.0852,-3.72E-06
-86.0854,-3.72E-06
-86.0856,-3.72E-06
-86.0858,-3.72E-06
-86.086,-3.72E-06
-86.0862,-3.72E-06
-86.0864,-3.72E-06
-86.0866,-3.72E-06
-86.0868,-3.72E-06
-86.087,-3.72E-06
-86.0872,-3.72E-06
-86.0874,-3.72E-06
-86.0876,-3.72E-06
-86.0878,-3.72E-06
-86.088,-3.72E-06
-86.0882,-3.72E-06
-86.0884,-3.72E-06
-86.0886,-3.72E-06
-86.0888,-3.72E-06
-86.089,-3.72E-06
-86.0892,-3.72E-06
-86.0894,-3.72E-06
-86.0896,-3.72E-06
-86.0898,-3.72E-06
-86.09,-3.72E-06
-86.0902,-3.72E-06
-86.0904,-3.72E-06
-86.0906,-3.72E-06
-86.0908,-3.72E-06
-86.091,-3.72E-06
-86.0912,-3.72E-06
-86.0914,-3.72E-06
-86.0916,-3.72E-06
-86.0918,-3.71E-06
-86.092,-3.71E-06
-86.0922,-3.71E-06
-86.0924,-3.71E-06
-86.0925,-3.71E-06
-86.0927,-3.71E-06
-86.0929,-3.71E-06
-86.0931,-3.71E-06
-86.0933,-3.71E-06
-86.0935,-3.71E-06
-86.0937,-3.71E-06
-86.0939,-3.71E-06
-86.0941,-3.71E-06
-86.0943,-3.71E-06
-86.0945,-3.71E-06
-86.0947,-3.71E-06
-86.0949,-3.71E-06
-86.0951,-3.71E-06
-86.0953,-3.71E-06
-86.0955,-3.71E-06
-86.0957,-3.71E-06
-86.0959,-3.71E-06
-86.0961,-3.71E-06
-86.0963,-3.71E-06
-86.0965,-3.71E-06
-86.0967,-3.71E-06
-86.0969,-3.71E-06
-86.0971,-3.71E-06
-86.0973,-3.71E-06
-86.0975,-3.71E-06
-86.0977,-3.71E-06
-86.0978,-3.71E-06
-86.098,-3.71E-06
-86.0982,-3.71E-06
-86.0984,-3.70E-06
-86.0986,-3.70E-06
-86.0988,-3.70E-06
-86.099,-3.70E-06
-86.0992,-3.70E-06
-86.0994,-3.70E-06
-86.0996,-3.70E-06
-86.0998,-3.70E-06
-86.1,-3.70E-06
-86.1002,-3.70E-06
-86.1004,-3.70E-06
-86.1006,-3.70E-06
-86.1008,-3.70E-06
-86.101,-3.70E-06
-86.1012,-3.70E-06
-86.1014,-3.70E-06
-86.1016,-3.70E-06
-86.1018,-3.70E-06
-86.102,-3.70E-06
-86.1021,-3.70E-06
-86.1023,-3.70E-06
-86.1025,-3.70E-06
-86.1027,-3.70E-06
-86.1029,-3.70E-06
-86.1031,-3.70E-06
-86.1033,-3.70E-06
-86.1035,-3.70E-06
-86.1037,-3.70E-06
-86.1039,-3.70E-06
-86.1041,-3.70E-06
-86.1043,-3.70E-06
-86.1045,-3.70E-06
-86.1047,-3.70E-06
-86.1049,-3.70E-06
-86.1051,-3.69E-06
-86.1053,-3.69E-06
-86.1055,-3.69E-06
-86.1056,-3.69E-06
-86.1058,-3.69E-06
-86.106,-3.69E-06
-86.1062,-3.69E-06
-86.1064,-3.69E-06
-86.1066,-3.69E-06
-86.1068,-3.69E-06
-86.107,-3.69E-06
-86.1072,-3.69E-06
-86.1074,-3.69E-06
-86.1076,-3.69E-06
-86.1078,-3.69E-06
-86.108,-3.69E-06
-86.1082,-3.69E-06
-86.1084,-3.69E-06
-86.1086,-3.69E-06
-86.1088,-3.69E-06
-86.1089,-3.69E-06
-86.1091,-3.69E-06
-86.1093,-3.69E-06
-86.1095,-3.69E-06
-86.1097,-3.69E-06
-86.1099,-3.69E-06
-86.1101,-3.69E-06
-86.1103,-3.69E-06
-86.1105,-3.69E-06
-86.1107,-3.69E-06
-86.1109,-3.69E-06
-86.1111,-3.69E-06
-86.1113,-3.69E-06
-86.1115,-3.69E-06
-86.1116,-3.69E-06
-86.1118,-3.68E-06
-86.112,-3.68E-06
-86.1122,-3.68E-06
-86.1124,-3.68E-06
-86.1126,-3.68E-06
-86.1128,-3.68E-06
-86.113,-3.68E-06
-86.1132,-3.68E-06
-86.1134,-3.68E-06
-86.1136,-3.68E-06
-86.1138,-3.68E-06
-86.114,-3.68E-06
-86.1142,-3.68E-06
-86.1143,-3.68E-06
-86.1145,-3.68E-06
-86.1147,-3.68E-06
-86.1149,-3.68E-06
-86.1151,-3.68E-06
-86.1153,-3.68E-06
-86.1155,-3.68E-06
-86.1157,-3.68E-06
-86.1159,-3.68E-06
-86.1161,-3.68E-06
-86.1163,-3.68E-06
-86.1165,-3.68E-06
-86.1167,-3.68E-06
-86.1168,-3.68E-06
-86.117,-3.68E-06
-86.1172,-3.68E-06
-86.1174,-3.68E-06
-86.1176,-3.68E-06
-86.1178,-3.68E-06
-86.118,-3.68E-06
-86.1182,-3.68E-06
-86.1184,-3.68E-06
-86.1186,-3.67E-06
-86.1188,-3.67E-06
-86.119,-3.67E-06
-86.1191,-3.67E-06
-86.1193,-3.67E-06
-86.1195,-3.67E-06
-86.1197,-3.67E-06
-86.1199,-3.67E-06
-86.1201,-3.67E-06
-86.1203,-3.67E-06
-86.1205,-3.67E-06
-86.1207,-3.67E-06
-86.1209,-3.67E-06
-86.1211,-3.67E-06
-86.1213,-3.67E-06
-86.1214,-3.67E-06
-86.1216,-3.67E-06
-86.1218,-3.67E-06
-86.122,-3.67E-06
-86.1222,-3.67E-06
-86.1224,-3.67E-06
-86.1226,-3.67E-06
-86.1228,-3.67E-06
-86.123,-3.67E-06
-86.1232,-3.67E-06
-86.1234,-3.67E-06
-86.1235,-3.67E-06
-86.1237,-3.67E-06
-86.1239,-3.67E-06
-86.1241,-3.67E-06
-86.1243,-3.67E-06
-86.1245,-3.67E-06
-86.1247,-3.67E-06
-86.1249,-3.67E-06
-86.1251,-3.67E-06
-86.1253,-3.67E-06
-86.1254,-3.66E-06
-86.1256,-3.66E-06
-86.1258,-3.66E-06
-86.126,-3.66E-06
-86.1262,-3.66E-06
-86.1264,-3.66E-06
-86.1266,-3.66E-06
-86.1268,-3.66E-06
-86.127,-3.66E-06
-86.1272,-3.66E-06
-86.1273,-3.66E-06
-86.1275,-3.66E-06
-86.1277,-3.66E-06
-86.1279,-3.66E-06
-86.1281,-3.66E-06
-86.1283,-3.66E-06
-86.1285,-3.66E-06
-86.1287,-3.66E-06
-86.1289,-3.66E-06
-86.1291,-3.66E-06
-86.1292,-3.66E-06
-86.1294,-3.66E-06
-86.1296,-3.66E-06
-86.1298,-3.66E-06
-86.13,-3.66E-06
-86.1302,-3.66E-06
-86.1304,-3.66E-06
-86.1306,-3.66E-06
-86.1308,-3.66E-06
-86.1309,-3.66E-06
-86.1311,-3.66E-06
-86.1313,-3.66E-06
-86.1315,-3.66E-06
-86.1317,-3.66E-06
-86.1319,-3.66E-06
-86.1321,-3.66E-06
-86.1323,-3.66E-06
-86.1325,-3.66E-06
-86.1326,-3.65E-06
-86.1328,-3.65E-06
-86.133,-3.65E-06
-86.1332,-3.65E-06
-86.1334,-3.65E-06
-86.1336,-3.65E-06
-86.1338,-3.65E-06
-86.134,-3.65E-06
-86.1342,-3.65E-06
-86.1343,-3.65E-06
-86.1345,-3.65E-06
-86.1347,-3.65E-06
-86.1349,-3.65E-06
-86.1351,-3.65E-06
-86.1353,-3.65E-06
-86.1355,-3.65E-06
-86.1357,-3.65E-06
-86.1359,-3.65E-06
-86.136,-3.65E-06
-86.1362,-3.65E-06
-86.1364,-3.65E-06
-86.1366,-3.65E-06
-86.1368,-3.65E-06
-86.137,-3.65E-06
-86.1372,-3.65E-06
-86.1374,-3.65E-06
-86.1375,-3.65E-06
-86.1377,-3.65E-06
-86.1379,-3.65E-06
-86.1381,-3.65E-06
-86.1383,-3.65E-06
-86.1385,-3.65E-06
-86.1387,-3.65E-06
-86.1389,-3.65E-06
-86.139,-3.65E-06
-86.1392,-3.64E-06
-86.1394,-3.64E-06
-86.1396,-3.64E-06
-86.1398,-3.64E-06
-86.14,-3.64E-06
-86.1402,-3.64E-06
-86.1404,-3.64E-06
-86.1405,-3.64E-06
-86.1407,-3.64E-06
-86.1409,-3.64E-06
-86.1411,-3.64E-06
-86.1413,-3.64E-06
-86.1415,-3.64E-06
-86.1417,-3.64E-06
-86.1419,-3.64E-06
-86.142,-3.64E-06
-86.1422,-3.64E-06
-86.1424,-3.64E-06
-86.1426,-3.64E-06
-86.1428,-3.64E-06
-86.143,-3.64E-06
-86.1432,-3.64E-06
-86.1433,-3.64E-06
-86.1435,-3.64E-06
-86.1437,-3.64E-06
-86.1439,-3.64E-06
-86.1441,-3.64E-06
-86.1443,-3.64E-06
-86.1445,-3.64E-06
-86.1447,-3.64E-06
-86.1448,-3.64E-06
-86.145,-3.64E-06
-86.1452,-3.64E-06
-86.1454,-3.64E-06
-86.1456,-3.64E-06
-86.1458,-3.64E-06
-86.146,-3.63E-06
-86.1461,-3.63E-06
-86.1463,-3.63E-06
-86.1465,-3.63E-06
-86.1467,-3.63E-06
-86.1469,-3.63E-06
-86.1471,-3.63E-06
-86.1473,-3.63E-06
-86.1474,-3.63E-06
-86.1476,-3.63E-06
-86.1478,-3.63E-06
-86.148,-3.63E-06
-86.1482,-3.63E-06
-86.1484,-3.63E-06
-86.1486,-3.63E-06
-86.1487,-3.63E-06
-86.1489,-3.63E-06
-86.1491,-3.63E-06
-86.1493,-3.63E-06
-86.1495,-3.63E-06
-86.1497,-3.63E-06
-86.1499,-3.63E-06
-86.15,-3.63E-06
-86.1502,-3.63E-06
-86.1504,-3.63E-06
-86.1506,-3.63E-06
-86.1508,-3.63E-06
-86.151,-3.63E-06
-86.1512,-3.63E-06
-86.1513,-3.63E-06
-86.1515,-3.63E-06
-86.1517,-3.63E-06
-86.1519,-3.63E-06
-86.1521,-3.63E-06
-86.1523,-3.63E-06
-86.1525,-3.63E-06
-86.1526,-3.62E-06
-86.1528,-3.62E-06
-86.153,-3.62E-06
-86.1532,-3.62E-06
-86.1534,-3.62E-06
-86.1536,-3.62E-06
-86.1537,-3.62E-06
-86.1539,-3.62E-06
-86.1541,-3.62E-06
-86.1543,-3.62E-06
-86.1545,-3.62E-06
-86.1547,-3.62E-06
-86.1549,-3.62E-06
-86.155,-3.62E-06
-86.1552,-3.62E-06
-86.1554,-3.62E-06
-86.1556,-3.62E-06
-86.1558,-3.62E-06
-86.156,-3.62E-06
-86.1561,-3.62E-06
-86.1563,-3.62E-06
-86.1565,-3.62E-06
-86.1567,-3.62E-06
-86.1569,-3.62E-06
-86.1571,-3.62E-06
-86.1572,-3.62E-06
-86.1574,-3.62E-06
-86.1576,-3.62E-06
-86.1578,-3.62E-06
-86.158,-3.62E-06
-86.1582,-3.62E-06
-86.1584,-3.62E-06
-86.1585,-3.62E-06
-86.1587,-3.62E-06
-86.1589,-3.62E-06
-86.1591,-3.62E-06
-86.1593,-3.61E-06
-86.1595,-3.61E-06
-86.1596,-3.61E-06
-86.1598,-3.61E-06
-86.16,-3.61E-06
-86.1602,-3.61E-06
-86.1604,-3.61E-06
-86.1606,-3.61E-06
-86.1607,-3.61E-06
-86.1609,-3.61E-06
-86.1611,-3.61E-06
-86.1613,-3.61E-06
-86.1615,-3.61E-06
-86.1617,-3.61E-06
-86.1618,-3.61E-06
-86.162,-3.61E-06
-86.1622,-3.61E-06
-86.1624,-3.61E-06
-86.1626,-3.61E-06
-86.1628,-3.61E-06
-86.1629,-3.61E-06
-86.1631,-3.61E-06
-86.1633,-3.61E-06
-86.1635,-3.61E-06
-86.1637,-3.61E-06
-86.1638,-3.61E-06
-86.164,-3.61E-06
-86.1642,-3.61E-06
-86.1644,-3.61E-06
-86.1646,-3.61E-06
-86.1648,-3.61E-06
-86.1649,-3.61E-06
-86.1651,-3.61E-06
-86.1653,-3.61E-06
-86.1655,-3.61E-06
-86.1657,-3.61E-06
-86.1659,-3.61E-06
-86.166,-3.61E-06
-86.1662,-3.60E-06
-86.1664,-3.60E-06
-86.1666,-3.60E-06
-86.1668,-3.60E-06
-86.1669,-3.60E-06
-86.1671,-3.60E-06
-86.1673,-3.60E-06
-86.1675,-3.60E-06
-86.1677,-3.60E-06
-86.1679,-3.60E-06
-86.168,-3.60E-06
-86.1682,-3.60E-06
-86.1684,-3.60E-06
-86.1686,-3.60E-06
-86.1688,-3.60E-06
-86.169,-3.60E-06
-86.1691,-3.60E-06
-86.1693,-3.60E-06
-86.1695,-3.60E-06
-86.1697,-3.60E-06
-86.1699,-3.60E-06
-86.17,-3.60E-06
-86.1702,-3.60E-06
-86.1704,-3.60E-06
-86.1706,-3.60E-06
-86.1708,-3.60E-06
-86.1709,-3.60E-06
-86.1711,-3.60E-06
-86.1713,-3.60E-06
-86.1715,-3.60E-06
-86.1717,-3.60E-06
-86.1719,-3.60E-06
-86.172,-3.60E-06
-86.1722,-3.60E-06
-86.1724,-3.60E-06
-86.1726,-3.60E-06
-86.1728,-3.60E-06
-86.1729,-3.60E-06
-86.1731,-3.59E-06
-86.1733,-3.59E-06
-86.1735,-3.59E-06
-86.1737,-3.59E-06
-86.1738,-3.59E-06
-86.174,-3.59E-06
-86.1742,-3.59E-06
-86.1744,-3.59E-06
-86.1746,-3.59E-06
-86.1747,-3.59E-06
-86.1749,-3.59E-06
-86.1751,-3.59E-06
-86.1753,-3.59E-06
-86.1755,-3.59E-06
-86.1756,-3.59E-06
-86.1758,-3.59E-06
-86.176,-3.59E-06
-86.1762,-3.59E-06
-86.1764,-3.59E-06
-86.1766,-3.59E-06
-86.1767,-3.59E-06
-86.1769,-3.59E-06
-86.1771,-3.59E-06
-86.1773,-3.59E-06
-86.1775,-3.59E-06
-86.1776,-3.59E-06
-86.1778,-3.59E-06
-86.178,-3.59E-06
-86.1782,-3.59E-06
-86.1784,-3.59E-06
-86.1785,-3.59E-06
-86.1787,-3.59E-06
-86.1789,-3.59E-06
-86.1791,-3.59E-06
-86.1792,-3.59E-06
-86.1794,-3.59E-06
-86.1796,-3.59E-06
-86.1798,-3.59E-06
-86.18,-3.58E-06
-86.1801,-3.58E-06
-86.1803,-3.58E-06
-86.1805,-3.58E-06
-86.1807,-3.58E-06
-86.1809,-3.58E-06
-86.181,-3.58E-06
-86.1812,-3.58E-06
-86.1814,-3.58E-06
-86.1816,-3.58E-06
-86.1818,-3.58E-06
-86.1819,-3.58E-06
-86.1821,-3.58E-06
-86.1823,-3.58E-06
-86.1825,-3.58E-06
-86.1827,-3.58E-06
-86.1828,-3.58E-06
-86.183,-3.58E-06
-86.1832,-3.58E-06
-86.1834,-3.58E-06
-86.1836,-3.58E-06
-86.1837,-3.58E-06
-86.1839,-3.58E-06
-86.1841,-3.58E-06
-86.1843,-3.58E-06
-86.1844,-3.58E-06
-86.1846,-3.58E-06
-86.1848,-3.58E-06
-86.185,-3.58E-06
-86.1852,-3.58E-06
-86.1853,-3.58E-06
-86.1855,-3.58E-06
-86.1857,-3.58E-06
-86.1859,-3.58E-06
-86.1861,-3.58E-06
-86.1862,-3.58E-06
-86.1864,-3.58E-06
-86.1866,-3.57E-06
-86.1868,-3.57E-06
-86.1869,-3.57E-06
-86.1871,-3.57E-06
-86.1873,-3.57E-06
-86.1875,-3.57E-06
-86.1877,-3.57E-06
-86.1878,-3.57E-06
-86.188,-3.57E-06
-86.1882,-3.57E-06
-86.1884,-3.57E-06
-86.1885,-3.57E-06
-86.1887,-3.57E-06
-86.1889,-3.57E-06
-86.1891,-3.57E-06
-86.1893,-3.57E-06
-86.1894,-3.57E-06
-86.1896,-3.57E-06
-86.1898,-3.57E-06
-86.19,-3.57E-06
-86.1901,-3.57E-06
-86.1903,-3.57E-06
-86.1905,-3.57E-06
-86.1907,-3.57E-06
-86.1909,-3.57E-06
-86.191,-3.57E-06
-86.1912,-3.57E-06
-86.1914,-3.57E-06
-86.1916,-3.57E-06
-86.1917,-3.57E-06
-86.1919,-3.57E-06
-86.1921,-3.57E-06
-86.1923,-3.57E-06
-86.1925,-3.57E-06
-86.1926,-3.57E-06
-86.1928,-3.57E-06
-86.193,-3.57E-06
-86.1932,-3.57E-06
-86.1933,-3.56E-06
-86.1935,-3.56E-06
-86.1937,-3.56E-06
-86.1939,-3.56E-06
-86.194,-3.56E-06
-86.1942,-3.56E-06
-86.1944,-3.56E-06
-86.1946,-3.56E-06
-86.1948,-3.56E-06
-86.1949,-3.56E-06
-86.1951,-3.56E-06
-86.1953,-3.56E-06
-86.1955,-3.56E-06
-86.1956,-3.56E-06
-86.1958,-3.56E-06
-86.196,-3.56E-06
-86.1962,-3.56E-06
-86.1963,-3.56E-06
-86.1965,-3.56E-06
-86.1967,-3.56E-06
-86.1969,-3.56E-06
-86.197,-3.56E-06
-86.1972,-3.56E-06
-86.1974,-3.56E-06
-86.1976,-3.56E-06
-86.1978,-3.56E-06
-86.1979,-3.56E-06
-86.1981,-3.56E-06
-86.1983,-3.56E-06
-86.1985,-3.56E-06
-86.1986,-3.56E-06
-86.1988,-3.56E-06
-86.199,-3.56E-06
-86.1992,-3.56E-06
-86.1993,-3.56E-06
-86.1995,-3.56E-06
-86.1997,-3.56E-06
-86.1999,-3.56E-06
-86.2,-3.55E-06
-86.2002,-3.55E-06
-86.2004,-3.55E-06
-86.2006,-3.55E-06
-86.2007,-3.55E-06
-86.2009,-3.55E-06
-86.2011,-3.55E-06
-86.2013,-3.55E-06
-86.2014,-3.55E-06
-86.2016,-3.55E-06
-86.2018,-3.55E-06
-86.202,-3.55E-06
-86.2021,-3.55E-06
-86.2023,-3.55E-06
-86.2025,-3.55E-06
-86.2027,-3.55E-06
-86.2028,-3.55E-06
-86.203,-3.55E-06
-86.2032,-3.55E-06
-86.2034,-3.55E-06
-86.2035,-3.55E-06
-86.2037,-3.55E-06
-86.2039,-3.55E-06
-86.2041,-3.55E-06
-86.2042,-3.55E-06
-86.2044,-3.55E-06
-86.2046,-3.55E-06
-86.2048,-3.55E-06
-86.2049,-3.55E-06
-86.2051,-3.55E-06
-86.2053,-3.55E-06
-86.2055,-3.55E-06
-86.2056,-3.55E-06
-86.2058,-3.55E-06
-86.206,-3.55E-06
-86.2062,-3.55E-06
-86.2063,-3.55E-06
-86.2065,-3.55E-06
-86.2067,-3.54E-06
-86.2069,-3.54E-06
-86.207,-3.54E-06
-86.2072,-3.54E-06
-86.2074,-3.54E-06
-86.2076,-3.54E-06
-86.2077,-3.54E-06
-86.2079,-3.54E-06
-86.2081,-3.54E-06
-86.2083,-3.54E-06
-86.2084,-3.54E-06
-86.2086,-3.54E-06
-86.2088,-3.54E-06
-86.209,-3.54E-06
-86.2091,-3.54E-06
-86.2093,-3.54E-06
-86.2095,-3.54E-06
-86.2097,-3.54E-06
-86.2098,-3.54E-06
-86.21,-3.54E-06
-86.2102,-3.54E-06
-86.2103,-3.54E-06
-86.2105,-3.54E-06
-86.2107,-3.54E-06
-86.2109,-3.54E-06
-86.211,-3.54E-06
-86.2112,-3.54E-06
-86.2114,-3.54E-06
-86.2116,-3.54E-06
-86.2117,-3.54E-06
-86.2119,-3.54E-06
-86.2121,-3.54E-06
-86.2123,-3.54E-06
-86.2124,-3.54E-06
-86.2126,-3.54E-06
-86.2128,-3.54E-06
-86.2129,-3.54E-06
-86.2131,-3.54E-06
-86.2133,-3.53E-06
-86.2135,-3.53E-06
-86.2136,-3.53E-06
-86.2138,-3.53E-06
-86.214,-3.53E-06
-86.2142,-3.53E-06
-86.2143,-3.53E-06
-86.2145,-3.53E-06
-86.2147,-3.53E-06
-86.2149,-3.53E-06
-86.215,-3.53E-06
-86.2152,-3.53E-06
-86.2154,-3.53E-06
-86.2155,-3.53E-06
-86.2157,-3.53E-06
-86.2159,-3.53E-06
-86.2161,-3.53E-06
-86.2162,-3.53E-06
-86.2164,-3.53E-06
-86.2166,-3.53E-06
-86.2168,-3.53E-06
-86.2169,-3.53E-06
-86.2171,-3.53E-06
-86.2173,-3.53E-06
-86.2174,-3.53E-06
-86.2176,-3.53E-06
-86.2178,-3.53E-06
-86.218,-3.53E-06
-86.2181,-3.53E-06
-86.2183,-3.53E-06
-86.2185,-3.53E-06
-86.2186,-3.53E-06
-86.2188,-3.53E-06
-86.219,-3.53E-06
-86.2192,-3.53E-06
-86.2193,-3.53E-06
-86.2195,-3.53E-06
-86.2197,-3.53E-06
-86.2199,-3.53E-06
-86.22,-3.52E-06
-86.2202,-3.52E-06
-86.2204,-3.52E-06
-86.2205,-3.52E-06
-86.2207,-3.52E-06
-86.2209,-3.52E-06
-86.2211,-3.52E-06
-86.2212,-3.52E-06
-86.2214,-3.52E-06
-86.2216,-3.52E-06
-86.2217,-3.52E-06
-86.2219,-3.52E-06
-86.2221,-3.52E-06
-86.2223,-3.52E-06
-86.2224,-3.52E-06
-86.2226,-3.52E-06
-86.2228,-3.52E-06
-86.2229,-3.52E-06
-86.2231,-3.52E-06
-86.2233,-3.52E-06
-86.2235,-3.52E-06
-86.2236,-3.52E-06
-86.2238,-3.52E-06
-86.224,-3.52E-06
-86.2241,-3.52E-06
-86.2243,-3.52E-06
-86.2245,-3.52E-06
-86.2247,-3.52E-06
-86.2248,-3.52E-06
-86.225,-3.52E-06
-86.2252,-3.52E-06
-86.2253,-3.52E-06
-86.2255,-3.52E-06
-86.2257,-3.52E-06
-86.2258,-3.52E-06
-86.226,-3.52E-06
-86.2262,-3.52E-06
-86.2264,-3.52E-06
-86.2265,-3.52E-06
-86.2267,-3.51E-06
-86.2269,-3.51E-06
-86.227,-3.51E-06
-86.2272,-3.51E-06
-86.2274,-3.51E-06
-86.2276,-3.51E-06
-86.2277,-3.51E-06
-86.2279,-3.51E-06
-86.2281,-3.51E-06
-86.2282,-3.51E-06
-86.2284,-3.51E-06
-86.2286,-3.51E-06
-86.2287,-3.51E-06
-86.2289,-3.51E-06
-86.2291,-3.51E-06
-86.2293,-3.51E-06
-86.2294,-3.51E-06
-86.2296,-3.51E-06
-86.2298,-3.51E-06
-86.2299,-3.51E-06
-86.2301,-3.51E-06
-86.2303,-3.51E-06
-86.2304,-3.51E-06
-86.2306,-3.51E-06
-86.2308,-3.51E-06
-86.231,-3.51E-06
-86.2311,-3.51E-06
-86.2313,-3.51E-06
-86.2315,-3.51E-06
-86.2316,-3.51E-06
-86.2318,-3.51E-06
-86.232,-3.51E-06
-86.2321,-3.51E-06
-86.2323,-3.51E-06
-86.2325,-3.51E-06
-86.2327,-3.51E-06
-86.2328,-3.51E-06
-86.233,-3.51E-06
-86.2332,-3.51E-06
-86.2333,-3.51E-06
-86.2335,-3.50E-06
-86.2337,-3.50E-06
-86.2338,-3.50E-06
-86.234,-3.50E-06
-86.2342,-3.50E-06
-86.2343,-3.50E-06
-86.2345,-3.50E-06
-86.2347,-3.50E-06
-86.2349,-3.50E-06
-86.235,-3.50E-06
-86.2352,-3.50E-06
-86.2354,-3.50E-06
-86.2355,-3.50E-06
-86.2357,-3.50E-06
-86.2359,-3.50E-06
-86.236,-3.50E-06
-86.2362,-3.50E-06
-86.2364,-3.50E-06
-86.2365,-3.50E-06
-86.2367,-3.50E-06
-86.2369,-3.50E-06
-86.237,-3.50E-06
-86.2372,-3.50E-06
-86.2374,-3.50E-06
-86.2376,-3.50E-06
-86.2377,-3.50E-06
-86.2379,-3.50E-06
-86.2381,-3.50E-06
-86.2382,-3.50E-06
-86.2384,-3.50E-06
-86.2386,-3.50E-06
-86.2387,-3.50E-06
-86.2389,-3.50E-06
-86.2391,-3.50E-06
-86.2392,-3.50E-06
-86.2394,-3.50E-06
-86.2396,-3.50E-06
-86.2397,-3.50E-06
-86.2399,-3.50E-06
-86.2401,-3.50E-06
-86.2402,-3.49E-06
-86.2404,-3.49E-06
-86.2406,-3.49E-06
-86.2408,-3.49E-06
-86.2409,-3.49E-06
-86.2411,-3.49E-06
-86.2413,-3.49E-06
-86.2414,-3.49E-06
-86.2416,-3.49E-06
-86.2418,-3.49E-06
-86.2419,-3.49E-06
-86.2421,-3.49E-06
-86.2423,-3.49E-06
-86.2424,-3.49E-06
-86.2426,-3.49E-06
-86.2428,-3.49E-06
-86.2429,-3.49E-06
-86.2431,-3.49E-06
-86.2433,-3.49E-06
-86.2434,-3.49E-06
-86.2436,-3.49E-06
-86.2438,-3.49E-06
-86.2439,-3.49E-06
-86.2441,-3.49E-06
-86.2443,-3.49E-06
-86.2444,-3.49E-06
-86.2446,-3.49E-06
-86.2448,-3.49E-06
-86.2449,-3.49E-06
-86.2451,-3.49E-06
-86.2453,-3.49E-06
-86.2454,-3.49E-06
-86.2456,-3.49E-06
-86.2458,-3.49E-06
-86.2459,-3.49E-06
-86.2461,-3.49E-06
-86.2463,-3.49E-06
-86.2464,-3.49E-06
-86.2466,-3.49E-06
-86.2468,-3.49E-06
-86.2469,-3.48E-06
-86.2471,-3.48E-06
-86.2473,-3.48E-06
-86.2474,-3.48E-06
-86.2476,-3.48E-06
-86.2478,-3.48E-06
-86.2479,-3.48E-06
-86.2481,-3.48E-06
-86.2483,-3.48E-06
-86.2484,-3.48E-06
-86.2486,-3.48E-06
-86.2488,-3.48E-06
-86.2489,-3.48E-06
-86.2491,-3.48E-06
-86.2493,-3.48E-06
-86.2494,-3.48E-06
-86.2496,-3.48E-06
-86.2498,-3.48E-06
-86.2499,-3.48E-06
-86.2501,-3.48E-06
-86.2503,-3.48E-06
-86.2504,-3.48E-06
-86.2506,-3.48E-06
-86.2508,-3.48E-06
-86.2509,-3.48E-06
-86.2511,-3.48E-06
-86.2513,-3.48E-06
-86.2514,-3.48E-06
-86.2516,-3.48E-06
-86.2518,-3.48E-06
-86.2519,-3.48E-06
-86.2521,-3.48E-06
-86.2523,-3.48E-06
-86.2524,-3.48E-06
-86.2526,-3.48E-06
-86.2528,-3.48E-06
-86.2529,-3.48E-06
-86.2531,-3.48E-06
-86.2533,-3.48E-06
-86.2534,-3.48E-06
-86.2536,-3.48E-06
-86.2538,-3.47E-06
-86.2539,-3.47E-06
-86.2541,-3.47E-06
-86.2543,-3.47E-06
-86.2544,-3.47E-06
-86.2546,-3.47E-06
-86.2547,-3.47E-06
-86.2549,-3.47E-06
-86.2551,-3.47E-06
-86.2552,-3.47E-06
-86.2554,-3.47E-06
-86.2556,-3.47E-06
-86.2557,-3.47E-06
-86.2559,-3.47E-06
-86.2561,-3.47E-06
-86.2562,-3.47E-06
-86.2564,-3.47E-06
-86.2566,-3.47E-06
-86.2567,-3.47E-06
-86.2569,-3.47E-06
-86.2571,-3.47E-06
-86.2572,-3.47E-06
-86.2574,-3.47E-06
-86.2576,-3.47E-06
-86.2577,-3.47E-06
-86.2579,-3.47E-06
-86.258,-3.47E-06
-86.2582,-3.47E-06
-86.2584,-3.47E-06
-86.2585,-3.47E-06
-86.2587,-3.47E-06
-86.2589,-3.47E-06
-86.259,-3.47E-06
-86.2592,-3.47E-06
-86.2594,-3.47E-06
-86.2595,-3.47E-06
-86.2597,-3.47E-06
-86.2599,-3.47E-06
-86.26,-3.47E-06
-86.2602,-3.47E-06
-86.2604,-3.47E-06
-86.2605,-3.46E-06
-86.2607,-3.46E-06
-86.2608,-3.46E-06
-86.261,-3.46E-06
-86.2612,-3.46E-06
-86.2613,-3.46E-06
-86.2615,-3.46E-06
-86.2617,-3.46E-06
-86.2618,-3.46E-06
-86.262,-3.46E-06
-86.2622,-3.46E-06
-86.2623,-3.46E-06
-86.2625,-3.46E-06
-86.2626,-3.46E-06
-86.2628,-3.46E-06
-86.263,-3.46E-06
-86.2631,-3.46E-06
-86.2633,-3.46E-06
-86.2635,-3.46E-06
-86.2636,-3.46E-06
-86.2638,-3.46E-06
-86.264,-3.46E-06
-86.2641,-3.46E-06
-86.2643,-3.46E-06
-86.2644,-3.46E-06
-86.2646,-3.46E-06
-86.2648,-3.46E-06
-86.2649,-3.46E-06
-86.2651,-3.46E-06
-86.2653,-3.46E-06
-86.2654,-3.46E-06
-86.2656,-3.46E-06
-86.2658,-3.46E-06
-86.2659,-3.46E-06
-86.2661,-3.46E-06
-86.2662,-3.46E-06
-86.2664,-3.46E-06
-86.2666,-3.46E-06
-86.2667,-3.46E-06
-86.2669,-3.46E-06
-86.2671,-3.46E-06
-86.2672,-3.45E-06
-86.2674,-3.45E-06
-86.2676,-3.45E-06
-86.2677,-3.45E-06
-86.2679,-3.45E-06
-86.268,-3.45E-06
-86.2682,-3.45E-06
-86.2684,-3.45E-06
-86.2685,-3.45E-06
-86.2687,-3.45E-06
-86.2689,-3.45E-06
-86.269,-3.45E-06
-86.2692,-3.45E-06
-86.2693,-3.45E-06
-86.2695,-3.45E-06
-86.2697,-3.45E-06
-86.2698,-3.45E-06
-86.27,-3.45E-06
-86.2702,-3.45E-06
-86.2703,-3.45E-06
-86.2705,-3.45E-06
-86.2706,-3.45E-06
-86.2708,-3.45E-06
-86.271,-3.45E-06
-86.2711,-3.45E-06
-86.2713,-3.45E-06
-86.2715,-3.45E-06
-86.2716,-3.45E-06
-86.2718,-3.45E-06
-86.2719,-3.45E-06
-86.2721,-3.45E-06
-86.2723,-3.45E-06
-86.2724,-3.45E-06
-86.2726,-3.45E-06
-86.2728,-3.45E-06
-86.2729,-3.45E-06
-86.2731,-3.45E-06
-86.2732,-3.45E-06
-86.2734,-3.45E-06
-86.2736,-3.45E-06
-86.2737,-3.45E-06
-86.2739,-3.44E-06
-86.274,-3.44E-06
-86.2742,-3.44E-06
-86.2744,-3.44E-06
-86.2745,-3.44E-06
-86.2747,-3.44E-06
-86.2749,-3.44E-06
-86.275,-3.44E-06
-86.2752,-3.44E-06
-86.2753,-3.44E-06
-86.2755,-3.44E-06
-86.2757,-3.44E-06
-86.2758,-3.44E-06
-86.276,-3.44E-06
-86.2761,-3.44E-06
-86.2763,-3.44E-06
-86.2765,-3.44E-06
-86.2766,-3.44E-06
-86.2768,-3.44E-06
-86.277,-3.44E-06
-86.2771,-3.44E-06
-86.2773,-3.44E-06
-86.2774,-3.44E-06
-86.2776,-3.44E-06
-86.2778,-3.44E-06
-86.2779,-3.44E-06
-86.2781,-3.44E-06
-86.2782,-3.44E-06
-86.2784,-3.44E-06
-86.2786,-3.44E-06
-86.2787,-3.44E-06
-86.2789,-3.44E-06
-86.279,-3.44E-06
-86.2792,-3.44E-06
-86.2794,-3.44E-06
-86.2795,-3.44E-06
-86.2797,-3.44E-06
-86.2798,-3.44E-06
-86.28,-3.44E-06
-86.2802,-3.44E-06
-86.2803,-3.44E-06
-86.2805,-3.43E-06
-86.2807,-3.43E-06
-86.2808,-3.43E-06
-86.281,-3.43E-06
-86.2811,-3.43E-06
-86.2813,-3.43E-06
-86.2815,-3.43E-06
-86.2816,-3.43E-06
-86.2818,-3.43E-06
-86.2819,-3.43E-06
-86.2821,-3.43E-06
-86.2823,-3.43E-06
-86.2824,-3.43E-06
-86.2826,-3.43E-06
-86.2827,-3.43E-06
-86.2829,-3.43E-06
-86.2831,-3.43E-06
-86.2832,-3.43E-06
-86.2834,-3.43E-06
-86.2835,-3.43E-06
-86.2837,-3.43E-06
-86.2839,-3.43E-06
-86.284,-3.43E-06
-86.2842,-3.43E-06
-86.2843,-3.43E-06
-86.2845,-3.43E-06
-86.2847,-3.43E-06
-86.2848,-3.43E-06
-86.285,-3.43E-06
-86.2851,-3.43E-06
-86.2853,-3.43E-06
-86.2855,-3.43E-06
-86.2856,-3.43E-06
-86.2858,-3.43E-06
-86.2859,-3.43E-06
-86.2861,-3.43E-06
-86.2863,-3.43E-06
-86.2864,-3.43E-06
-86.2866,-3.43E-06
-86.2867,-3.43E-06
-86.2869,-3.43E-06
-86.287,-3.43E-06
-86.2872,-3.42E-06
-86.2874,-3.42E-06
-86.2875,-3.42E-06
-86.2877,-3.42E-06
-86.2878,-3.42E-06
-86.288,-3.42E-06
-86.2882,-3.42E-06
-86.2883,-3.42E-06
-86.2885,-3.42E-06
-86.2886,-3.42E-06
-86.2888,-3.42E-06
-86.289,-3.42E-06
-86.2891,-3.42E-06
-86.2893,-3.42E-06
-86.2894,-3.42E-06
-86.2896,-3.42E-06
-86.2898,-3.42E-06
-86.2899,-3.42E-06
-86.2901,-3.42E-06
-86.2902,-3.42E-06
-86.2904,-3.42E-06
-86.2905,-3.42E-06
-86.2907,-3.42E-06
-86.2909,-3.42E-06
-86.291,-3.42E-06
-86.2912,-3.42E-06
-86.2913,-3.42E-06
-86.2915,-3.42E-06
-86.2917,-3.42E-06
-86.2918,-3.42E-06
-86.292,-3.42E-06
-86.2921,-3.42E-06
-86.2923,-3.42E-06
-86.2924,-3.42E-06
-86.2926,-3.42E-06
-86.2928,-3.42E-06
-86.2929,-3.42E-06
-86.2931,-3.42E-06
-86.2932,-3.42E-06
-86.2934,-3.42E-06
-86.2936,-3.42E-06
-86.2937,-3.42E-06
-86.2939,-3.41E-06
-86.294,-3.41E-06
-86.2942,-3.41E-06
-86.2943,-3.41E-06
-86.2945,-3.41E-06
-86.2947,-3.41E-06
-86.2948,-3.41E-06
-86.295,-3.41E-06
-86.2951,-3.41E-06
-86.2953,-3.41E-06
-86.2955,-3.41E-06
-86.2956,-3.41E-06
-86.2958,-3.41E-06
-86.2959,-3.41E-06
-86.2961,-3.41E-06
-86.2962,-3.41E-06
-86.2964,-3.41E-06
-86.2966,-3.41E-06
-86.2967,-3.41E-06
-86.2969,-3.41E-06
-86.297,-3.41E-06
-86.2972,-3.41E-06
-86.2973,-3.41E-06
-86.2975,-3.41E-06
-86.2977,-3.41E-06
-86.2978,-3.41E-06
-86.298,-3.41E-06
-86.2981,-3.41E-06
-86.2983,-3.41E-06
-86.2984,-3.41E-06
-86.2986,-3.41E-06
-86.2988,-3.41E-06
-86.2989,-3.41E-06
-86.2991,-3.41E-06
-86.2992,-3.41E-06
-86.2994,-3.41E-06
-86.2995,-3.41E-06
-86.2997,-3.41E-06
-86.2999,-3.41E-06
-86.3,-3.41E-06
-86.3002,-3.41E-06
-86.3003,-3.41E-06
-86.3005,-3.40E-06
-86.3006,-3.40E-06
-86.3008,-3.40E-06
-86.301,-3.40E-06
-86.3011,-3.40E-06
-86.3013,-3.40E-06
-86.3014,-3.40E-06
-86.3016,-3.40E-06
-86.3017,-3.40E-06
-86.3019,-3.40E-06
-86.3021,-3.40E-06
-86.3022,-3.40E-06
-86.3024,-3.40E-06
-86.3025,-3.40E-06
-86.3027,-3.40E-06
-86.3028,-3.40E-06
-86.303,-3.40E-06
-86.3031,-3.40E-06
-86.3033,-3.40E-06
-86.3035,-3.40E-06
-86.3036,-3.40E-06
-86.3038,-3.40E-06
-86.3039,-3.40E-06
-86.3041,-3.40E-06
-86.3042,-3.40E-06
-86.3044,-3.40E-06
-86.3046,-3.40E-06
-86.3047,-3.40E-06
-86.3049,-3.40E-06
-86.305,-3.40E-06
-86.3052,-3.40E-06
-86.3053,-3.40E-06
-86.3055,-3.40E-06
-86.3056,-3.40E-06
-86.3058,-3.40E-06
-86.306,-3.40E-06
-86.3061,-3.40E-06
-86.3063,-3.40E-06
-86.3064,-3.40E-06
-86.3066,-3.40E-06
-86.3067,-3.40E-06
-86.3069,-3.40E-06
-86.3071,-3.40E-06
-86.3072,-3.39E-06
-86.3074,-3.39E-06
-86.3075,-3.39E-06
-86.3077,-3.39E-06
-86.3078,-3.39E-06
-86.308,-3.39E-06
-86.3081,-3.39E-06
-86.3083,-3.39E-06
-86.3084,-3.39E-06
-86.3086,-3.39E-06
-86.3088,-3.39E-06
-86.3089,-3.39E-06
-86.3091,-3.39E-06
-86.3092,-3.39E-06
-86.3094,-3.39E-06
-86.3095,-3.39E-06
-86.3097,-3.39E-06
-86.3098,-3.39E-06
-86.31,-3.39E-06
-86.3102,-3.39E-06
-86.3103,-3.39E-06
-86.3105,-3.39E-06
-86.3106,-3.39E-06
-86.3108,-3.39E-06
-86.3109,-3.39E-06
-86.3111,-3.39E-06
-86.3112,-3.39E-06
-86.3114,-3.39E-06
-86.3116,-3.39E-06
-86.3117,-3.39E-06
-86.3119,-3.39E-06
-86.312,-3.39E-06
-86.3122,-3.39E-06
-86.3123,-3.39E-06
-86.3125,-3.39E-06
-86.3126,-3.39E-06
-86.3128,-3.39E-06
-86.3129,-3.39E-06
-86.3131,-3.39E-06
-86.3133,-3.39E-06
-86.3134,-3.39E-06
-86.3136,-3.39E-06
-86.3137,-3.39E-06
-86.3139,-3.39E-06
-86.314,-3.38E-06
-86.3142,-3.38E-06
-86.3143,-3.38E-06
-86.3145,-3.38E-06
-86.3146,-3.38E-06
-86.3148,-3.38E-06
-86.315,-3.38E-06
-86.3151,-3.38E-06
-86.3153,-3.38E-06
-86.3154,-3.38E-06
-86.3156,-3.38E-06
-86.3157,-3.38E-06
-86.3159,-3.38E-06
-86.316,-3.38E-06
-86.3162,-3.38E-06
-86.3163,-3.38E-06
-86.3165,-3.38E-06
-86.3166,-3.38E-06
-86.3168,-3.38E-06
-86.317,-3.38E-06
-86.3171,-3.38E-06
-86.3173,-3.38E-06
-86.3174,-3.38E-06
-86.3176,-3.38E-06
-86.3177,-3.38E-06
-86.3179,-3.38E-06
-86.318,-3.38E-06
-86.3182,-3.38E-06
-86.3183,-3.38E-06
-86.3185,-3.38E-06
-86.3186,-3.38E-06
-86.3188,-3.38E-06
-86.319,-3.38E-06
-86.3191,-3.38E-06
-86.3193,-3.38E-06
-86.3194,-3.38E-06
-86.3196,-3.38E-06
-86.3197,-3.38E-06
-86.3199,-3.38E-06
-86.32,-3.38E-06
-86.3202,-3.38E-06
-86.3203,-3.38E-06
-86.3205,-3.38E-06
-86.3206,-3.38E-06
-86.3208,-3.37E-06
-86.3209,-3.37E-06
-86.3211,-3.37E-06
-86.3213,-3.37E-06
-86.3214,-3.37E-06
-86.3216,-3.37E-06
-86.3217,-3.37E-06
-86.3219,-3.37E-06
-86.322,-3.37E-06
-86.3222,-3.37E-06
-86.3223,-3.37E-06
-86.3225,-3.37E-06
-86.3226,-3.37E-06
-86.3228,-3.37E-06
-86.3229,-3.37E-06
-86.3231,-3.37E-06
-86.3232,-3.37E-06
-86.3234,-3.37E-06
-86.3235,-3.37E-06
-86.3237,-3.37E-06
-86.3239,-3.37E-06
-86.324,-3.37E-06
-86.3242,-3.37E-06
-86.3243,-3.37E-06
-86.3245,-3.37E-06
-86.3246,-3.37E-06
-86.3248,-3.37E-06
-86.3249,-3.37E-06
-86.3251,-3.37E-06
-86.3252,-3.37E-06
-86.3254,-3.37E-06
-86.3255,-3.37E-06
-86.3257,-3.37E-06
-86.3258,-3.37E-06
-86.326,-3.37E-06
-86.3261,-3.37E-06
-86.3263,-3.37E-06
-86.3264,-3.37E-06
-86.3266,-3.37E-06
-86.3267,-3.37E-06
-86.3269,-3.37E-06
-86.327,-3.37E-06
-86.3272,-3.37E-06
-86.3274,-3.37E-06
-86.3275,-3.36E-06
-86.3277,-3.36E-06
-86.3278,-3.36E-06
-86.328,-3.36E-06
-86.3281,-3.36E-06
-86.3283,-3.36E-06
-86.3284,-3.36E-06
-86.3286,-3.36E-06
-86.3287,-3.36E-06
-86.3289,-3.36E-06
-86.329,-3.36E-06
-86.3292,-3.36E-06
-86.3293,-3.36E-06
-86.3295,-3.36E-06
-86.3296,-3.36E-06
-86.3298,-3.36E-06
-86.3299,-3.36E-06
-86.3301,-3.36E-06
-86.3302,-3.36E-06
-86.3304,-3.36E-06
-86.3305,-3.36E-06
-86.3307,-3.36E-06
-86.3308,-3.36E-06
-86.331,-3.36E-06
-86.3311,-3.36E-06
-86.3313,-3.36E-06
-86.3314,-3.36E-06
-86.3316,-3.36E-06
-86.3317,-3.36E-06
-86.3319,-3.36E-06
-86.3321,-3.36E-06
-86.3322,-3.36E-06
-86.3324,-3.36E-06
-86.3325,-3.36E-06
-86.3327,-3.36E-06
-86.3328,-3.36E-06
-86.333,-3.36E-06
-86.3331,-3.36E-06
-86.3333,-3.36E-06
-86.3334,-3.36E-06
-86.3336,-3.36E-06
-86.3337,-3.36E-06
-86.3339,-3.36E-06
-86.334,-3.36E-06
-86.3342,-3.35E-06
-86.3343,-3.35E-06
-86.3345,-3.35E-06
-86.3346,-3.35E-06
-86.3348,-3.35E-06
-86.3349,-3.35E-06
-86.3351,-3.35E-06
-86.3352,-3.35E-06
-86.3354,-3.35E-06
-86.3355,-3.35E-06
-86.3357,-3.35E-06
-86.3358,-3.35E-06
-86.336,-3.35E-06
-86.3361,-3.35E-06
-86.3363,-3.35E-06
-86.3364,-3.35E-06
-86.3366,-3.35E-06
-86.3367,-3.35E-06
-86.3369,-3.35E-06
-86.337,-3.35E-06
-86.3372,-3.35E-06
-86.3373,-3.35E-06
-86.3375,-3.35E-06
-86.3376,-3.35E-06
-86.3378,-3.35E-06
-86.3379,-3.35E-06
-86.3381,-3.35E-06
-86.3382,-3.35E-06
-86.3384,-3.35E-06
-86.3385,-3.35E-06
-86.3387,-3.35E-06
-86.3388,-3.35E-06
-86.339,-3.35E-06
-86.3391,-3.35E-06
-86.3393,-3.35E-06
-86.3394,-3.35E-06
-86.3396,-3.35E-06
-86.3397,-3.35E-06
-86.3399,-3.35E-06
-86.34,-3.35E-06
-86.3402,-3.35E-06
-86.3403,-3.35E-06
-86.3405,-3.35E-06
-86.3406,-3.35E-06
-86.3408,-3.35E-06
-86.3409,-3.34E-06
-86.3411,-3.34E-06
-86.3412,-3.34E-06
-86.3414,-3.34E-06
-86.3415,-3.34E-06
-86.3417,-3.34E-06
-86.3418,-3.34E-06
-86.342,-3.34E-06
-86.3421,-3.34E-06
-86.3423,-3.34E-06
-86.3424,-3.34E-06
-86.3426,-3.34E-06
-86.3427,-3.34E-06
-86.3429,-3.34E-06
-86.343,-3.34E-06
-86.3432,-3.34E-06
-86.3433,-3.34E-06
-86.3435,-3.34E-06
-86.3436,-3.34E-06
-86.3438,-3.34E-06
-86.3439,-3.34E-06
-86.3441,-3.34E-06
-86.3442,-3.34E-06
-86.3444,-3.34E-06
-86.3445,-3.34E-06
-86.3447,-3.34E-06
-86.3448,-3.34E-06
-86.3449,-3.34E-06
-86.3451,-3.34E-06
-86.3452,-3.34E-06
-86.3454,-3.34E-06
-86.3455,-3.34E-06
-86.3457,-3.34E-06
-86.3458,-3.34E-06
-86.346,-3.34E-06
-86.3461,-3.34E-06
-86.3463,-3.34E-06
-86.3464,-3.34E-06
-86.3466,-3.34E-06
-86.3467,-3.34E-06
-86.3469,-3.34E-06
-86.347,-3.34E-06
-86.3472,-3.34E-06
-86.3473,-3.34E-06
-86.3475,-3.34E-06
-86.3476,-3.33E-06
-86.3478,-3.33E-06
-86.3479,-3.33E-06
-86.3481,-3.33E-06
-86.3482,-3.33E-06
-86.3484,-3.33E-06
-86.3485,-3.33E-06
-86.3487,-3.33E-06
-86.3488,-3.33E-06
-86.349,-3.33E-06
-86.3491,-3.33E-06
-86.3493,-3.33E-06
-86.3494,-3.33E-06
-86.3495,-3.33E-06
-86.3497,-3.33E-06
-86.3498,-3.33E-06
-86.35,-3.33E-06
-86.3501,-3.33E-06
-86.3503,-3.33E-06
-86.3504,-3.33E-06
-86.3506,-3.33E-06
-86.3507,-3.33E-06
-86.3509,-3.33E-06
-86.351,-3.33E-06
-86.3512,-3.33E-06
-86.3513,-3.33E-06
-86.3515,-3.33E-06
-86.3516,-3.33E-06
-86.3518,-3.33E-06
-86.3519,-3.33E-06
-86.3521,-3.33E-06
-86.3522,-3.33E-06
-86.3524,-3.33E-06
-86.3525,-3.33E-06
-86.3527,-3.33E-06
-86.3528,-3.33E-06
-86.3529,-3.33E-06
-86.3531,-3.33E-06
-86.3532,-3.33E-06
-86.3534,-3.33E-06
-86.3535,-3.33E-06
-86.3537,-3.33E-06
-86.3538,-3.33E-06
-86.354,-3.33E-06
-86.3541,-3.33E-06
-86.3543,-3.32E-06
-86.3544,-3.32E-06
-86.3546,-3.32E-06
-86.3547,-3.32E-06
-86.3549,-3.32E-06
-86.355,-3.32E-06
-86.3552,-3.32E-06
-86.3553,-3.32E-06
-86.3554,-3.32E-06
-86.3556,-3.32E-06
-86.3557,-3.32E-06
-86.3559,-3.32E-06
-86.356,-3.32E-06
-86.3562,-3.32E-06
-86.3563,-3.32E-06
-86.3565,-3.32E-06
-86.3566,-3.32E-06
-86.3568,-3.32E-06
-86.3569,-3.32E-06
-86.3571,-3.32E-06
-86.3572,-3.32E-06
-86.3574,-3.32E-06
-86.3575,-3.32E-06
-86.3576,-3.32E-06
-86.3578,-3.32E-06
-86.3579,-3.32E-06
-86.3581,-3.32E-06
-86.3582,-3.32E-06
-86.3584,-3.32E-06
-86.3585,-3.32E-06
-86.3587,-3.32E-06
-86.3588,-3.32E-06
-86.359,-3.32E-06
-86.3591,-3.32E-06
-86.3593,-3.32E-06
-86.3594,-3.32E-06
-86.3596,-3.32E-06
-86.3597,-3.32E-06
-86.3598,-3.32E-06
-86.36,-3.32E-06
-86.3601,-3.32E-06
-86.3603,-3.32E-06
-86.3604,-3.32E-06
-86.3606,-3.32E-06
-86.3607,-3.32E-06
-86.3609,-3.32E-06
-86.361,-3.31E-06
-86.3612,-3.31E-06
-86.3613,-3.31E-06
-86.3614,-3.31E-06
-86.3616,-3.31E-06
-86.3617,-3.31E-06
-86.3619,-3.31E-06
-86.362,-3.31E-06
-86.3622,-3.31E-06
-86.3623,-3.31E-06
-86.3625,-3.31E-06
-86.3626,-3.31E-06
-86.3628,-3.31E-06
-86.3629,-3.31E-06
-86.3631,-3.31E-06
-86.3632,-3.31E-06
-86.3633,-3.31E-06
-86.3635,-3.31E-06
-86.3636,-3.31E-06
-86.3638,-3.31E-06
-86.3639,-3.31E-06
-86.3641,-3.31E-06
-86.3642,-3.31E-06
-86.3644,-3.31E-06
-86.3645,-3.31E-06
-86.3647,-3.31E-06
-86.3648,-3.31E-06
-86.3649,-3.31E-06
-86.3651,-3.31E-06
-86.3652,-3.31E-06
-86.3654,-3.31E-06
-86.3655,-3.31E-06
-86.3657,-3.31E-06
-86.3658,-3.31E-06
-86.366,-3.31E-06
-86.3661,-3.31E-06
-86.3662,-3.31E-06
-86.3664,-3.31E-06
-86.3665,-3.31E-06
-86.3667,-3.31E-06
-86.3668,-3.31E-06
-86.367,-3.31E-06
-86.3671,-3.31E-06
-86.3673,-3.31E-06
-86.3674,-3.31E-06
-86.3676,-3.31E-06
-86.3677,-3.30E-06
-86.3678,-3.30E-06
-86.368,-3.30E-06
-86.3681,-3.30E-06
-86.3683,-3.30E-06
-86.3684,-3.30E-06
-86.3686,-3.30E-06
-86.3687,-3.30E-06
-86.3689,-3.30E-06
-86.369,-3.30E-06
-86.3691,-3.30E-06
-86.3693,-3.30E-06
-86.3694,-3.30E-06
-86.3696,-3.30E-06
-86.3697,-3.30E-06
-86.3699,-3.30E-06
-86.37,-3.30E-06
-86.3702,-3.30E-06
-86.3703,-3.30E-06
-86.3704,-3.30E-06
-86.3706,-3.30E-06
-86.3707,-3.30E-06
-86.3709,-3.30E-06
-86.371,-3.30E-06
-86.3712,-3.30E-06
-86.3713,-3.30E-06
-86.3715,-3.30E-06
-86.3716,-3.30E-06
-86.3717,-3.30E-06
-86.3719,-3.30E-06
-86.372,-3.30E-06
-86.3722,-3.30E-06
-86.3723,-3.30E-06
-86.3725,-3.30E-06
-86.3726,-3.30E-06
-86.3727,-3.30E-06
-86.3729,-3.30E-06
-86.373,-3.30E-06
-86.3732,-3.30E-06
-86.3733,-3.30E-06
-86.3735,-3.30E-06
-86.3736,-3.30E-06
-86.3738,-3.30E-06
-86.3739,-3.30E-06
-86.374,-3.30E-06
-86.3742,-3.30E-06
-86.3743,-3.30E-06
-86.3745,-3.29E-06
-86.3746,-3.29E-06
-86.3748,-3.29E-06
-86.3749,-3.29E-06
-86.375,-3.29E-06
-86.3752,-3.29E-06
-86.3753,-3.29E-06
-86.3755,-3.29E-06
-86.3756,-3.29E-06
-86.3758,-3.29E-06
-86.3759,-3.29E-06
-86.376,-3.29E-06
-86.3762,-3.29E-06
-86.3763,-3.29E-06
-86.3765,-3.29E-06
-86.3766,-3.29E-06
-86.3768,-3.29E-06
-86.3769,-3.29E-06
-86.3771,-3.29E-06
-86.3772,-3.29E-06
-86.3773,-3.29E-06
-86.3775,-3.29E-06
-86.3776,-3.29E-06
-86.3778,-3.29E-06
-86.3779,-3.29E-06
-86.3781,-3.29E-06
-86.3782,-3.29E-06
-86.3783,-3.29E-06
-86.3785,-3.29E-06
-86.3786,-3.29E-06
-86.3788,-3.29E-06
-86.3789,-3.29E-06
-86.3791,-3.29E-06
-86.3792,-3.29E-06
-86.3793,-3.29E-06
-86.3795,-3.29E-06
-86.3796,-3.29E-06
-86.3798,-3.29E-06
-86.3799,-3.29E-06
-86.38,-3.29E-06
-86.3802,-3.29E-06
-86.3803,-3.29E-06
-86.3805,-3.29E-06
-86.3806,-3.29E-06
-86.3808,-3.29E-06
-86.3809,-3.29E-06
-86.381,-3.29E-06
-86.3812,-3.28E-06
-86.3813,-3.28E-06
-86.3815,-3.28E-06
-86.3816,-3.28E-06
-86.3818,-3.28E-06
-86.3819,-3.28E-06
-86.382,-3.28E-06
-86.3822,-3.28E-06
-86.3823,-3.28E-06
-86.3825,-3.28E-06
-86.3826,-3.28E-06
-86.3828,-3.28E-06
-86.3829,-3.28E-06
-86.383,-3.28E-06
-86.3832,-3.28E-06
-86.3833,-3.28E-06
-86.3835,-3.28E-06
-86.3836,-3.28E-06
-86.3837,-3.28E-06
-86.3839,-3.28E-06
-86.384,-3.28E-06
-86.3842,-3.28E-06
-86.3843,-3.28E-06
-86.3845,-3.28E-06
-86.3846,-3.28E-06
-86.3847,-3.28E-06
-86.3849,-3.28E-06
-86.385,-3.28E-06
-86.3852,-3.28E-06
-86.3853,-3.28E-06
-86.3854,-3.28E-06
-86.3856,-3.28E-06
-86.3857,-3.28E-06
-86.3859,-3.28E-06
-86.386,-3.28E-06
-86.3862,-3.28E-06
-86.3863,-3.28E-06
-86.3864,-3.28E-06
-86.3866,-3.28E-06
-86.3867,-3.28E-06
-86.3869,-3.28E-06
-86.387,-3.28E-06
-86.3871,-3.28E-06
-86.3873,-3.28E-06
-86.3874,-3.28E-06
-86.3876,-3.28E-06
-86.3877,-3.28E-06
-86.3879,-3.28E-06
-86.388,-3.27E-06
-86.3881,-3.27E-06
-86.3883,-3.27E-06
-86.3884,-3.27E-06
-86.3886,-3.27E-06
-86.3887,-3.27E-06
-86.3888,-3.27E-06
-86.389,-3.27E-06
-86.3891,-3.27E-06
-86.3893,-3.27E-06
-86.3894,-3.27E-06
-86.3895,-3.27E-06
-86.3897,-3.27E-06
-86.3898,-3.27E-06
-86.39,-3.27E-06
-86.3901,-3.27E-06
-86.3902,-3.27E-06
-86.3904,-3.27E-06
-86.3905,-3.27E-06
-86.3907,-3.27E-06
-86.3908,-3.27E-06
-86.391,-3.27E-06
-86.3911,-3.27E-06
-86.3912,-3.27E-06
-86.3914,-3.27E-06
-86.3915,-3.27E-06
-86.3917,-3.27E-06
-86.3918,-3.27E-06
-86.3919,-3.27E-06
-86.3921,-3.27E-06
-86.3922,-3.27E-06
-86.3924,-3.27E-06
-86.3925,-3.27E-06
-86.3926,-3.27E-06
-86.3928,-3.27E-06
-86.3929,-3.27E-06
-86.3931,-3.27E-06
-86.3932,-3.27E-06
-86.3933,-3.27E-06
-86.3935,-3.27E-06
-86.3936,-3.27E-06
-86.3938,-3.27E-06
-86.3939,-3.27E-06
-86.394,-3.27E-06
-86.3942,-3.27E-06
-86.3943,-3.27E-06
-86.3945,-3.27E-06
-86.3946,-3.27E-06
-86.3947,-3.26E-06
-86.3949,-3.26E-06
-86.395,-3.26E-06
-86.3952,-3.26E-06
-86.3953,-3.26E-06
-86.3954,-3.26E-06
-86.3956,-3.26E-06
-86.3957,-3.26E-06
-86.3959,-3.26E-06
-86.396,-3.26E-06
-86.3961,-3.26E-06
-86.3963,-3.26E-06
-86.3964,-3.26E-06
-86.3966,-3.26E-06
-86.3967,-3.26E-06
-86.3968,-3.26E-06
-86.397,-3.26E-06
-86.3971,-3.26E-06
-86.3973,-3.26E-06
-86.3974,-3.26E-06
-86.3975,-3.26E-06
-86.3977,-3.26E-06
-86.3978,-3.26E-06
-86.398,-3.26E-06
-86.3981,-3.26E-06
-86.3982,-3.26E-06
-86.3984,-3.26E-06
-86.3985,-3.26E-06
-86.3986,-3.26E-06
-86.3988,-3.26E-06
-86.3989,-3.26E-06
-86.3991,-3.26E-06
-86.3992,-3.26E-06
-86.3993,-3.26E-06
-86.3995,-3.26E-06
-86.3996,-3.26E-06
-86.3998,-3.26E-06
-86.3999,-3.26E-06
-86.4,-3.26E-06
-86.4002,-3.26E-06
-86.4003,-3.26E-06
-86.4005,-3.26E-06
-86.4006,-3.26E-06
-86.4007,-3.26E-06
-86.4009,-3.26E-06
-86.401,-3.26E-06
-86.4012,-3.26E-06
-86.4013,-3.26E-06
-86.4014,-3.26E-06
-86.4016,-3.25E-06
-86.4017,-3.25E-06
-86.4018,-3.25E-06
-86.402,-3.25E-06
-86.4021,-3.25E-06
-86.4023,-3.25E-06
-86.4024,-3.25E-06
-86.4025,-3.25E-06
-86.4027,-3.25E-06
-86.4028,-3.25E-06
-86.403,-3.25E-06
-86.4031,-3.25E-06
-86.4032,-3.25E-06
-86.4034,-3.25E-06
-86.4035,-3.25E-06
-86.4036,-3.25E-06
-86.4038,-3.25E-06
-86.4039,-3.25E-06
-86.4041,-3.25E-06
-86.4042,-3.25E-06
-86.4043,-3.25E-06
-86.4045,-3.25E-06
-86.4046,-3.25E-06
-86.4048,-3.25E-06
-86.4049,-3.25E-06
-86.405,-3.25E-06
-86.4052,-3.25E-06
-86.4053,-3.25E-06
-86.4054,-3.25E-06
-86.4056,-3.25E-06
-86.4057,-3.25E-06
-86.4059,-3.25E-06
-86.406,-3.25E-06
-86.4061,-3.25E-06
-86.4063,-3.25E-06
-86.4064,-3.25E-06
-86.4065,-3.25E-06
-86.4067,-3.25E-06
-86.4068,-3.25E-06
-86.407,-3.25E-06
-86.4071,-3.25E-06
-86.4072,-3.25E-06
-86.4074,-3.25E-06
-86.4075,-3.25E-06
-86.4077,-3.25E-06
-86.4078,-3.25E-06
-86.4079,-3.25E-06
-86.4081,-3.25E-06
-86.4082,-3.25E-06
-86.4083,-3.24E-06
-86.4085,-3.24E-06
-86.4086,-3.24E-06
-86.4088,-3.24E-06
-86.4089,-3.24E-06
-86.409,-3.24E-06
-86.4092,-3.24E-06
-86.4093,-3.24E-06
-86.4094,-3.24E-06
-86.4096,-3.24E-06
-86.4097,-3.24E-06
-86.4099,-3.24E-06
-86.41,-3.24E-06
-86.4101,-3.24E-06
-86.4103,-3.24E-06
-86.4104,-3.24E-06
-86.4105,-3.24E-06
-86.4107,-3.24E-06
-86.4108,-3.24E-06
-86.4109,-3.24E-06
-86.4111,-3.24E-06
-86.4112,-3.24E-06
-86.4114,-3.24E-06
-86.4115,-3.24E-06
-86.4116,-3.24E-06
-86.4118,-3.24E-06
-86.4119,-3.24E-06
-86.412,-3.24E-06
-86.4122,-3.24E-06
-86.4123,-3.24E-06
-86.4125,-3.24E-06
-86.4126,-3.24E-06
-86.4127,-3.24E-06
-86.4129,-3.24E-06
-86.413,-3.24E-06
-86.4131,-3.24E-06
-86.4133,-3.24E-06
-86.4134,-3.24E-06
-86.4136,-3.24E-06
-86.4137,-3.24E-06
-86.4138,-3.24E-06
-86.414,-3.24E-06
-86.4141,-3.24E-06
-86.4142,-3.24E-06
-86.4144,-3.24E-06
-86.4145,-3.24E-06
-86.4146,-3.24E-06
-86.4148,-3.24E-06
-86.4149,-3.24E-06
-86.4151,-3.23E-06
-86.4152,-3.23E-06
-86.4153,-3.23E-06
-86.4155,-3.23E-06
-86.4156,-3.23E-06
-86.4157,-3.23E-06
-86.4159,-3.23E-06
-86.416,-3.23E-06
-86.4161,-3.23E-06
-86.4163,-3.23E-06
-86.4164,-3.23E-06
-86.4166,-3.23E-06
-86.4167,-3.23E-06
-86.4168,-3.23E-06
-86.417,-3.23E-06
-86.4171,-3.23E-06
-86.4172,-3.23E-06
-86.4174,-3.23E-06
-86.4175,-3.23E-06
-86.4176,-3.23E-06
-86.4178,-3.23E-06
-86.4179,-3.23E-06
-86.418,-3.23E-06
-86.4182,-3.23E-06
-86.4183,-3.23E-06
-86.4185,-3.23E-06
-86.4186,-3.23E-06
-86.4187,-3.23E-06
-86.4189,-3.23E-06
-86.419,-3.23E-06
-86.4191,-3.23E-06
-86.4193,-3.23E-06
-86.4194,-3.23E-06
-86.4195,-3.23E-06
-86.4197,-3.23E-06
-86.4198,-3.23E-06
-86.4199,-3.23E-06
-86.4201,-3.23E-06
-86.4202,-3.23E-06
-86.4204,-3.23E-06
-86.4205,-3.23E-06
-86.4206,-3.23E-06
-86.4208,-3.23E-06
-86.4209,-3.23E-06
-86.421,-3.23E-06
-86.4212,-3.23E-06
-86.4213,-3.23E-06
-86.4214,-3.23E-06
-86.4216,-3.23E-06
-86.4217,-3.22E-06
-86.4218,-3.22E-06
-86.422,-3.22E-06
-86.4221,-3.22E-06
-86.4223,-3.22E-06
-86.4224,-3.22E-06
-86.4225,-3.22E-06
-86.4227,-3.22E-06
-86.4228,-3.22E-06
-86.4229,-3.22E-06
-86.4231,-3.22E-06
-86.4232,-3.22E-06
-86.4233,-3.22E-06
-86.4235,-3.22E-06
-86.4236,-3.22E-06
-86.4237,-3.22E-06
-86.4239,-3.22E-06
-86.424,-3.22E-06
-86.4241,-3.22E-06
-86.4243,-3.22E-06
-86.4244,-3.22E-06
-86.4245,-3.22E-06
-86.4247,-3.22E-06
-86.4248,-3.22E-06
-86.4249,-3.22E-06
-86.4251,-3.22E-06
-86.4252,-3.22E-06
-86.4254,-3.22E-06
-86.4255,-3.22E-06
-86.4256,-3.22E-06
-86.4258,-3.22E-06
-86.4259,-3.22E-06
-86.426,-3.22E-06
-86.4262,-3.22E-06
-86.4263,-3.22E-06
-86.4264,-3.22E-06
-86.4266,-3.22E-06
-86.4267,-3.22E-06
-86.4268,-3.22E-06
-86.427,-3.22E-06
-86.4271,-3.22E-06
-86.4272,-3.22E-06
-86.4274,-3.22E-06
-86.4275,-3.22E-06
-86.4276,-3.22E-06
-86.4278,-3.22E-06
-86.4279,-3.22E-06
-86.428,-3.22E-06
-86.4282,-3.22E-06
-86.4283,-3.22E-06
-86.4284,-3.22E-06
-86.4286,-3.21E-06
-86.4287,-3.21E-06
-86.4288,-3.21E-06
-86.429,-3.21E-06
-86.4291,-3.21E-06
-86.4292,-3.21E-06
-86.4294,-3.21E-06
-86.4295,-3.21E-06
-86.4296,-3.21E-06
-86.4298,-3.21E-06
-86.4299,-3.21E-06
-86.4301,-3.21E-06
-86.4302,-3.21E-06
-86.4303,-3.21E-06
-86.4305,-3.21E-06
-86.4306,-3.21E-06
-86.4307,-3.21E-06
-86.4309,-3.21E-06
-86.431,-3.21E-06
-86.4311,-3.21E-06
-86.4313,-3.21E-06
-86.4314,-3.21E-06
-86.4315,-3.21E-06
-86.4317,-3.21E-06
-86.4318,-3.21E-06
-86.4319,-3.21E-06
-86.4321,-3.21E-06
-86.4322,-3.21E-06
-86.4323,-3.21E-06
-86.4325,-3.21E-06
-86.4326,-3.21E-06
-86.4327,-3.21E-06
-86.4329,-3.21E-06
-86.433,-3.21E-06
-86.4331,-3.21E-06
-86.4333,-3.21E-06
-86.4334,-3.21E-06
-86.4335,-3.21E-06
-86.4337,-3.21E-06
-86.4338,-3.21E-06
-86.4339,-3.21E-06
-86.4341,-3.21E-06
-86.4342,-3.21E-06
-86.4343,-3.21E-06
-86.4345,-3.21E-06
-86.4346,-3.21E-06
-86.4347,-3.21E-06
-86.4349,-3.21E-06
-86.435,-3.21E-06
-86.4351,-3.21E-06
-86.4353,-3.20E-06
-86.4354,-3.20E-06
-86.4355,-3.20E-06
-86.4357,-3.20E-06
-86.4358,-3.20E-06
-86.4359,-3.20E-06
-86.436,-3.20E-06
-86.4362,-3.20E-06
-86.4363,-3.20E-06
-86.4364,-3.20E-06
-86.4366,-3.20E-06
-86.4367,-3.20E-06
-86.4368,-3.20E-06
-86.437,-3.20E-06
-86.4371,-3.20E-06
-86.4372,-3.20E-06
-86.4374,-3.20E-06
-86.4375,-3.20E-06
-86.4376,-3.20E-06
-86.4378,-3.20E-06
-86.4379,-3.20E-06
-86.438,-3.20E-06
-86.4382,-3.20E-06
-86.4383,-3.20E-06
-86.4384,-3.20E-06
-86.4386,-3.20E-06
-86.4387,-3.20E-06
-86.4388,-3.20E-06
-86.439,-3.20E-06
-86.4391,-3.20E-06
-86.4392,-3.20E-06
-86.4394,-3.20E-06
-86.4395,-3.20E-06
-86.4396,-3.20E-06
-86.4398,-3.20E-06
-86.4399,-3.20E-06
-86.44,-3.20E-06
-86.4402,-3.20E-06
-86.4403,-3.20E-06
-86.4404,-3.20E-06
-86.4406,-3.20E-06
-86.4407,-3.20E-06
-86.4408,-3.20E-06
-86.4409,-3.20E-06
-86.4411,-3.20E-06
-86.4412,-3.20E-06
-86.4413,-3.20E-06
-86.4415,-3.20E-06
-86.4416,-3.20E-06
-86.4417,-3.20E-06
-86.4419,-3.20E-06
-86.442,-3.20E-06
-86.4421,-3.19E-06
-86.4423,-3.19E-06
-86.4424,-3.19E-06
-86.4425,-3.19E-06
-86.4427,-3.19E-06
-86.4428,-3.19E-06
-86.4429,-3.19E-06
-86.4431,-3.19E-06
-86.4432,-3.19E-06
-86.4433,-3.19E-06
-86.4434,-3.19E-06
-86.4436,-3.19E-06
-86.4437,-3.19E-06
-86.4438,-3.19E-06
-86.444,-3.19E-06
-86.4441,-3.19E-06
-86.4442,-3.19E-06
-86.4444,-3.19E-06
-86.4445,-3.19E-06
-86.4446,-3.19E-06
-86.4448,-3.19E-06
-86.4449,-3.19E-06
-86.445,-3.19E-06
-86.4452,-3.19E-06
-86.4453,-3.19E-06
-86.4454,-3.19E-06
-86.4456,-3.19E-06
-86.4457,-3.19E-06
-86.4458,-3.19E-06
-86.4459,-3.19E-06
-86.4461,-3.19E-06
-86.4462,-3.19E-06
-86.4463,-3.19E-06
-86.4465,-3.19E-06
-86.4466,-3.19E-06
-86.4467,-3.19E-06
-86.4469,-3.19E-06
-86.447,-3.19E-06
-86.4471,-3.19E-06
-86.4473,-3.19E-06
-86.4474,-3.19E-06
-86.4475,-3.19E-06
-86.4476,-3.19E-06
-86.4478,-3.19E-06
-86.4479,-3.19E-06
-86.448,-3.19E-06
-86.4482,-3.19E-06
-86.4483,-3.19E-06
-86.4484,-3.19E-06
-86.4486,-3.19E-06
-86.4487,-3.19E-06
-86.4488,-3.19E-06
-86.449,-3.19E-06
-86.4491,-3.18E-06
-86.4492,-3.18E-06
-86.4493,-3.18E-06
-86.4495,-3.18E-06
-86.4496,-3.18E-06
-86.4497,-3.18E-06
-86.4499,-3.18E-06
-86.45,-3.18E-06
-86.4501,-3.18E-06
-86.4503,-3.18E-06
-86.4504,-3.18E-06
-86.4505,-3.18E-06
-86.4506,-3.18E-06
-86.4508,-3.18E-06
-86.4509,-3.18E-06
-86.451,-3.18E-06
-86.4512,-3.18E-06
-86.4513,-3.18E-06
-86.4514,-3.18E-06
-86.4516,-3.18E-06
-86.4517,-3.18E-06
-86.4518,-3.18E-06
-86.452,-3.18E-06
-86.4521,-3.18E-06
-86.4522,-3.18E-06
-86.4523,-3.18E-06
-86.4525,-3.18E-06
-86.4526,-3.18E-06
-86.4527,-3.18E-06
-86.4529,-3.18E-06
-86.453,-3.18E-06
-86.4531,-3.18E-06
-86.4533,-3.18E-06
-86.4534,-3.18E-06
-86.4535,-3.18E-06
-86.4536,-3.18E-06
-86.4538,-3.18E-06
-86.4539,-3.18E-06
-86.454,-3.18E-06
-86.4542,-3.18E-06
-86.4543,-3.18E-06
-86.4544,-3.18E-06
-86.4545,-3.18E-06
-86.4547,-3.18E-06
-86.4548,-3.18E-06
-86.4549,-3.18E-06
-86.4551,-3.18E-06
-86.4552,-3.18E-06
-86.4553,-3.18E-06
-86.4555,-3.18E-06
-86.4556,-3.18E-06
-86.4557,-3.18E-06
-86.4558,-3.17E-06
-86.456,-3.17E-06
-86.4561,-3.17E-06
-86.4562,-3.17E-06
-86.4564,-3.17E-06
-86.4565,-3.17E-06
-86.4566,-3.17E-06
-86.4567,-3.17E-06
-86.4569,-3.17E-06
-86.457,-3.17E-06
-86.4571,-3.17E-06
-86.4573,-3.17E-06
-86.4574,-3.17E-06
-86.4575,-3.17E-06
-86.4577,-3.17E-06
-86.4578,-3.17E-06
-86.4579,-3.17E-06
-86.458,-3.17E-06
-86.4582,-3.17E-06
-86.4583,-3.17E-06
-86.4584,-3.17E-06
-86.4586,-3.17E-06
-86.4587,-3.17E-06
-86.4588,-3.17E-06
-86.4589,-3.17E-06
-86.4591,-3.17E-06
-86.4592,-3.17E-06
-86.4593,-3.17E-06
-86.4595,-3.17E-06
-86.4596,-3.17E-06
-86.4597,-3.17E-06
-86.4598,-3.17E-06
-86.46,-3.17E-06
-86.4601,-3.17E-06
-86.4602,-3.17E-06
-86.4604,-3.17E-06
-86.4605,-3.17E-06
-86.4606,-3.17E-06
-86.4607,-3.17E-06
-86.4609,-3.17E-06
-86.461,-3.17E-06
-86.4611,-3.17E-06
-86.4613,-3.17E-06
-86.4614,-3.17E-06
-86.4615,-3.17E-06
-86.4616,-3.17E-06
-86.4618,-3.17E-06
-86.4619,-3.17E-06
-86.462,-3.17E-06
-86.4622,-3.17E-06
-86.4623,-3.17E-06
-86.4624,-3.17E-06
-86.4625,-3.17E-06
-86.4627,-3.16E-06
-86.4628,-3.16E-06
-86.4629,-3.16E-06
-86.4631,-3.16E-06
-86.4632,-3.16E-06
-86.4633,-3.16E-06
-86.4634,-3.16E-06
-86.4636,-3.16E-06
-86.4637,-3.16E-06
-86.4638,-3.16E-06
-86.464,-3.16E-06
-86.4641,-3.16E-06
-86.4642,-3.16E-06
-86.4643,-3.16E-06
-86.4645,-3.16E-06
-86.4646,-3.16E-06
-86.4647,-3.16E-06
-86.4648,-3.16E-06
-86.465,-3.16E-06
-86.4651,-3.16E-06
-86.4652,-3.16E-06
-86.4654,-3.16E-06
-86.4655,-3.16E-06
-86.4656,-3.16E-06
-86.4657,-3.16E-06
-86.4659,-3.16E-06
-86.466,-3.16E-06
-86.4661,-3.16E-06
-86.4663,-3.16E-06
-86.4664,-3.16E-06
-86.4665,-3.16E-06
-86.4666,-3.16E-06
-86.4668,-3.16E-06
-86.4669,-3.16E-06
-86.467,-3.16E-06
-86.4671,-3.16E-06
-86.4673,-3.16E-06
-86.4674,-3.16E-06
-86.4675,-3.16E-06
-86.4677,-3.16E-06
-86.4678,-3.16E-06
-86.4679,-3.16E-06
-86.468,-3.16E-06
-86.4682,-3.16E-06
-86.4683,-3.16E-06
-86.4684,-3.16E-06
-86.4685,-3.16E-06
-86.4687,-3.16E-06
-86.4688,-3.16E-06
-86.4689,-3.16E-06
-86.4691,-3.16E-06
-86.4692,-3.16E-06
-86.4693,-3.16E-06
-86.4694,-3.16E-06
-86.4696,-3.15E-06
-86.4697,-3.15E-06
-86.4698,-3.15E-06
-86.4699,-3.15E-06
-86.4701,-3.15E-06
-86.4702,-3.15E-06
-86.4703,-3.15E-06
-86.4705,-3.15E-06
-86.4706,-3.15E-06
-86.4707,-3.15E-06
-86.4708,-3.15E-06
-86.471,-3.15E-06
-86.4711,-3.15E-06
-86.4712,-3.15E-06
-86.4713,-3.15E-06
-86.4715,-3.15E-06
-86.4716,-3.15E-06
-86.4717,-3.15E-06
-86.4718,-3.15E-06
-86.472,-3.15E-06
-86.4721,-3.15E-06
-86.4722,-3.15E-06
-86.4724,-3.15E-06
-86.4725,-3.15E-06
-86.4726,-3.15E-06
-86.4727,-3.15E-06
-86.4729,-3.15E-06
-86.473,-3.15E-06
-86.4731,-3.15E-06
-86.4732,-3.15E-06
-86.4734,-3.15E-06
-86.4735,-3.15E-06
-86.4736,-3.15E-06
-86.4737,-3.15E-06
-86.4739,-3.15E-06
-86.474,-3.15E-06
-86.4741,-3.15E-06
-86.4743,-3.15E-06
-86.4744,-3.15E-06
-86.4745,-3.15E-06
-86.4746,-3.15E-06
-86.4748,-3.15E-06
-86.4749,-3.15E-06
-86.475,-3.15E-06
-86.4751,-3.15E-06
-86.4753,-3.15E-06
-86.4754,-3.15E-06
-86.4755,-3.15E-06
-86.4756,-3.15E-06
-86.4758,-3.15E-06
-86.4759,-3.15E-06
-86.476,-3.15E-06
-86.4761,-3.15E-06
-86.4763,-3.14E-06
-86.4764,-3.14E-06
-86.4765,-3.14E-06
-86.4766,-3.14E-06
-86.4768,-3.14E-06
-86.4769,-3.14E-06
-86.477,-3.14E-06
-86.4771,-3.14E-06
-86.4773,-3.14E-06
-86.4774,-3.14E-06
-86.4775,-3.14E-06
-86.4777,-3.14E-06
-86.4778,-3.14E-06
-86.4779,-3.14E-06
-86.478,-3.14E-06
-86.4782,-3.14E-06
-86.4783,-3.14E-06
-86.4784,-3.14E-06
-86.4785,-3.14E-06
-86.4787,-3.14E-06
-86.4788,-3.14E-06
-86.4789,-3.14E-06
-86.479,-3.14E-06
-86.4792,-3.14E-06
-86.4793,-3.14E-06
-86.4794,-3.14E-06
-86.4795,-3.14E-06
-86.4797,-3.14E-06
-86.4798,-3.14E-06
-86.4799,-3.14E-06
-86.48,-3.14E-06
-86.4802,-3.14E-06
-86.4803,-3.14E-06
-86.4804,-3.14E-06
-86.4805,-3.14E-06
-86.4807,-3.14E-06
-86.4808,-3.14E-06
-86.4809,-3.14E-06
-86.481,-3.14E-06
-86.4812,-3.14E-06
-86.4813,-3.14E-06
-86.4814,-3.14E-06
-86.4815,-3.14E-06
-86.4817,-3.14E-06
-86.4818,-3.14E-06
-86.4819,-3.14E-06
-86.482,-3.14E-06
-86.4822,-3.14E-06
-86.4823,-3.14E-06
-86.4824,-3.14E-06
-86.4825,-3.14E-06
-86.4827,-3.14E-06
-86.4828,-3.14E-06
-86.4829,-3.14E-06
-86.483,-3.13E-06
-86.4832,-3.13E-06
-86.4833,-3.13E-06
-86.4834,-3.13E-06
-86.4835,-3.13E-06
-86.4837,-3.13E-06
-86.4838,-3.13E-06
-86.4839,-3.13E-06
-86.484,-3.13E-06
-86.4842,-3.13E-06
-86.4843,-3.13E-06
-86.4844,-3.13E-06
-86.4845,-3.13E-06
-86.4847,-3.13E-06
-86.4848,-3.13E-06
-86.4849,-3.13E-06
-86.485,-3.13E-06
-86.4852,-3.13E-06
-86.4853,-3.13E-06
-86.4854,-3.13E-06
-86.4855,-3.13E-06
-86.4857,-3.13E-06
-86.4858,-3.13E-06
-86.4859,-3.13E-06
-86.486,-3.13E-06
-86.4862,-3.13E-06
-86.4863,-3.13E-06
-86.4864,-3.13E-06
-86.4865,-3.13E-06
-86.4866,-3.13E-06
-86.4868,-3.13E-06
-86.4869,-3.13E-06
-86.487,-3.13E-06
-86.4871,-3.13E-06
-86.4873,-3.13E-06
-86.4874,-3.13E-06
-86.4875,-3.13E-06
-86.4876,-3.13E-06
-86.4878,-3.13E-06
-86.4879,-3.13E-06
-86.488,-3.13E-06
-86.4881,-3.13E-06
-86.4883,-3.13E-06
-86.4884,-3.13E-06
-86.4885,-3.13E-06
-86.4886,-3.13E-06
-86.4888,-3.13E-06
-86.4889,-3.13E-06
-86.489,-3.13E-06
-86.4891,-3.13E-06
-86.4893,-3.13E-06
-86.4894,-3.13E-06
-86.4895,-3.13E-06
-86.4896,-3.13E-06
-86.4897,-3.13E-06
-86.4899,-3.13E-06
-86.49,-3.12E-06
-86.4901,-3.12E-06
-86.4902,-3.12E-06
-86.4904,-3.12E-06
-86.4905,-3.12E-06
-86.4906,-3.12E-06
-86.4907,-3.12E-06
-86.4909,-3.12E-06
-86.491,-3.12E-06
-86.4911,-3.12E-06
-86.4912,-3.12E-06
-86.4914,-3.12E-06
-86.4915,-3.12E-06
-86.4916,-3.12E-06
-86.4917,-3.12E-06
-86.4918,-3.12E-06
-86.492,-3.12E-06
-86.4921,-3.12E-06
-86.4922,-3.12E-06
-86.4923,-3.12E-06
-86.4925,-3.12E-06
-86.4926,-3.12E-06
-86.4927,-3.12E-06
-86.4928,-3.12E-06
-86.493,-3.12E-06
-86.4931,-3.12E-06
-86.4932,-3.12E-06
-86.4933,-3.12E-06
-86.4934,-3.12E-06
-86.4936,-3.12E-06
-86.4937,-3.12E-06
-86.4938,-3.12E-06
-86.4939,-3.12E-06
-86.4941,-3.12E-06
-86.4942,-3.12E-06
-86.4943,-3.12E-06
-86.4944,-3.12E-06
-86.4946,-3.12E-06
-86.4947,-3.12E-06
-86.4948,-3.12E-06
-86.4949,-3.12E-06
-86.495,-3.12E-06
-86.4952,-3.12E-06
-86.4953,-3.12E-06
-86.4954,-3.12E-06
-86.4955,-3.12E-06
-86.4957,-3.12E-06
-86.4958,-3.12E-06
-86.4959,-3.12E-06
-86.496,-3.12E-06
-86.4961,-3.12E-06
-86.4963,-3.12E-06
-86.4964,-3.12E-06
-86.4965,-3.12E-06
-86.4966,-3.12E-06
-86.4968,-3.12E-06
-86.4969,-3.11E-06
-86.497,-3.11E-06
-86.4971,-3.11E-06
-86.4973,-3.11E-06
-86.4974,-3.11E-06
-86.4975,-3.11E-06
-86.4976,-3.11E-06
-86.4977,-3.11E-06
-86.4979,-3.11E-06
-86.498,-3.11E-06
-86.4981,-3.11E-06
-86.4982,-3.11E-06
-86.4984,-3.11E-06
-86.4985,-3.11E-06
-86.4986,-3.11E-06
-86.4987,-3.11E-06
-86.4988,-3.11E-06
-86.499,-3.11E-06
-86.4991,-3.11E-06
-86.4992,-3.11E-06
-86.4993,-3.11E-06
-86.4995,-3.11E-06
-86.4996,-3.11E-06
-86.4997,-3.11E-06
-86.4998,-3.11E-06
-86.4999,-3.11E-06
-86.5001,-3.11E-06
-86.5002,-3.11E-06
-86.5003,-3.11E-06
-86.5004,-3.11E-06
-86.5005,-3.11E-06
-86.5007,-3.11E-06
-86.5008,-3.11E-06
-86.5009,-3.11E-06
-86.501,-3.11E-06
-86.5012,-3.11E-06
-86.5013,-3.11E-06
-86.5014,-3.11E-06
-86.5015,-3.11E-06
-86.5016,-3.11E-06
-86.5018,-3.11E-06
-86.5019,-3.11E-06
-86.502,-3.11E-06
-86.5021,-3.11E-06
-86.5023,-3.11E-06
-86.5024,-3.11E-06
-86.5025,-3.11E-06
-86.5026,-3.11E-06
-86.5027,-3.11E-06
-86.5029,-3.11E-06
-86.503,-3.11E-06
-86.5031,-3.11E-06
-86.5032,-3.11E-06
-86.5033,-3.11E-06
-86.5035,-3.11E-06
-86.5036,-3.11E-06
-86.5037,-3.11E-06
-86.5038,-3.10E-06
-86.504,-3.10E-06
-86.5041,-3.10E-06
-86.5042,-3.10E-06
-86.5043,-3.10E-06
-86.5044,-3.10E-06
-86.5046,-3.10E-06
-86.5047,-3.10E-06
-86.5048,-3.10E-06
-86.5049,-3.10E-06
-86.505,-3.10E-06
-86.5052,-3.10E-06
-86.5053,-3.10E-06
-86.5054,-3.10E-06
-86.5055,-3.10E-06
-86.5057,-3.10E-06
-86.5058,-3.10E-06
-86.5059,-3.10E-06
-86.506,-3.10E-06
-86.5061,-3.10E-06
-86.5063,-3.10E-06
-86.5064,-3.10E-06
-86.5065,-3.10E-06
-86.5066,-3.10E-06
-86.5067,-3.10E-06
-86.5069,-3.10E-06
-86.507,-3.10E-06
-86.5071,-3.10E-06
-86.5072,-3.10E-06
-86.5073,-3.10E-06
-86.5075,-3.10E-06
-86.5076,-3.10E-06
-86.5077,-3.10E-06
-86.5078,-3.10E-06
-86.5079,-3.10E-06
-86.5081,-3.10E-06
-86.5082,-3.10E-06
-86.5083,-3.10E-06
-86.5084,-3.10E-06
-86.5085,-3.10E-06
-86.5087,-3.10E-06
-86.5088,-3.10E-06
-86.5089,-3.10E-06
-86.509,-3.10E-06
-86.5092,-3.10E-06
-86.5093,-3.10E-06
-86.5094,-3.10E-06
-86.5095,-3.10E-06
-86.5096,-3.10E-06
-86.5098,-3.10E-06
-86.5099,-3.10E-06
-86.51,-3.10E-06
-86.5101,-3.10E-06
-86.5102,-3.10E-06
-86.5104,-3.10E-06
-86.5105,-3.10E-06
-86.5106,-3.10E-06
-86.5107,-3.10E-06
-86.5108,-3.09E-06
-86.511,-3.09E-06
-86.5111,-3.09E-06
-86.5112,-3.09E-06
-86.5113,-3.09E-06
-86.5114,-3.09E-06
-86.5116,-3.09E-06
-86.5117,-3.09E-06
-86.5118,-3.09E-06
-86.5119,-3.09E-06
-86.512,-3.09E-06
-86.5122,-3.09E-06
-86.5123,-3.09E-06
-86.5124,-3.09E-06
-86.5125,-3.09E-06
-86.5126,-3.09E-06
-86.5128,-3.09E-06
-86.5129,-3.09E-06
-86.513,-3.09E-06
-86.5131,-3.09E-06
-86.5132,-3.09E-06
-86.5134,-3.09E-06
-86.5135,-3.09E-06
-86.5136,-3.09E-06
-86.5137,-3.09E-06
-86.5138,-3.09E-06
-86.514,-3.09E-06
-86.5141,-3.09E-06
-86.5142,-3.09E-06
-86.5143,-3.09E-06
-86.5144,-3.09E-06
-86.5146,-3.09E-06
-86.5147,-3.09E-06
-86.5148,-3.09E-06
-86.5149,-3.09E-06
-86.515,-3.09E-06
-86.5151,-3.09E-06
-86.5153,-3.09E-06
-86.5154,-3.09E-06
-86.5155,-3.09E-06
-86.5156,-3.09E-06
-86.5157,-3.09E-06
-86.5159,-3.09E-06
-86.516,-3.09E-06
-86.5161,-3.09E-06
-86.5162,-3.09E-06
-86.5163,-3.09E-06
-86.5165,-3.09E-06
-86.5166,-3.09E-06
-86.5167,-3.09E-06
-86.5168,-3.09E-06
-86.5169,-3.09E-06
-86.5171,-3.09E-06
-86.5172,-3.09E-06
-86.5173,-3.09E-06
-86.5174,-3.09E-06
-86.5175,-3.09E-06
-86.5177,-3.08E-06
-86.5178,-3.08E-06
-86.5179,-3.08E-06
-86.518,-3.08E-06
-86.5181,-3.08E-06
-86.5182,-3.08E-06
-86.5184,-3.08E-06
-86.5185,-3.08E-06
-86.5186,-3.08E-06
-86.5187,-3.08E-06
-86.5188,-3.08E-06
-86.519,-3.08E-06
-86.5191,-3.08E-06
-86.5192,-3.08E-06
-86.5193,-3.08E-06
-86.5194,-3.08E-06
-86.5196,-3.08E-06
-86.5197,-3.08E-06
-86.5198,-3.08E-06
-86.5199,-3.08E-06
-86.52,-3.08E-06
-86.5201,-3.08E-06
-86.5203,-3.08E-06
-86.5204,-3.08E-06
-86.5205,-3.08E-06
-86.5206,-3.08E-06
-86.5207,-3.08E-06
-86.5209,-3.08E-06
-86.521,-3.08E-06
-86.5211,-3.08E-06
-86.5212,-3.08E-06
-86.5213,-3.08E-06
-86.5215,-3.08E-06
-86.5216,-3.08E-06
-86.5217,-3.08E-06
-86.5218,-3.08E-06
-86.5219,-3.08E-06
-86.522,-3.08E-06
-86.5222,-3.08E-06
-86.5223,-3.08E-06
-86.5224,-3.08E-06
-86.5225,-3.08E-06
-86.5226,-3.08E-06
-86.5228,-3.08E-06
-86.5229,-3.08E-06
-86.523,-3.08E-06
-86.5231,-3.08E-06
-86.5232,-3.08E-06
-86.5233,-3.08E-06
-86.5235,-3.08E-06
-86.5236,-3.08E-06
-86.5237,-3.08E-06
-86.5238,-3.08E-06
-86.5239,-3.08E-06
-86.5241,-3.08E-06
-86.5242,-3.08E-06
-86.5243,-3.08E-06
-86.5244,-3.08E-06
-86.5245,-3.07E-06
-86.5246,-3.07E-06
-86.5248,-3.07E-06
-86.5249,-3.07E-06
-86.525,-3.07E-06
-86.5251,-3.07E-06
-86.5252,-3.07E-06
-86.5253,-3.07E-06
-86.5255,-3.07E-06
-86.5256,-3.07E-06
-86.5257,-3.07E-06
-86.5258,-3.07E-06
-86.5259,-3.07E-06
-86.5261,-3.07E-06
-86.5262,-3.07E-06
-86.5263,-3.07E-06
-86.5264,-3.07E-06
-86.5265,-3.07E-06
-86.5266,-3.07E-06
-86.5268,-3.07E-06
-86.5269,-3.07E-06
-86.527,-3.07E-06
-86.5271,-3.07E-06
-86.5272,-3.07E-06
-86.5273,-3.07E-06
-86.5275,-3.07E-06
-86.5276,-3.07E-06
-86.5277,-3.07E-06
-86.5278,-3.07E-06
-86.5279,-3.07E-06
-86.5281,-3.07E-06
-86.5282,-3.07E-06
-86.5283,-3.07E-06
-86.5284,-3.07E-06
-86.5285,-3.07E-06
-86.5286,-3.07E-06
-86.5288,-3.07E-06
-86.5289,-3.07E-06
-86.529,-3.07E-06
-86.5291,-3.07E-06
-86.5292,-3.07E-06
-86.5293,-3.07E-06
-86.5295,-3.07E-06
-86.5296,-3.07E-06
-86.5297,-3.07E-06
-86.5298,-3.07E-06
-86.5299,-3.07E-06
-86.53,-3.07E-06
-86.5302,-3.07E-06
-86.5303,-3.07E-06
-86.5304,-3.07E-06
-86.5305,-3.07E-06
-86.5306,-3.07E-06
-86.5307,-3.07E-06
-86.5309,-3.07E-06
-86.531,-3.07E-06
-86.5311,-3.07E-06
-86.5312,-3.07E-06
-86.5313,-3.06E-06
-86.5314,-3.06E-06
-86.5316,-3.06E-06
-86.5317,-3.06E-06
-86.5318,-3.06E-06
-86.5319,-3.06E-06
-86.532,-3.06E-06
-86.5321,-3.06E-06
-86.5323,-3.06E-06
-86.5324,-3.06E-06
-86.5325,-3.06E-06
-86.5326,-3.06E-06
-86.5327,-3.06E-06
-86.5328,-3.06E-06
-86.533,-3.06E-06
-86.5331,-3.06E-06
-86.5332,-3.06E-06
-86.5333,-3.06E-06
-86.5334,-3.06E-06
-86.5335,-3.06E-06
-86.5337,-3.06E-06
-86.5338,-3.06E-06
-86.5339,-3.06E-06
-86.534,-3.06E-06
-86.5341,-3.06E-06
-86.5342,-3.06E-06
-86.5344,-3.06E-06
-86.5345,-3.06E-06
-86.5346,-3.06E-06
-86.5347,-3.06E-06
-86.5348,-3.06E-06
-86.5349,-3.06E-06
-86.5351,-3.06E-06
-86.5352,-3.06E-06
-86.5353,-3.06E-06
-86.5354,-3.06E-06
-86.5355,-3.06E-06
-86.5356,-3.06E-06
-86.5358,-3.06E-06
-86.5359,-3.06E-06
-86.536,-3.06E-06
-86.5361,-3.06E-06
-86.5362,-3.06E-06
-86.5363,-3.06E-06
-86.5364,-3.06E-06
-86.5366,-3.06E-06
-86.5367,-3.06E-06
-86.5368,-3.06E-06
-86.5369,-3.06E-06
-86.537,-3.06E-06
-86.5371,-3.06E-06
-86.5373,-3.06E-06
-86.5374,-3.06E-06
-86.5375,-3.06E-06
-86.5376,-3.06E-06
-86.5377,-3.06E-06
-86.5378,-3.06E-06
-86.538,-3.06E-06
-86.5381,-3.06E-06
-86.5382,-3.06E-06
-86.5383,-3.05E-06
-86.5384,-3.05E-06
-86.5385,-3.05E-06
-86.5386,-3.05E-06
-86.5388,-3.05E-06
-86.5389,-3.05E-06
-86.539,-3.05E-06
-86.5391,-3.05E-06
-86.5392,-3.05E-06
-86.5393,-3.05E-06
-86.5395,-3.05E-06
-86.5396,-3.05E-06
-86.5397,-3.05E-06
-86.5398,-3.05E-06
-86.5399,-3.05E-06
-86.54,-3.05E-06
-86.5401,-3.05E-06
-86.5403,-3.05E-06
-86.5404,-3.05E-06
-86.5405,-3.05E-06
-86.5406,-3.05E-06
-86.5407,-3.05E-06
-86.5408,-3.05E-06
-86.541,-3.05E-06
-86.5411,-3.05E-06
-86.5412,-3.05E-06
-86.5413,-3.05E-06
-86.5414,-3.05E-06
-86.5415,-3.05E-06
-86.5416,-3.05E-06
-86.5418,-3.05E-06
-86.5419,-3.05E-06
-86.542,-3.05E-06
-86.5421,-3.05E-06
-86.5422,-3.05E-06
-86.5423,-3.05E-06
-86.5425,-3.05E-06
-86.5426,-3.05E-06
-86.5427,-3.05E-06
-86.5428,-3.05E-06
-86.5429,-3.05E-06
-86.543,-3.05E-06
-86.5431,-3.05E-06
-86.5433,-3.05E-06
-86.5434,-3.05E-06
-86.5435,-3.05E-06
-86.5436,-3.05E-06
-86.5437,-3.05E-06
-86.5438,-3.05E-06
-86.5439,-3.05E-06
-86.5441,-3.05E-06
-86.5442,-3.05E-06
-86.5443,-3.05E-06
-86.5444,-3.05E-06
-86.5445,-3.05E-06
-86.5446,-3.05E-06
-86.5447,-3.05E-06
-86.5449,-3.05E-06
-86.545,-3.05E-06
-86.5451,-3.05E-06
-86.5452,-3.04E-06
-86.5453,-3.04E-06
-86.5454,-3.04E-06
-86.5455,-3.04E-06
-86.5457,-3.04E-06
-86.5458,-3.04E-06
-86.5459,-3.04E-06
-86.546,-3.04E-06
-86.5461,-3.04E-06
-86.5462,-3.04E-06
-86.5463,-3.04E-06
-86.5465,-3.04E-06
-86.5466,-3.04E-06
-86.5467,-3.04E-06
-86.5468,-3.04E-06
-86.5469,-3.04E-06
-86.547,-3.04E-06
-86.5471,-3.04E-06
-86.5473,-3.04E-06
-86.5474,-3.04E-06
-86.5475,-3.04E-06
-86.5476,-3.04E-06
-86.5477,-3.04E-06
-86.5478,-3.04E-06
-86.5479,-3.04E-06
-86.5481,-3.04E-06
-86.5482,-3.04E-06
-86.5483,-3.04E-06
-86.5484,-3.04E-06
-86.5485,-3.04E-06
-86.5486,-3.04E-06
-86.5487,-3.04E-06
-86.5489,-3.04E-06
-86.549,-3.04E-06
-86.5491,-3.04E-06
-86.5492,-3.04E-06
-86.5493,-3.04E-06
-86.5494,-3.04E-06
-86.5495,-3.04E-06
-86.5497,-3.04E-06
-86.5498,-3.04E-06
-86.5499,-3.04E-06
-86.55,-3.04E-06
-86.5501,-3.04E-06
-86.5502,-3.04E-06
-86.5503,-3.04E-06
-86.5505,-3.04E-06
-86.5506,-3.04E-06
-86.5507,-3.04E-06
-86.5508,-3.04E-06
-86.5509,-3.04E-06
-86.551,-3.04E-06
-86.5511,-3.04E-06
-86.5512,-3.04E-06
-86.5514,-3.04E-06
-86.5515,-3.04E-06
-86.5516,-3.04E-06
-86.5517,-3.04E-06
-86.5518,-3.04E-06
-86.5519,-3.04E-06
-86.552,-3.04E-06
-86.5522,-3.04E-06
-86.5523,-3.04E-06
-86.5524,-3.03E-06
-86.5525,-3.03E-06
-86.5526,-3.03E-06
-86.5527,-3.03E-06
-86.5528,-3.03E-06
-86.553,-3.03E-06
-86.5531,-3.03E-06
-86.5532,-3.03E-06
-86.5533,-3.03E-06
-86.5534,-3.03E-06
-86.5535,-3.03E-06
-86.5536,-3.03E-06
-86.5537,-3.03E-06
-86.5539,-3.03E-06
-86.554,-3.03E-06
-86.5541,-3.03E-06
-86.5542,-3.03E-06
-86.5543,-3.03E-06
-86.5544,-3.03E-06
-86.5545,-3.03E-06
-86.5546,-3.03E-06
-86.5548,-3.03E-06
-86.5549,-3.03E-06
-86.555,-3.03E-06
-86.5551,-3.03E-06
-86.5552,-3.03E-06
-86.5553,-3.03E-06
-86.5554,-3.03E-06
-86.5556,-3.03E-06
-86.5557,-3.03E-06
-86.5558,-3.03E-06
-86.5559,-3.03E-06
-86.556,-3.03E-06
-86.5561,-3.03E-06
-86.5562,-3.03E-06
-86.5563,-3.03E-06
-86.5565,-3.03E-06
-86.5566,-3.03E-06
-86.5567,-3.03E-06
-86.5568,-3.03E-06
-86.5569,-3.03E-06
-86.557,-3.03E-06
-86.5571,-3.03E-06
-86.5572,-3.03E-06
-86.5574,-3.03E-06
-86.5575,-3.03E-06
-86.5576,-3.03E-06
-86.5577,-3.03E-06
-86.5578,-3.03E-06
-86.5579,-3.03E-06
-86.558,-3.03E-06
-86.5581,-3.03E-06
-86.5583,-3.03E-06
-86.5584,-3.03E-06
-86.5585,-3.03E-06
-86.5586,-3.03E-06
-86.5587,-3.03E-06
-86.5588,-3.03E-06
-86.5589,-3.03E-06
-86.559,-3.03E-06
-86.5592,-3.03E-06
-86.5593,-3.03E-06
-86.5594,-3.03E-06
-86.5595,-3.02E-06
-86.5596,-3.02E-06
-86.5597,-3.02E-06
-86.5598,-3.02E-06
-86.5599,-3.02E-06
-86.56,-3.02E-06
-86.5602,-3.02E-06
-86.5603,-3.02E-06
-86.5604,-3.02E-06
-86.5605,-3.02E-06
-86.5606,-3.02E-06
-86.5607,-3.02E-06
-86.5608,-3.02E-06
-86.5609,-3.02E-06
-86.5611,-3.02E-06
-86.5612,-3.02E-06
-86.5613,-3.02E-06
-86.5614,-3.02E-06
-86.5615,-3.02E-06
-86.5616,-3.02E-06
-86.5617,-3.02E-06
-86.5618,-3.02E-06
-86.562,-3.02E-06
-86.5621,-3.02E-06
-86.5622,-3.02E-06
-86.5623,-3.02E-06
-86.5624,-3.02E-06
-86.5625,-3.02E-06
-86.5626,-3.02E-06
-86.5627,-3.02E-06
-86.5628,-3.02E-06
-86.563,-3.02E-06
-86.5631,-3.02E-06
-86.5632,-3.02E-06
-86.5633,-3.02E-06
-86.5634,-3.02E-06
-86.5635,-3.02E-06
-86.5636,-3.02E-06
-86.5637,-3.02E-06
-86.5639,-3.02E-06
-86.564,-3.02E-06
-86.5641,-3.02E-06
-86.5642,-3.02E-06
-86.5643,-3.02E-06
-86.5644,-3.02E-06
-86.5645,-3.02E-06
-86.5646,-3.02E-06
-86.5647,-3.02E-06
-86.5649,-3.02E-06
-86.565,-3.02E-06
-86.5651,-3.02E-06
-86.5652,-3.02E-06
-86.5653,-3.02E-06
-86.5654,-3.02E-06
-86.5655,-3.02E-06
-86.5656,-3.02E-06
-86.5657,-3.02E-06
-86.5659,-3.02E-06
-86.566,-3.02E-06
-86.5661,-3.02E-06
-86.5662,-3.02E-06
-86.5663,-3.02E-06
-86.5664,-3.01E-06
-86.5665,-3.01E-06
-86.5666,-3.01E-06
-86.5667,-3.01E-06
-86.5669,-3.01E-06
-86.567,-3.01E-06
-86.5671,-3.01E-06
-86.5672,-3.01E-06
-86.5673,-3.01E-06
-86.5674,-3.01E-06
-86.5675,-3.01E-06
-86.5676,-3.01E-06
-86.5677,-3.01E-06
-86.5679,-3.01E-06
-86.568,-3.01E-06
-86.5681,-3.01E-06
-86.5682,-3.01E-06
-86.5683,-3.01E-06
-86.5684,-3.01E-06
-86.5685,-3.01E-06
-86.5686,-3.01E-06
-86.5687,-3.01E-06
-86.5689,-3.01E-06
-86.569,-3.01E-06
-86.5691,-3.01E-06
-86.5692,-3.01E-06
-86.5693,-3.01E-06
-86.5694,-3.01E-06
-86.5695,-3.01E-06
-86.5696,-3.01E-06
-86.5697,-3.01E-06
-86.5698,-3.01E-06
-86.57,-3.01E-06
-86.5701,-3.01E-06
-86.5702,-3.01E-06
-86.5703,-3.01E-06
-86.5704,-3.01E-06
-86.5705,-3.01E-06
-86.5706,-3.01E-06
-86.5707,-3.01E-06
-86.5708,-3.01E-06
-86.571,-3.01E-06
-86.5711,-3.01E-06
-86.5712,-3.01E-06
-86.5713,-3.01E-06
-86.5714,-3.01E-06
-86.5715,-3.01E-06
-86.5716,-3.01E-06
-86.5717,-3.01E-06
-86.5718,-3.01E-06
-86.5719,-3.01E-06
-86.5721,-3.01E-06
-86.5722,-3.01E-06
-86.5723,-3.01E-06
-86.5724,-3.01E-06
-86.5725,-3.01E-06
-86.5726,-3.01E-06
-86.5727,-3.01E-06
-86.5728,-3.01E-06
-86.5729,-3.01E-06
-86.573,-3.01E-06
-86.5732,-3.01E-06
-86.5733,-3.01E-06
-86.5734,-3.00E-06
-86.5735,-3.00E-06
-86.5736,-3.00E-06
-86.5737,-3.00E-06
-86.5738,-3.00E-06
-86.5739,-3.00E-06
-86.574,-3.00E-06
-86.5741,-3.00E-06
-86.5743,-3.00E-06
-86.5744,-3.00E-06
-86.5745,-3.00E-06
-86.5746,-3.00E-06
-86.5747,-3.00E-06
-86.5748,-3.00E-06
-86.5749,-3.00E-06
-86.575,-3.00E-06
-86.5751,-3.00E-06
-86.5752,-3.00E-06
-86.5754,-3.00E-06
-86.5755,-3.00E-06
-86.5756,-3.00E-06
-86.5757,-3.00E-06
-86.5758,-3.00E-06
-86.5759,-3.00E-06
-86.576,-3.00E-06
-86.5761,-3.00E-06
-86.5762,-3.00E-06
-86.5763,-3.00E-06
-86.5764,-3.00E-06
-86.5766,-3.00E-06
-86.5767,-3.00E-06
-86.5768,-3.00E-06
-86.5769,-3.00E-06
-86.577,-3.00E-06
-86.5771,-3.00E-06
-86.5772,-3.00E-06
-86.5773,-3.00E-06
-86.5774,-3.00E-06
-86.5775,-3.00E-06
-86.5776,-3.00E-06
-86.5778,-3.00E-06
-86.5779,-3.00E-06
-86.578,-3.00E-06
-86.5781,-3.00E-06
-86.5782,-3.00E-06
-86.5783,-3.00E-06
-86.5784,-3.00E-06
-86.5785,-3.00E-06
-86.5786,-3.00E-06
-86.5787,-3.00E-06
-86.5789,-3.00E-06
-86.579,-3.00E-06
-86.5791,-3.00E-06
-86.5792,-3.00E-06
-86.5793,-3.00E-06
-86.5794,-3.00E-06
-86.5795,-3.00E-06
-86.5796,-3.00E-06
-86.5797,-3.00E-06
-86.5798,-3.00E-06
-86.5799,-3.00E-06
-86.58,-3.00E-06
-86.5802,-3.00E-06
-86.5803,-2.99E-06
-86.5804,-2.99E-06
-86.5805,-2.99E-06
-86.5806,-2.99E-06
-86.5807,-2.99E-06
-86.5808,-2.99E-06
-86.5809,-2.99E-06
-86.581,-2.99E-06
-86.5811,-2.99E-06
-86.5812,-2.99E-06
-86.5814,-2.99E-06
-86.5815,-2.99E-06
-86.5816,-2.99E-06
-86.5817,-2.99E-06
-86.5818,-2.99E-06
-86.5819,-2.99E-06
-86.582,-2.99E-06
-86.5821,-2.99E-06
-86.5822,-2.99E-06
-86.5823,-2.99E-06
-86.5824,-2.99E-06
-86.5825,-2.99E-06
-86.5827,-2.99E-06
-86.5828,-2.99E-06
-86.5829,-2.99E-06
-86.583,-2.99E-06
-86.5831,-2.99E-06
-86.5832,-2.99E-06
-86.5833,-2.99E-06
-86.5834,-2.99E-06
-86.5835,-2.99E-06
-86.5836,-2.99E-06
-86.5837,-2.99E-06
-86.5839,-2.99E-06
-86.584,-2.99E-06
-86.5841,-2.99E-06
-86.5842,-2.99E-06
-86.5843,-2.99E-06
-86.5844,-2.99E-06
-86.5845,-2.99E-06
-86.5846,-2.99E-06
-86.5847,-2.99E-06
-86.5848,-2.99E-06
-86.5849,-2.99E-06
-86.585,-2.99E-06
-86.5851,-2.99E-06
-86.5853,-2.99E-06
-86.5854,-2.99E-06
-86.5855,-2.99E-06
-86.5856,-2.99E-06
-86.5857,-2.99E-06
-86.5858,-2.99E-06
-86.5859,-2.99E-06
-86.586,-2.99E-06
-86.5861,-2.99E-06
-86.5862,-2.99E-06
-86.5863,-2.99E-06
-86.5864,-2.99E-06
-86.5866,-2.99E-06
-86.5867,-2.99E-06
-86.5868,-2.99E-06
-86.5869,-2.99E-06
-86.587,-2.99E-06
-86.5871,-2.99E-06
-86.5872,-2.98E-06
-86.5873,-2.98E-06
-86.5874,-2.98E-06
-86.5875,-2.98E-06
-86.5876,-2.98E-06
-86.5877,-2.98E-06
-86.5878,-2.98E-06
-86.588,-2.98E-06
-86.5881,-2.98E-06
-86.5882,-2.98E-06
-86.5883,-2.98E-06
-86.5884,-2.98E-06
-86.5885,-2.98E-06
-86.5886,-2.98E-06
-86.5887,-2.98E-06
-86.5888,-2.98E-06
-86.5889,-2.98E-06
-86.589,-2.98E-06
-86.5891,-2.98E-06
-86.5892,-2.98E-06
-86.5894,-2.98E-06
-86.5895,-2.98E-06
-86.5896,-2.98E-06
-86.5897,-2.98E-06
-86.5898,-2.98E-06
-86.5899,-2.98E-06
-86.59,-2.98E-06
-86.5901,-2.98E-06
-86.5902,-2.98E-06
-86.5903,-2.98E-06
-86.5904,-2.98E-06
-86.5905,-2.98E-06
-86.5906,-2.98E-06
-86.5907,-2.98E-06
-86.5909,-2.98E-06
-86.591,-2.98E-06
-86.5911,-2.98E-06
-86.5912,-2.98E-06
-86.5913,-2.98E-06
-86.5914,-2.98E-06
-86.5915,-2.98E-06
-86.5916,-2.98E-06
-86.5917,-2.98E-06
-86.5918,-2.98E-06
-86.5919,-2.98E-06
-86.592,-2.98E-06
-86.5921,-2.98E-06
-86.5922,-2.98E-06
-86.5924,-2.98E-06
-86.5925,-2.98E-06
-86.5926,-2.98E-06
-86.5927,-2.98E-06
-86.5928,-2.98E-06
-86.5929,-2.98E-06
-86.593,-2.98E-06
-86.5931,-2.98E-06
-86.5932,-2.98E-06
-86.5933,-2.98E-06
-86.5934,-2.98E-06
-86.5935,-2.98E-06
-86.5936,-2.98E-06
-86.5937,-2.98E-06
-86.5938,-2.98E-06
-86.594,-2.98E-06
-86.5941,-2.98E-06
-86.5942,-2.98E-06
-86.5943,-2.97E-06
-86.5944,-2.97E-06
-86.5945,-2.97E-06
-86.5946,-2.97E-06
-86.5947,-2.97E-06
-86.5948,-2.97E-06
-86.5949,-2.97E-06
-86.595,-2.97E-06
-86.5951,-2.97E-06
-86.5952,-2.97E-06
-86.5953,-2.97E-06
-86.5954,-2.97E-06
-86.5956,-2.97E-06
-86.5957,-2.97E-06
-86.5958,-2.97E-06
-86.5959,-2.97E-06
-86.596,-2.97E-06
-86.5961,-2.97E-06
-86.5962,-2.97E-06
-86.5963,-2.97E-06
-86.5964,-2.97E-06
-86.5965,-2.97E-06
-86.5966,-2.97E-06
-86.5967,-2.97E-06
-86.5968,-2.97E-06
-86.5969,-2.97E-06
-86.597,-2.97E-06
-86.5971,-2.97E-06
-86.5973,-2.97E-06
-86.5974,-2.97E-06
-86.5975,-2.97E-06
-86.5976,-2.97E-06
-86.5977,-2.97E-06
-86.5978,-2.97E-06
-86.5979,-2.97E-06
-86.598,-2.97E-06
-86.5981,-2.97E-06
-86.5982,-2.97E-06
-86.5983,-2.97E-06
-86.5984,-2.97E-06
-86.5985,-2.97E-06
-86.5986,-2.97E-06
-86.5987,-2.97E-06
-86.5988,-2.97E-06
-86.599,-2.97E-06
-86.5991,-2.97E-06
-86.5992,-2.97E-06
-86.5993,-2.97E-06
-86.5994,-2.97E-06
-86.5995,-2.97E-06
-86.5996,-2.97E-06
-86.5997,-2.97E-06
-86.5998,-2.97E-06
-86.5999,-2.97E-06
-86.6,-2.97E-06
-86.6001,-2.97E-06
-86.6002,-2.97E-06
-86.6003,-2.97E-06
-86.6004,-2.97E-06
-86.6005,-2.97E-06
-86.6006,-2.97E-06
-86.6007,-2.97E-06
-86.6009,-2.97E-06
-86.601,-2.97E-06
-86.6011,-2.97E-06
-86.6012,-2.97E-06
-86.6013,-2.97E-06
-86.6014,-2.97E-06
-86.6015,-2.97E-06
-86.6016,-2.96E-06
-86.6017,-2.96E-06
-86.6018,-2.96E-06
-86.6019,-2.96E-06
-86.602,-2.96E-06
-86.6021,-2.96E-06
-86.6022,-2.96E-06
-86.6023,-2.96E-06
-86.6024,-2.96E-06
-86.6025,-2.96E-06
-86.6026,-2.96E-06
-86.6028,-2.96E-06
-86.6029,-2.96E-06
-86.603,-2.96E-06
-86.6031,-2.96E-06
-86.6032,-2.96E-06
-86.6033,-2.96E-06
-86.6034,-2.96E-06
-86.6035,-2.96E-06
-86.6036,-2.96E-06
-86.6037,-2.96E-06
-86.6038,-2.96E-06
-86.6039,-2.96E-06
-86.604,-2.96E-06
-86.6041,-2.96E-06
-86.6042,-2.96E-06
-86.6043,-2.96E-06
-86.6044,-2.96E-06
-86.6045,-2.96E-06
-86.6046,-2.96E-06
-86.6048,-2.96E-06
-86.6049,-2.96E-06
-86.605,-2.96E-06
-86.6051,-2.96E-06
-86.6052,-2.96E-06
-86.6053,-2.96E-06
-86.6054,-2.96E-06
-86.6055,-2.96E-06
-86.6056,-2.96E-06
-86.6057,-2.96E-06
-86.6058,-2.96E-06
-86.6059,-2.96E-06
-86.606,-2.96E-06
-86.6061,-2.96E-06
-86.6062,-2.96E-06
-86.6063,-2.96E-06
-86.6064,-2.96E-06
-86.6065,-2.96E-06
-86.6066,-2.96E-06
-86.6067,-2.96E-06
-86.6068,-2.96E-06
-86.607,-2.96E-06
-86.6071,-2.96E-06
-86.6072,-2.96E-06
-86.6073,-2.96E-06
-86.6074,-2.96E-06
-86.6075,-2.96E-06
-86.6076,-2.96E-06
-86.6077,-2.96E-06
-86.6078,-2.96E-06
-86.6079,-2.96E-06
-86.608,-2.96E-06
-86.6081,-2.96E-06
-86.6082,-2.96E-06
-86.6083,-2.96E-06
-86.6084,-2.96E-06
-86.6085,-2.96E-06
-86.6086,-2.96E-06
-86.6087,-2.96E-06
-86.6088,-2.95E-06
-86.6089,-2.95E-06
-86.609,-2.95E-06
-86.6091,-2.95E-06
-86.6093,-2.95E-06
-86.6094,-2.95E-06
-86.6095,-2.95E-06
-86.6096,-2.95E-06
-86.6097,-2.95E-06
-86.6098,-2.95E-06
-86.6099,-2.95E-06
-86.61,-2.95E-06
-86.6101,-2.95E-06
-86.6102,-2.95E-06
-86.6103,-2.95E-06
-86.6104,-2.95E-06
-86.6105,-2.95E-06
-86.6106,-2.95E-06
-86.6107,-2.95E-06
-86.6108,-2.95E-06
-86.6109,-2.95E-06
-86.611,-2.95E-06
-86.6111,-2.95E-06
-86.6112,-2.95E-06
-86.6113,-2.95E-06
-86.6114,-2.95E-06
-86.6115,-2.95E-06
-86.6116,-2.95E-06
-86.6117,-2.95E-06
-86.6119,-2.95E-06
-86.612,-2.95E-06
-86.6121,-2.95E-06
-86.6122,-2.95E-06
-86.6123,-2.95E-06
-86.6124,-2.95E-06
-86.6125,-2.95E-06
-86.6126,-2.95E-06
-86.6127,-2.95E-06
-86.6128,-2.95E-06
-86.6129,-2.95E-06
-86.613,-2.95E-06
-86.6131,-2.95E-06
-86.6132,-2.95E-06
-86.6133,-2.95E-06
-86.6134,-2.95E-06
-86.6135,-2.95E-06
-86.6136,-2.95E-06
-86.6137,-2.95E-06
-86.6138,-2.95E-06
-86.6139,-2.95E-06
-86.614,-2.95E-06
-86.6141,-2.95E-06
-86.6142,-2.95E-06
-86.6143,-2.95E-06
-86.6144,-2.95E-06
-86.6145,-2.95E-06
-86.6147,-2.95E-06
-86.6148,-2.95E-06
-86.6149,-2.95E-06
-86.615,-2.95E-06
-86.6151,-2.95E-06
-86.6152,-2.95E-06
-86.6153,-2.95E-06
-86.6154,-2.95E-06
-86.6155,-2.95E-06
-86.6156,-2.95E-06
-86.6157,-2.95E-06
-86.6158,-2.95E-06
-86.6159,-2.94E-06
-86.616,-2.94E-06
-86.6161,-2.94E-06
-86.6162,-2.94E-06
-86.6163,-2.94E-06
-86.6164,-2.94E-06
-86.6165,-2.94E-06
-86.6166,-2.94E-06
-86.6167,-2.94E-06
-86.6168,-2.94E-06
-86.6169,-2.94E-06
-86.617,-2.94E-06
-86.6171,-2.94E-06
-86.6172,-2.94E-06
-86.6173,-2.94E-06
-86.6174,-2.94E-06
-86.6175,-2.94E-06
-86.6176,-2.94E-06
-86.6177,-2.94E-06
-86.6179,-2.94E-06
-86.618,-2.94E-06
-86.6181,-2.94E-06
-86.6182,-2.94E-06
-86.6183,-2.94E-06
-86.6184,-2.94E-06
-86.6185,-2.94E-06
-86.6186,-2.94E-06
-86.6187,-2.94E-06
-86.6188,-2.94E-06
-86.6189,-2.94E-06
-86.619,-2.94E-06
-86.6191,-2.94E-06
-86.6192,-2.94E-06
-86.6193,-2.94E-06
-86.6194,-2.94E-06
-86.6195,-2.94E-06
-86.6196,-2.94E-06
-86.6197,-2.94E-06
-86.6198,-2.94E-06
-86.6199,-2.94E-06
-86.62,-2.94E-06
-86.6201,-2.94E-06
-86.6202,-2.94E-06
-86.6203,-2.94E-06
-86.6204,-2.94E-06
-86.6205,-2.94E-06
-86.6206,-2.94E-06
-86.6207,-2.94E-06
-86.6208,-2.94E-06
-86.6209,-2.94E-06
-86.621,-2.94E-06
-86.6211,-2.94E-06
-86.6212,-2.94E-06
-86.6213,-2.94E-06
-86.6214,-2.94E-06
-86.6215,-2.94E-06
-86.6217,-2.94E-06
-86.6218,-2.94E-06
-86.6219,-2.94E-06
-86.622,-2.94E-06
-86.6221,-2.94E-06
-86.6222,-2.94E-06
-86.6223,-2.94E-06
-86.6224,-2.94E-06
-86.6225,-2.94E-06
-86.6226,-2.94E-06
-86.6227,-2.94E-06
-86.6228,-2.94E-06
-86.6229,-2.93E-06
-86.623,-2.93E-06
-86.6231,-2.93E-06
-86.6232,-2.93E-06
-86.6233,-2.93E-06
-86.6234,-2.93E-06
-86.6235,-2.93E-06
-86.6236,-2.93E-06
-86.6237,-2.93E-06
-86.6238,-2.93E-06
-86.6239,-2.93E-06
-86.624,-2.93E-06
-86.6241,-2.93E-06
-86.6242,-2.93E-06
-86.6243,-2.93E-06
-86.6244,-2.93E-06
-86.6245,-2.93E-06
-86.6246,-2.93E-06
-86.6247,-2.93E-06
-86.6248,-2.93E-06
-86.6249,-2.93E-06
-86.625,-2.93E-06
-86.6251,-2.93E-06
-86.6252,-2.93E-06
-86.6253,-2.93E-06
-86.6254,-2.93E-06
-86.6255,-2.93E-06
-86.6256,-2.93E-06
-86.6257,-2.93E-06
-86.6258,-2.93E-06
-86.6259,-2.93E-06
-86.626,-2.93E-06
-86.6261,-2.93E-06
-86.6262,-2.93E-06
-86.6263,-2.93E-06
-86.6264,-2.93E-06
-86.6265,-2.93E-06
-86.6266,-2.93E-06
-86.6267,-2.93E-06
-86.6268,-2.93E-06
-86.627,-2.93E-06
-86.6271,-2.93E-06
-86.6272,-2.93E-06
-86.6273,-2.93E-06
-86.6274,-2.93E-06
-86.6275,-2.93E-06
-86.6276,-2.93E-06
-86.6277,-2.93E-06
-86.6278,-2.93E-06
-86.6279,-2.93E-06
-86.628,-2.93E-06
-86.6281,-2.93E-06
-86.6282,-2.93E-06
-86.6283,-2.93E-06
-86.6284,-2.93E-06
-86.6285,-2.93E-06
-86.6286,-2.93E-06
-86.6287,-2.93E-06
-86.6288,-2.93E-06
-86.6289,-2.93E-06
-86.629,-2.93E-06
-86.6291,-2.93E-06
-86.6292,-2.93E-06
-86.6293,-2.93E-06
-86.6294,-2.93E-06
-86.6295,-2.93E-06
-86.6296,-2.93E-06
-86.6297,-2.92E-06
-86.6298,-2.92E-06
-86.6299,-2.92E-06
-86.63,-2.92E-06
-86.6301,-2.92E-06
-86.6302,-2.92E-06
-86.6303,-2.92E-06
-86.6304,-2.92E-06
-86.6305,-2.92E-06
-86.6306,-2.92E-06
-86.6307,-2.92E-06
-86.6308,-2.92E-06
-86.6309,-2.92E-06
-86.631,-2.92E-06
-86.6311,-2.92E-06
-86.6312,-2.92E-06
-86.6313,-2.92E-06
-86.6314,-2.92E-06
-86.6315,-2.92E-06
-86.6316,-2.92E-06
-86.6317,-2.92E-06
-86.6318,-2.92E-06
-86.6319,-2.92E-06
-86.632,-2.92E-06
-86.6321,-2.92E-06
-86.6322,-2.92E-06
-86.6323,-2.92E-06
-86.6324,-2.92E-06
-86.6325,-2.92E-06
-86.6326,-2.92E-06
-86.6327,-2.92E-06
-86.6328,-2.92E-06
-86.6329,-2.92E-06
-86.633,-2.92E-06
-86.6331,-2.92E-06
-86.6332,-2.92E-06
-86.6333,-2.92E-06
-86.6334,-2.92E-06
-86.6335,-2.92E-06
-86.6336,-2.92E-06
-86.6337,-2.92E-06
-86.6338,-2.92E-06
-86.6339,-2.92E-06
-86.634,-2.92E-06
-86.6341,-2.92E-06
-86.6342,-2.92E-06
-86.6343,-2.92E-06
-86.6344,-2.92E-06
-86.6345,-2.92E-06
-86.6346,-2.92E-06
-86.6347,-2.92E-06
-86.6348,-2.92E-06
-86.6349,-2.92E-06
-86.635,-2.92E-06
-86.6351,-2.92E-06
-86.6352,-2.92E-06
-86.6353,-2.92E-06
-86.6354,-2.92E-06
-86.6355,-2.92E-06
-86.6356,-2.92E-06
-86.6357,-2.92E-06
-86.6358,-2.92E-06
-86.6359,-2.92E-06
-86.636,-2.92E-06
-86.6361,-2.92E-06
-86.6362,-2.92E-06
-86.6363,-2.92E-06
-86.6364,-2.92E-06
-86.6365,-2.92E-06
-86.6366,-2.92E-06
-86.6367,-2.92E-06
-86.6368,-2.91E-06
-86.6369,-2.91E-06
-86.637,-2.91E-06
-86.6371,-2.91E-06
-86.6372,-2.91E-06
-86.6373,-2.91E-06
-86.6374,-2.91E-06
-86.6375,-2.91E-06
-86.6376,-2.91E-06
-86.6377,-2.91E-06
-86.6378,-2.91E-06
-86.6379,-2.91E-06
-86.638,-2.91E-06
-86.6381,-2.91E-06
-86.6382,-2.91E-06
-86.6383,-2.91E-06
-86.6384,-2.91E-06
-86.6385,-2.91E-06
-86.6386,-2.91E-06
-86.6387,-2.91E-06
-86.6388,-2.91E-06
-86.6389,-2.91E-06
-86.639,-2.91E-06
-86.6391,-2.91E-06
-86.6392,-2.91E-06
-86.6393,-2.91E-06
-86.6394,-2.91E-06
-86.6395,-2.91E-06
-86.6396,-2.91E-06
-86.6397,-2.91E-06
-86.6398,-2.91E-06
-86.6399,-2.91E-06
-86.64,-2.91E-06
-86.6401,-2.91E-06
-86.6402,-2.91E-06
-86.6403,-2.91E-06
-86.6404,-2.91E-06
-86.6405,-2.91E-06
-86.6406,-2.91E-06
-86.6407,-2.91E-06
-86.6408,-2.91E-06
-86.6409,-2.91E-06
-86.641,-2.91E-06
-86.6411,-2.91E-06
-86.6412,-2.91E-06
-86.6413,-2.91E-06
-86.6414,-2.91E-06
-86.6415,-2.91E-06
-86.6416,-2.91E-06
-86.6417,-2.91E-06
-86.6418,-2.91E-06
-86.6419,-2.91E-06
-86.642,-2.91E-06
-86.6421,-2.91E-06
-86.6422,-2.91E-06
-86.6423,-2.91E-06
-86.6424,-2.91E-06
-86.6425,-2.91E-06
-86.6426,-2.91E-06
-86.6427,-2.91E-06
-86.6428,-2.91E-06
-86.6429,-2.91E-06
-86.643,-2.91E-06
-86.6431,-2.91E-06
-86.6432,-2.91E-06
-86.6433,-2.91E-06
-86.6434,-2.91E-06
-86.6435,-2.91E-06
-86.6436,-2.91E-06
-86.6437,-2.91E-06
-86.6438,-2.91E-06
-86.6439,-2.91E-06
-86.644,-2.91E-06
-86.6441,-2.91E-06
-86.6442,-2.90E-06
-86.6443,-2.90E-06
-86.6444,-2.90E-06
-86.6445,-2.90E-06
-86.6446,-2.90E-06
-86.6447,-2.90E-06
-86.6448,-2.90E-06
-86.6449,-2.90E-06
-86.645,-2.90E-06
-86.6451,-2.90E-06
-86.6452,-2.90E-06
-86.6453,-2.90E-06
-86.6454,-2.90E-06
-86.6455,-2.90E-06
-86.6456,-2.90E-06
-86.6457,-2.90E-06
-86.6458,-2.90E-06
-86.6459,-2.90E-06
-86.646,-2.90E-06
-86.6461,-2.90E-06
-86.6462,-2.90E-06
-86.6463,-2.90E-06
-86.6464,-2.90E-06
-86.6465,-2.90E-06
-86.6466,-2.90E-06
-86.6467,-2.90E-06
-86.6468,-2.90E-06
-86.6468,-2.90E-06
-86.6469,-2.90E-06
-86.647,-2.90E-06
-86.6471,-2.90E-06
-86.6472,-2.90E-06
-86.6473,-2.90E-06
-86.6474,-2.90E-06
-86.6475,-2.90E-06
-86.6476,-2.90E-06
-86.6477,-2.90E-06
-86.6478,-2.90E-06
-86.6479,-2.90E-06
-86.648,-2.90E-06
-86.6481,-2.90E-06
-86.6482,-2.90E-06
-86.6483,-2.90E-06
-86.6484,-2.90E-06
-86.6485,-2.90E-06
-86.6486,-2.90E-06
-86.6487,-2.90E-06
-86.6488,-2.90E-06
-86.6489,-2.90E-06
-86.649,-2.90E-06
-86.6491,-2.90E-06
-86.6492,-2.90E-06
-86.6493,-2.90E-06
-86.6494,-2.90E-06
-86.6495,-2.90E-06
-86.6496,-2.90E-06
-86.6497,-2.90E-06
-86.6498,-2.90E-06
-86.6499,-2.90E-06
-86.65,-2.90E-06
-86.6501,-2.90E-06
-86.6502,-2.90E-06
-86.6503,-2.90E-06
-86.6504,-2.90E-06
-86.6505,-2.90E-06
-86.6506,-2.90E-06
-86.6507,-2.90E-06
-86.6508,-2.90E-06
-86.6509,-2.90E-06
-86.651,-2.90E-06
-86.6511,-2.90E-06
-86.6512,-2.90E-06
-86.6513,-2.90E-06
-86.6514,-2.90E-06
-86.6515,-2.90E-06
-86.6516,-2.90E-06
-86.6517,-2.90E-06
-86.6518,-2.89E-06
-86.6519,-2.89E-06
-86.6519,-2.89E-06
-86.652,-2.89E-06
-86.6521,-2.89E-06
-86.6522,-2.89E-06
-86.6523,-2.89E-06
-86.6524,-2.89E-06
-86.6525,-2.89E-06
-86.6526,-2.89E-06
-86.6527,-2.89E-06
-86.6528,-2.89E-06
-86.6529,-2.89E-06
-86.653,-2.89E-06
-86.6531,-2.89E-06
-86.6532,-2.89E-06
-86.6533,-2.89E-06
-86.6534,-2.89E-06
-86.6535,-2.89E-06
-86.6536,-2.89E-06
-86.6537,-2.89E-06
-86.6538,-2.89E-06
-86.6539,-2.89E-06
-86.654,-2.89E-06
-86.6541,-2.89E-06
-86.6542,-2.89E-06
-86.6543,-2.89E-06
-86.6544,-2.89E-06
-86.6545,-2.89E-06
-86.6546,-2.89E-06
-86.6547,-2.89E-06
-86.6548,-2.89E-06
-86.6549,-2.89E-06
-86.655,-2.89E-06
-86.6551,-2.89E-06
-86.6552,-2.89E-06
-86.6553,-2.89E-06
-86.6554,-2.89E-06
-86.6555,-2.89E-06
-86.6556,-2.89E-06
-86.6557,-2.89E-06
-86.6557,-2.89E-06
-86.6558,-2.89E-06
-86.6559,-2.89E-06
-86.656,-2.89E-06
-86.6561,-2.89E-06
-86.6562,-2.89E-06
-86.6563,-2.89E-06
-86.6564,-2.89E-06
-86.6565,-2.89E-06
-86.6566,-2.89E-06
-86.6567,-2.89E-06
-86.6568,-2.89E-06
-86.6569,-2.89E-06
-86.657,-2.89E-06
-86.6571,-2.89E-06
-86.6572,-2.89E-06
-86.6573,-2.89E-06
-86.6574,-2.89E-06
-86.6575,-2.89E-06
-86.6576,-2.89E-06
-86.6577,-2.89E-06
-86.6578,-2.89E-06
-86.6579,-2.89E-06
-86.658,-2.89E-06
-86.6581,-2.89E-06
-86.6582,-2.89E-06
-86.6583,-2.89E-06
-86.6584,-2.89E-06
-86.6585,-2.89E-06
-86.6586,-2.89E-06
-86.6587,-2.89E-06
-86.6588,-2.89E-06
-86.6588,-2.89E-06
-86.6589,-2.89E-06
-86.659,-2.88E-06
-86.6591,-2.88E-06
-86.6592,-2.88E-06
-86.6593,-2.88E-06
-86.6594,-2.88E-06
-86.6595,-2.88E-06
-86.6596,-2.88E-06
-86.6597,-2.88E-06
-86.6598,-2.88E-06
-86.6599,-2.88E-06
-86.66,-2.88E-06
-86.6601,-2.88E-06
-86.6602,-2.88E-06
-86.6603,-2.88E-06
-86.6604,-2.88E-06
-86.6605,-2.88E-06
-86.6606,-2.88E-06
-86.6607,-2.88E-06
-86.6608,-2.88E-06
-86.6609,-2.88E-06
-86.661,-2.88E-06
-86.6611,-2.88E-06
-86.6612,-2.88E-06
-86.6613,-2.88E-06
-86.6614,-2.88E-06
-86.6615,-2.88E-06
-86.6615,-2.88E-06
-86.6616,-2.88E-06
-86.6617,-2.88E-06
-86.6618,-2.88E-06
-86.6619,-2.88E-06
-86.662,-2.88E-06
-86.6621,-2.88E-06
-86.6622,-2.88E-06
-86.6623,-2.88E-06
-86.6624,-2.88E-06
-86.6625,-2.88E-06
-86.6626,-2.88E-06
-86.6627,-2.88E-06
-86.6628,-2.88E-06
-86.6629,-2.88E-06
-86.663,-2.88E-06
-86.6631,-2.88E-06
-86.6632,-2.88E-06
-86.6633,-2.88E-06
-86.6634,-2.88E-06
-86.6635,-2.88E-06
-86.6636,-2.88E-06
-86.6637,-2.88E-06
-86.6638,-2.88E-06
-86.6639,-2.88E-06
-86.664,-2.88E-06
-86.664,-2.88E-06
-86.6641,-2.88E-06
-86.6642,-2.88E-06
-86.6643,-2.88E-06
-86.6644,-2.88E-06
-86.6645,-2.88E-06
-86.6646,-2.88E-06
-86.6647,-2.88E-06
-86.6648,-2.88E-06
-86.6649,-2.88E-06
-86.665,-2.88E-06
-86.6651,-2.88E-06
-86.6652,-2.88E-06
-86.6653,-2.88E-06
-86.6654,-2.88E-06
-86.6655,-2.88E-06
-86.6656,-2.88E-06
-86.6657,-2.88E-06
-86.6658,-2.88E-06
-86.6659,-2.88E-06
-86.666,-2.87E-06
-86.6661,-2.87E-06
-86.6662,-2.87E-06
-86.6662,-2.87E-06
-86.6663,-2.87E-06
-86.6664,-2.87E-06
-86.6665,-2.87E-06
-86.6666,-2.87E-06
-86.6667,-2.87E-06
-86.6668,-2.87E-06
-86.6669,-2.87E-06
-86.667,-2.87E-06
-86.6671,-2.87E-06
-86.6672,-2.87E-06
-86.6673,-2.87E-06
-86.6674,-2.87E-06
-86.6675,-2.87E-06
-86.6676,-2.87E-06
-86.6677,-2.87E-06
-86.6678,-2.87E-06
-86.6679,-2.87E-06
-86.668,-2.87E-06
-86.6681,-2.87E-06
-86.6682,-2.87E-06
-86.6682,-2.87E-06
-86.6683,-2.87E-06
-86.6684,-2.87E-06
-86.6685,-2.87E-06
-86.6686,-2.87E-06
-86.6687,-2.87E-06
-86.6688,-2.87E-06
-86.6689,-2.87E-06
-86.669,-2.87E-06
-86.6691,-2.87E-06
-86.6692,-2.87E-06
-86.6693,-2.87E-06
-86.6694,-2.87E-06
-86.6695,-2.87E-06
-86.6696,-2.87E-06
-86.6697,-2.87E-06
-86.6698,-2.87E-06
-86.6699,-2.87E-06
-86.67,-2.87E-06
-86.6701,-2.87E-06
-86.6702,-2.87E-06
-86.6702,-2.87E-06
-86.6703,-2.87E-06
-86.6704,-2.87E-06
-86.6705,-2.87E-06
-86.6706,-2.87E-06
-86.6707,-2.87E-06
-86.6708,-2.87E-06
-86.6709,-2.87E-06
-86.671,-2.87E-06
-86.6711,-2.87E-06
-86.6712,-2.87E-06
-86.6713,-2.87E-06
-86.6714,-2.87E-06
-86.6715,-2.87E-06
-86.6716,-2.87E-06
-86.6717,-2.87E-06
-86.6718,-2.87E-06
-86.6719,-2.87E-06
-86.672,-2.87E-06
-86.672,-2.87E-06
-86.6721,-2.87E-06
-86.6722,-2.87E-06
-86.6723,-2.87E-06
-86.6724,-2.87E-06
-86.6725,-2.87E-06
-86.6726,-2.87E-06
-86.6727,-2.86E-06
-86.6728,-2.86E-06
-86.6729,-2.86E-06
-86.673,-2.86E-06
-86.6731,-2.86E-06
-86.6732,-2.86E-06
-86.6733,-2.86E-06
-86.6734,-2.86E-06
-86.6735,-2.86E-06
-86.6736,-2.86E-06
-86.6737,-2.86E-06
-86.6737,-2.86E-06
-86.6738,-2.86E-06
-86.6739,-2.86E-06
-86.674,-2.86E-06
-86.6741,-2.86E-06
-86.6742,-2.86E-06
-86.6743,-2.86E-06
-86.6744,-2.86E-06
-86.6745,-2.86E-06
-86.6746,-2.86E-06
-86.6747,-2.86E-06
-86.6748,-2.86E-06
-86.6749,-2.86E-06
-86.675,-2.86E-06
-86.6751,-2.86E-06
-86.6752,-2.86E-06
-86.6753,-2.86E-06
-86.6754,-2.86E-06
-86.6754,-2.86E-06
-86.6755,-2.86E-06
-86.6756,-2.86E-06
-86.6757,-2.86E-06
-86.6758,-2.86E-06
-86.6759,-2.86E-06
-86.676,-2.86E-06
-86.6761,-2.86E-06
-86.6762,-2.86E-06
-86.6763,-2.86E-06
-86.6764,-2.86E-06
-86.6765,-2.86E-06
-86.6766,-2.86E-06
-86.6767,-2.86E-06
-86.6768,-2.86E-06
-86.6769,-2.86E-06
-86.6769,-2.86E-06
-86.677,-2.86E-06
-86.6771,-2.86E-06
-86.6772,-2.86E-06
-86.6773,-2.86E-06
-86.6774,-2.86E-06
-86.6775,-2.86E-06
-86.6776,-2.86E-06
-86.6777,-2.86E-06
-86.6778,-2.86E-06
-86.6779,-2.86E-06
-86.678,-2.86E-06
-86.6781,-2.86E-06
-86.6782,-2.86E-06
-86.6783,-2.86E-06
-86.6784,-2.86E-06
-86.6785,-2.86E-06
-86.6785,-2.86E-06
-86.6786,-2.86E-06
-86.6787,-2.86E-06
-86.6788,-2.86E-06
-86.6789,-2.86E-06
-86.679,-2.86E-06
-86.6791,-2.86E-06
-86.6792,-2.86E-06
-86.6793,-2.86E-06
-86.6794,-2.86E-06
-86.6795,-2.86E-06
-86.6796,-2.86E-06
-86.6797,-2.86E-06
-86.6798,-2.86E-06
-86.6799,-2.85E-06
-86.6799,-2.85E-06
-86.68,-2.85E-06
-86.6801,-2.85E-06
-86.6802,-2.85E-06
-86.6803,-2.85E-06
-86.6804,-2.85E-06
-86.6805,-2.85E-06
-86.6806,-2.85E-06
-86.6807,-2.85E-06
-86.6808,-2.85E-06
-86.6809,-2.85E-06
-86.681,-2.85E-06
-86.6811,-2.85E-06
-86.6812,-2.85E-06
-86.6813,-2.85E-06
-86.6813,-2.85E-06
-86.6814,-2.85E-06
-86.6815,-2.85E-06
-86.6816,-2.85E-06
-86.6817,-2.85E-06
-86.6818,-2.85E-06
-86.6819,-2.85E-06
-86.682,-2.85E-06
-86.6821,-2.85E-06
-86.6822,-2.85E-06
-86.6823,-2.85E-06
-86.6824,-2.85E-06
-86.6825,-2.85E-06
-86.6826,-2.85E-06
-86.6827,-2.85E-06
-86.6827,-2.85E-06
-86.6828,-2.85E-06
-86.6829,-2.85E-06
-86.683,-2.85E-06
-86.6831,-2.85E-06
-86.6832,-2.85E-06
-86.6833,-2.85E-06
-86.6834,-2.85E-06
-86.6835,-2.85E-06
-86.6836,-2.85E-06
-86.6837,-2.85E-06
-86.6838,-2.85E-06
-86.6839,-2.85E-06
-86.684,-2.85E-06
-86.684,-2.85E-06
-86.6841,-2.85E-06
-86.6842,-2.85E-06
-86.6843,-2.85E-06
-86.6844,-2.85E-06
-86.6845,-2.85E-06
-86.6846,-2.85E-06
-86.6847,-2.85E-06
-86.6848,-2.85E-06
-86.6849,-2.85E-06
-86.685,-2.85E-06
-86.6851,-2.85E-06
-86.6852,-2.85E-06
-86.6853,-2.85E-06
-86.6853,-2.85E-06
-86.6854,-2.85E-06
-86.6855,-2.85E-06
-86.6856,-2.85E-06
-86.6857,-2.85E-06
-86.6858,-2.85E-06
-86.6859,-2.85E-06
-86.686,-2.85E-06
-86.6861,-2.85E-06
-86.6862,-2.85E-06
-86.6863,-2.85E-06
-86.6864,-2.85E-06
-86.6865,-2.85E-06
-86.6865,-2.85E-06
-86.6866,-2.85E-06
-86.6867,-2.85E-06
-86.6868,-2.85E-06
-86.6869,-2.85E-06
-86.687,-2.85E-06
-86.6871,-2.85E-06
-86.6872,-2.85E-06
-86.6873,-2.85E-06
-86.6874,-2.85E-06
-86.6875,-2.85E-06
-86.6876,-2.84E-06
-86.6877,-2.84E-06
-86.6877,-2.84E-06
-86.6878,-2.84E-06
-86.6879,-2.84E-06
-86.688,-2.84E-06
-86.6881,-2.84E-06
-86.6882,-2.84E-06
-86.6883,-2.84E-06
-86.6884,-2.84E-06
-86.6885,-2.84E-06
-86.6886,-2.84E-06
-86.6887,-2.84E-06
-86.6888,-2.84E-06
-86.6889,-2.84E-06
-86.6889,-2.84E-06
-86.689,-2.84E-06
-86.6891,-2.84E-06
-86.6892,-2.84E-06
-86.6893,-2.84E-06
-86.6894,-2.84E-06
-86.6895,-2.84E-06
-86.6896,-2.84E-06
-86.6897,-2.84E-06
-86.6898,-2.84E-06
-86.6899,-2.84E-06
-86.69,-2.84E-06
-86.6901,-2.84E-06
-86.6901,-2.84E-06
-86.6902,-2.84E-06
-86.6903,-2.84E-06
-86.6904,-2.84E-06
-86.6905,-2.84E-06
-86.6906,-2.84E-06
-86.6907,-2.84E-06
-86.6908,-2.84E-06
-86.6909,-2.84E-06
-86.691,-2.84E-06
-86.6911,-2.84E-06
-86.6912,-2.84E-06
-86.6912,-2.84E-06
-86.6913,-2.84E-06
-86.6914,-2.84E-06
-86.6915,-2.84E-06
-86.6916,-2.84E-06
-86.6917,-2.84E-06
-86.6918,-2.84E-06
-86.6919,-2.84E-06
-86.692,-2.84E-06
-86.6921,-2.84E-06
-86.6922,-2.84E-06
-86.6923,-2.84E-06
-86.6923,-2.84E-06
-86.6924,-2.84E-06
-86.6925,-2.84E-06
-86.6926,-2.84E-06
-86.6927,-2.84E-06
-86.6928,-2.84E-06
-86.6929,-2.84E-06
-86.693,-2.84E-06
-86.6931,-2.84E-06
-86.6932,-2.84E-06
-86.6933,-2.84E-06
-86.6934,-2.84E-06
-86.6934,-2.84E-06
-86.6935,-2.84E-06
-86.6936,-2.84E-06
-86.6937,-2.84E-06
-86.6938,-2.84E-06
-86.6939,-2.84E-06
-86.694,-2.84E-06
-86.6941,-2.84E-06
-86.6942,-2.84E-06
-86.6943,-2.84E-06
-86.6944,-2.84E-06
-86.6945,-2.84E-06
-86.6945,-2.84E-06
-86.6946,-2.84E-06
-86.6947,-2.84E-06
-86.6948,-2.84E-06
-86.6949,-2.84E-06
-86.695,-2.84E-06
-86.6951,-2.84E-06
-86.6952,-2.84E-06
-86.6953,-2.84E-06
-86.6954,-2.84E-06
-86.6955,-2.84E-06
-86.6955,-2.83E-06
-86.6956,-2.83E-06
-86.6957,-2.83E-06
-86.6958,-2.83E-06
-86.6959,-2.83E-06
-86.696,-2.83E-06
-86.6961,-2.83E-06
-86.6962,-2.83E-06
-86.6963,-2.83E-06
-86.6964,-2.83E-06
-86.6965,-2.83E-06
-86.6965,-2.83E-06
-86.6966,-2.83E-06
-86.6967,-2.83E-06
-86.6968,-2.83E-06
-86.6969,-2.83E-06
-86.697,-2.83E-06
-86.6971,-2.83E-06
-86.6972,-2.83E-06
-86.6973,-2.83E-06
-86.6974,-2.83E-06
-86.6975,-2.83E-06
-86.6975,-2.83E-06
-86.6976,-2.83E-06
-86.6977,-2.83E-06
-86.6978,-2.83E-06
-86.6979,-2.83E-06
-86.698,-2.83E-06
-86.6981,-2.83E-06
-86.6982,-2.83E-06
-86.6983,-2.83E-06
-86.6984,-2.83E-06
-86.6985,-2.83E-06
-86.6985,-2.83E-06
-86.6986,-2.83E-06
-86.6987,-2.83E-06
-86.6988,-2.83E-06
-86.6989,-2.83E-06
-86.699,-2.83E-06
-86.6991,-2.83E-06
-86.6992,-2.83E-06
-86.6993,-2.83E-06
-86.6994,-2.83E-06
-86.6995,-2.83E-06
-86.6995,-2.83E-06
-86.6996,-2.83E-06
-86.6997,-2.83E-06
-86.6998,-2.83E-06
-86.6999,-2.83E-06
-86.7,-2.83E-06
-86.7001,-2.83E-06
-86.7002,-2.83E-06
-86.7003,-2.83E-06
-86.7004,-2.83E-06
-86.7004,-2.83E-06
-86.7005,-2.83E-06
-86.7006,-2.83E-06
-86.7007,-2.83E-06
-86.7008,-2.83E-06
-86.7009,-2.83E-06
-86.701,-2.83E-06
-86.7011,-2.83E-06
-86.7012,-2.83E-06
-86.7013,-2.83E-06
-86.7014,-2.83E-06
-86.7014,-2.83E-06
-86.7015,-2.83E-06
-86.7016,-2.83E-06
-86.7017,-2.83E-06
-86.7018,-2.83E-06
-86.7019,-2.83E-06
-86.702,-2.83E-06
-86.7021,-2.83E-06
-86.7022,-2.83E-06
-86.7023,-2.83E-06
-86.7023,-2.83E-06
-86.7024,-2.83E-06
-86.7025,-2.83E-06
-86.7026,-2.83E-06
-86.7027,-2.83E-06
-86.7028,-2.83E-06
-86.7029,-2.83E-06
-86.703,-2.82E-06
-86.7031,-2.82E-06
-86.7032,-2.82E-06
-86.7032,-2.82E-06
-86.7033,-2.82E-06
-86.7034,-2.82E-06
-86.7035,-2.82E-06
-86.7036,-2.82E-06
-86.7037,-2.82E-06
-86.7038,-2.82E-06
-86.7039,-2.82E-06
-86.704,-2.82E-06
-86.7041,-2.82E-06
-86.7041,-2.82E-06
-86.7042,-2.82E-06
-86.7043,-2.82E-06
-86.7044,-2.82E-06
-86.7045,-2.82E-06
-86.7046,-2.82E-06
-86.7047,-2.82E-06
-86.7048,-2.82E-06
-86.7049,-2.82E-06
-86.705,-2.82E-06
-86.705,-2.82E-06
-86.7051,-2.82E-06
-86.7052,-2.82E-06
-86.7053,-2.82E-06
-86.7054,-2.82E-06
-86.7055,-2.82E-06
-86.7056,-2.82E-06
-86.7057,-2.82E-06
-86.7058,-2.82E-06
-86.7058,-2.82E-06
-86.7059,-2.82E-06
-86.706,-2.82E-06
-86.7061,-2.82E-06
-86.7062,-2.82E-06
-86.7063,-2.82E-06
-86.7064,-2.82E-06
-86.7065,-2.82E-06
-86.7066,-2.82E-06
-86.7067,-2.82E-06
-86.7067,-2.82E-06
-86.7068,-2.82E-06
-86.7069,-2.82E-06
-86.707,-2.82E-06
-86.7071,-2.82E-06
-86.7072,-2.82E-06
-86.7073,-2.82E-06
-86.7074,-2.82E-06
-86.7075,-2.82E-06
-86.7075,-2.82E-06
-86.7076,-2.82E-06
-86.7077,-2.82E-06
-86.7078,-2.82E-06
-86.7079,-2.82E-06
-86.708,-2.82E-06
-86.7081,-2.82E-06
-86.7082,-2.82E-06
-86.7083,-2.82E-06
-86.7084,-2.82E-06
-86.7084,-2.82E-06
-86.7085,-2.82E-06
-86.7086,-2.82E-06
-86.7087,-2.82E-06
-86.7088,-2.82E-06
-86.7089,-2.82E-06
-86.709,-2.82E-06
-86.7091,-2.82E-06
-86.7092,-2.82E-06
-86.7092,-2.82E-06
-86.7093,-2.82E-06
-86.7094,-2.82E-06
-86.7095,-2.82E-06
-86.7096,-2.82E-06
-86.7097,-2.82E-06
-86.7098,-2.82E-06
-86.7099,-2.81E-06
-86.71,-2.81E-06
-86.71,-2.81E-06
-86.7101,-2.81E-06
-86.7102,-2.81E-06
-86.7103,-2.81E-06
-86.7104,-2.81E-06
-86.7105,-2.81E-06
-86.7106,-2.81E-06
-86.7107,-2.81E-06
-86.7108,-2.81E-06
-86.7108,-2.81E-06
-86.7109,-2.81E-06
-86.711,-2.81E-06
-86.7111,-2.81E-06
-86.7112,-2.81E-06
-86.7113,-2.81E-06
-86.7114,-2.81E-06
-86.7115,-2.81E-06
-86.7116,-2.81E-06
-86.7116,-2.81E-06
-86.7117,-2.81E-06
-86.7118,-2.81E-06
-86.7119,-2.81E-06
-86.712,-2.81E-06
-86.7121,-2.81E-06
-86.7122,-2.81E-06
-86.7123,-2.81E-06
-86.7124,-2.81E-06
-86.7124,-2.81E-06
-86.7125,-2.81E-06
-86.7126,-2.81E-06
-86.7127,-2.81E-06
-86.7128,-2.81E-06
-86.7129,-2.81E-06
-86.713,-2.81E-06
-86.7131,-2.81E-06
-86.7132,-2.81E-06
-86.7132,-2.81E-06
-86.7133,-2.81E-06
-86.7134,-2.81E-06
-86.7135,-2.81E-06
-86.7136,-2.81E-06
-86.7137,-2.81E-06
-86.7138,-2.81E-06
-86.7139,-2.81E-06
-86.7139,-2.81E-06
-86.714,-2.81E-06
-86.7141,-2.81E-06
-86.7142,-2.81E-06
-86.7143,-2.81E-06
-86.7144,-2.81E-06
-86.7145,-2.81E-06
-86.7146,-2.81E-06
-86.7147,-2.81E-06
-86.7147,-2.81E-06
-86.7148,-2.81E-06
-86.7149,-2.81E-06
-86.715,-2.81E-06
-86.7151,-2.81E-06
-86.7152,-2.81E-06
-86.7153,-2.81E-06
-86.7154,-2.81E-06
-86.7154,-2.81E-06
-86.7155,-2.81E-06
-86.7156,-2.81E-06
-86.7157,-2.81E-06
-86.7158,-2.81E-06
-86.7159,-2.81E-06
-86.716,-2.81E-06
-86.7161,-2.81E-06
-86.7162,-2.81E-06
-86.7162,-2.81E-06
-86.7163,-2.81E-06
-86.7164,-2.81E-06
-86.7165,-2.81E-06
-86.7166,-2.81E-06
-86.7167,-2.81E-06
-86.7168,-2.80E-06
-86.7169,-2.80E-06
-86.7169,-2.80E-06
-86.717,-2.80E-06
-86.7171,-2.80E-06
-86.7172,-2.80E-06
-86.7173,-2.80E-06
-86.7174,-2.80E-06
-86.7175,-2.80E-06
-86.7176,-2.80E-06
-86.7177,-2.80E-06
-86.7177,-2.80E-06
-86.7178,-2.80E-06
-86.7179,-2.80E-06
-86.718,-2.80E-06
-86.7181,-2.80E-06
-86.7182,-2.80E-06
-86.7183,-2.80E-06
-86.7184,-2.80E-06
-86.7184,-2.80E-06
-86.7185,-2.80E-06
-86.7186,-2.80E-06
-86.7187,-2.80E-06
-86.7188,-2.80E-06
-86.7189,-2.80E-06
-86.719,-2.80E-06
-86.7191,-2.80E-06
-86.7191,-2.80E-06
-86.7192,-2.80E-06
-86.7193,-2.80E-06
-86.7194,-2.80E-06
-86.7195,-2.80E-06
-86.7196,-2.80E-06
-86.7197,-2.80E-06
-86.7198,-2.80E-06
-86.7198,-2.80E-06
-86.7199,-2.80E-06
-86.72,-2.80E-06
-86.7201,-2.80E-06
-86.7202,-2.80E-06
-86.7203,-2.80E-06
-86.7204,-2.80E-06
-86.7205,-2.80E-06
-86.7205,-2.80E-06
-86.7206,-2.80E-06
-86.7207,-2.80E-06
-86.7208,-2.80E-06
-86.7209,-2.80E-06
-86.721,-2.80E-06
-86.7211,-2.80E-06
-86.7212,-2.80E-06
-86.7212,-2.80E-06
-86.7213,-2.80E-06
-86.7214,-2.80E-06
-86.7215,-2.80E-06
-86.7216,-2.80E-06
-86.7217,-2.80E-06
-86.7218,-2.80E-06
-86.7219,-2.80E-06
-86.7219,-2.80E-06
-86.722,-2.80E-06
-86.7221,-2.80E-06
-86.7222,-2.80E-06
-86.7223,-2.80E-06
-86.7224,-2.80E-06
-86.7225,-2.80E-06
-86.7226,-2.80E-06
-86.7226,-2.80E-06
-86.7227,-2.80E-06
-86.7228,-2.80E-06
-86.7229,-2.80E-06
-86.723,-2.80E-06
-86.7231,-2.80E-06
-86.7232,-2.80E-06
-86.7232,-2.80E-06
-86.7233,-2.80E-06
-86.7234,-2.80E-06
-86.7235,-2.80E-06
-86.7236,-2.80E-06
-86.7237,-2.80E-06
-86.7238,-2.80E-06
-86.7239,-2.80E-06
-86.7239,-2.79E-06
-86.724,-2.79E-06
-86.7241,-2.79E-06
-86.7242,-2.79E-06
-86.7243,-2.79E-06
-86.7244,-2.79E-06
-86.7245,-2.79E-06
-86.7246,-2.79E-06
-86.7246,-2.79E-06
-86.7247,-2.79E-06
-86.7248,-2.79E-06
-86.7249,-2.79E-06
-86.725,-2.79E-06
-86.7251,-2.79E-06
-86.7252,-2.79E-06
-86.7252,-2.79E-06
-86.7253,-2.79E-06
-86.7254,-2.79E-06
-86.7255,-2.79E-06
-86.7256,-2.79E-06
-86.7257,-2.79E-06
-86.7258,-2.79E-06
-86.7259,-2.79E-06
-86.7259,-2.79E-06
-86.726,-2.79E-06
-86.7261,-2.79E-06
-86.7262,-2.79E-06
-86.7263,-2.79E-06
-86.7264,-2.79E-06
-86.7265,-2.79E-06
-86.7265,-2.79E-06
-86.7266,-2.79E-06
-86.7267,-2.79E-06
-86.7268,-2.79E-06
-86.7269,-2.79E-06
-86.727,-2.79E-06
-86.7271,-2.79E-06
-86.7272,-2.79E-06
-86.7272,-2.79E-06
-86.7273,-2.79E-06
-86.7274,-2.79E-06
-86.7275,-2.79E-06
-86.7276,-2.79E-06
-86.7277,-2.79E-06
-86.7278,-2.79E-06
-86.7278,-2.79E-06
-86.7279,-2.79E-06
-86.728,-2.79E-06
-86.7281,-2.79E-06
-86.7282,-2.79E-06
-86.7283,-2.79E-06
-86.7284,-2.79E-06
-86.7285,-2.79E-06
-86.7285,-2.79E-06
-86.7286,-2.79E-06
-86.7287,-2.79E-06
-86.7288,-2.79E-06
-86.7289,-2.79E-06
-86.729,-2.79E-06
-86.7291,-2.79E-06
-86.7291,-2.79E-06
-86.7292,-2.79E-06
-86.7293,-2.79E-06
-86.7294,-2.79E-06
-86.7295,-2.79E-06
-86.7296,-2.79E-06
-86.7297,-2.79E-06
-86.7297,-2.79E-06
-86.7298,-2.79E-06
-86.7299,-2.79E-06
-86.73,-2.79E-06
-86.7301,-2.79E-06
-86.7302,-2.79E-06
-86.7303,-2.79E-06
-86.7303,-2.79E-06
-86.7304,-2.79E-06
-86.7305,-2.79E-06
-86.7306,-2.79E-06
-86.7307,-2.79E-06
-86.7308,-2.79E-06
-86.7309,-2.79E-06
-86.7309,-2.79E-06
-86.731,-2.79E-06
-86.7311,-2.79E-06
-86.7312,-2.79E-06
-86.7313,-2.79E-06
-86.7314,-2.79E-06
-86.7315,-2.79E-06
-86.7316,-2.79E-06
-86.7316,-2.78E-06
-86.7317,-2.78E-06
-86.7318,-2.78E-06
-86.7319,-2.78E-06
-86.732,-2.78E-06
-86.7321,-2.78E-06
-86.7322,-2.78E-06
-86.7322,-2.78E-06
-86.7323,-2.78E-06
-86.7324,-2.78E-06
-86.7325,-2.78E-06
-86.7326,-2.78E-06
-86.7327,-2.78E-06
-86.7328,-2.78E-06
-86.7328,-2.78E-06
-86.7329,-2.78E-06
-86.733,-2.78E-06
-86.7331,-2.78E-06
-86.7332,-2.78E-06
-86.7333,-2.78E-06
-86.7334,-2.78E-06
-86.7334,-2.78E-06
-86.7335,-2.78E-06
-86.7336,-2.78E-06
-86.7337,-2.78E-06
-86.7338,-2.78E-06
-86.7339,-2.78E-06
-86.7339,-2.78E-06
-86.734,-2.78E-06
-86.7341,-2.78E-06
-86.7342,-2.78E-06
-86.7343,-2.78E-06
-86.7344,-2.78E-06
-86.7345,-2.78E-06
-86.7345,-2.78E-06
-86.7346,-2.78E-06
-86.7347,-2.78E-06
-86.7348,-2.78E-06
-86.7349,-2.78E-06
-86.735,-2.78E-06
-86.7351,-2.78E-06
-86.7351,-2.78E-06
-86.7352,-2.78E-06
-86.7353,-2.78E-06
-86.7354,-2.78E-06
-86.7355,-2.78E-06
-86.7356,-2.78E-06
-86.7357,-2.78E-06
-86.7357,-2.78E-06
-86.7358,-2.78E-06
-86.7359,-2.78E-06
-86.736,-2.78E-06
-86.7361,-2.78E-06
-86.7362,-2.78E-06
-86.7363,-2.78E-06
-86.7363,-2.78E-06
-86.7364,-2.78E-06
-86.7365,-2.78E-06
-86.7366,-2.78E-06
-86.7367,-2.78E-06
-86.7368,-2.78E-06
-86.7369,-2.78E-06
-86.7369,-2.78E-06
-86.737,-2.78E-06
-86.7371,-2.78E-06
-86.7372,-2.78E-06
-86.7373,-2.78E-06
-86.7374,-2.78E-06
-86.7374,-2.78E-06
-86.7375,-2.78E-06
-86.7376,-2.78E-06
-86.7377,-2.78E-06
-86.7378,-2.78E-06
-86.7379,-2.78E-06
-86.738,-2.78E-06
-86.738,-2.78E-06
-86.7381,-2.78E-06
-86.7382,-2.78E-06
-86.7383,-2.78E-06
-86.7384,-2.78E-06
-86.7385,-2.78E-06
-86.7386,-2.78E-06
-86.7386,-2.78E-06
-86.7387,-2.78E-06
-86.7388,-2.78E-06
-86.7389,-2.78E-06
-86.739,-2.78E-06
-86.7391,-2.77E-06
-86.7391,-2.77E-06
-86.7392,-2.77E-06
-86.7393,-2.77E-06
-86.7394,-2.77E-06
-86.7395,-2.77E-06
-86.7396,-2.77E-06
-86.7397,-2.77E-06
-86.7397,-2.77E-06
-86.7398,-2.77E-06
-86.7399,-2.77E-06
-86.74,-2.77E-06
-86.7401,-2.77E-06
-86.7402,-2.77E-06
-86.7402,-2.77E-06
-86.7403,-2.77E-06
-86.7404,-2.77E-06
-86.7405,-2.77E-06
-86.7406,-2.77E-06
-86.7407,-2.77E-06
-86.7408,-2.77E-06
-86.7408,-2.77E-06
-86.7409,-2.77E-06
-86.741,-2.77E-06
-86.7411,-2.77E-06
-86.7412,-2.77E-06
-86.7413,-2.77E-06
-86.7413,-2.77E-06
-86.7414,-2.77E-06
-86.7415,-2.77E-06
-86.7416,-2.77E-06
-86.7417,-2.77E-06
-86.7418,-2.77E-06
-86.7419,-2.77E-06
-86.7419,-2.77E-06
-86.742,-2.77E-06
-86.7421,-2.77E-06
-86.7422,-2.77E-06
-86.7423,-2.77E-06
-86.7424,-2.77E-06
-86.7424,-2.77E-06
-86.7425,-2.77E-06
-86.7426,-2.77E-06
-86.7427,-2.77E-06
-86.7428,-2.77E-06
-86.7429,-2.77E-06
-86.7429,-2.77E-06
-86.743,-2.77E-06
-86.7431,-2.77E-06
-86.7432,-2.77E-06
-86.7433,-2.77E-06
-86.7434,-2.77E-06
-86.7435,-2.77E-06
-86.7435,-2.77E-06
-86.7436,-2.77E-06
-86.7437,-2.77E-06
-86.7438,-2.77E-06
-86.7439,-2.77E-06
-86.744,-2.77E-06
-86.744,-2.77E-06
-86.7441,-2.77E-06
-86.7442,-2.77E-06
-86.7443,-2.77E-06
-86.7444,-2.77E-06
-86.7445,-2.77E-06
-86.7445,-2.77E-06
-86.7446,-2.77E-06
-86.7447,-2.77E-06
-86.7448,-2.77E-06
-86.7449,-2.77E-06
-86.745,-2.77E-06
-86.745,-2.77E-06
-86.7451,-2.77E-06
-86.7452,-2.77E-06
-86.7453,-2.77E-06
-86.7454,-2.77E-06
-86.7455,-2.77E-06
-86.7456,-2.77E-06
-86.7456,-2.77E-06
-86.7457,-2.77E-06
-86.7458,-2.77E-06
-86.7459,-2.77E-06
-86.746,-2.77E-06
-86.7461,-2.77E-06
-86.7461,-2.77E-06
-86.7462,-2.77E-06
-86.7463,-2.76E-06
-86.7464,-2.76E-06
-86.7465,-2.76E-06
-86.7466,-2.76E-06
-86.7466,-2.76E-06
-86.7467,-2.76E-06
-86.7468,-2.76E-06
-86.7469,-2.76E-06
-86.747,-2.76E-06
-86.7471,-2.76E-06
-86.7471,-2.76E-06
-86.7472,-2.76E-06
-86.7473,-2.76E-06
-86.7474,-2.76E-06
-86.7475,-2.76E-06
-86.7476,-2.76E-06
-86.7476,-2.76E-06
-86.7477,-2.76E-06
-86.7478,-2.76E-06
-86.7479,-2.76E-06
-86.748,-2.76E-06
-86.7481,-2.76E-06
-86.7481,-2.76E-06
-86.7482,-2.76E-06
-86.7483,-2.76E-06
-86.7484,-2.76E-06
-86.7485,-2.76E-06
-86.7486,-2.76E-06
-86.7486,-2.76E-06
-86.7487,-2.76E-06
-86.7488,-2.76E-06
-86.7489,-2.76E-06
-86.749,-2.76E-06
-86.7491,-2.76E-06
-86.7491,-2.76E-06
-86.7492,-2.76E-06
-86.7493,-2.76E-06
-86.7494,-2.76E-06
-86.7495,-2.76E-06
-86.7496,-2.76E-06
-86.7496,-2.76E-06
-86.7497,-2.76E-06
-86.7498,-2.76E-06
-86.7499,-2.76E-06
-86.75,-2.76E-06
-86.7501,-2.76E-06
-86.7501,-2.76E-06
-86.7502,-2.76E-06
-86.7503,-2.76E-06
-86.7504,-2.76E-06
-86.7505,-2.76E-06
-86.7506,-2.76E-06
-86.7506,-2.76E-06
-86.7507,-2.76E-06
-86.7508,-2.76E-06
-86.7509,-2.76E-06
-86.751,-2.76E-06
-86.7511,-2.76E-06
-86.7511,-2.76E-06
-86.7512,-2.76E-06
-86.7513,-2.76E-06
-86.7514,-2.76E-06
-86.7515,-2.76E-06
-86.7516,-2.76E-06
-86.7516,-2.76E-06
-86.7517,-2.76E-06
-86.7518,-2.76E-06
-86.7519,-2.76E-06
-86.752,-2.76E-06
-86.7521,-2.76E-06
-86.7521,-2.76E-06
-86.7522,-2.76E-06
-86.7523,-2.76E-06
-86.7524,-2.76E-06
-86.7525,-2.76E-06
-86.7526,-2.76E-06
-86.7526,-2.76E-06
-86.7527,-2.76E-06
-86.7528,-2.76E-06
-86.7529,-2.76E-06
-86.753,-2.76E-06
-86.7531,-2.76E-06
-86.7531,-2.76E-06
-86.7532,-2.76E-06
-86.7533,-2.76E-06
-86.7534,-2.76E-06
-86.7535,-2.76E-06
-86.7535,-2.76E-06
-86.7536,-2.75E-06
-86.7537,-2.75E-06
-86.7538,-2.75E-06
-86.7539,-2.75E-06
-86.754,-2.75E-06
-86.754,-2.75E-06
-86.7541,-2.75E-06
-86.7542,-2.75E-06
-86.7543,-2.75E-06
-86.7544,-2.75E-06
-86.7545,-2.75E-06
-86.7545,-2.75E-06
-86.7546,-2.75E-06
-86.7547,-2.75E-06
-86.7548,-2.75E-06
-86.7549,-2.75E-06
-86.755,-2.75E-06
-86.755,-2.75E-06
-86.7551,-2.75E-06
-86.7552,-2.75E-06
-86.7553,-2.75E-06
-86.7554,-2.75E-06
-86.7554,-2.75E-06
-86.7555,-2.75E-06
-86.7556,-2.75E-06
-86.7557,-2.75E-06
-86.7558,-2.75E-06
-86.7559,-2.75E-06
-86.7559,-2.75E-06
-86.756,-2.75E-06
-86.7561,-2.75E-06
-86.7562,-2.75E-06
-86.7563,-2.75E-06
-86.7564,-2.75E-06
-86.7564,-2.75E-06
-86.7565,-2.75E-06
-86.7566,-2.75E-06
-86.7567,-2.75E-06
-86.7568,-2.75E-06
-86.7568,-2.75E-06
-86.7569,-2.75E-06
-86.757,-2.75E-06
-86.7571,-2.75E-06
-86.7572,-2.75E-06
-86.7573,-2.75E-06
-86.7573,-2.75E-06
-86.7574,-2.75E-06
-86.7575,-2.75E-06
-86.7576,-2.75E-06
-86.7577,-2.75E-06
-86.7578,-2.75E-06
-86.7578,-2.75E-06
-86.7579,-2.75E-06
-86.758,-2.75E-06
-86.7581,-2.75E-06
-86.7582,-2.75E-06
-86.7582,-2.75E-06
-86.7583,-2.75E-06
-86.7584,-2.75E-06
-86.7585,-2.75E-06
-86.7586,-2.75E-06
-86.7587,-2.75E-06
-86.7587,-2.75E-06
-86.7588,-2.75E-06
-86.7589,-2.75E-06
-86.759,-2.75E-06
-86.7591,-2.75E-06
-86.7591,-2.75E-06
-86.7592,-2.75E-06
-86.7593,-2.75E-06
-86.7594,-2.75E-06
-86.7595,-2.75E-06
-86.7596,-2.75E-06
-86.7596,-2.75E-06
-86.7597,-2.75E-06
-86.7598,-2.75E-06
-86.7599,-2.75E-06
-86.76,-2.75E-06
-86.76,-2.75E-06
-86.7601,-2.75E-06
-86.7602,-2.75E-06
-86.7603,-2.75E-06
-86.7604,-2.75E-06
-86.7605,-2.75E-06
-86.7605,-2.75E-06
-86.7606,-2.75E-06
-86.7607,-2.75E-06
-86.7608,-2.75E-06
-86.7609,-2.75E-06
-86.7609,-2.75E-06
-86.761,-2.75E-06
-86.7611,-2.75E-06
-86.7612,-2.75E-06
-86.7613,-2.74E-06
-86.7614,-2.74E-06
-86.7614,-2.74E-06
-86.7615,-2.74E-06
-86.7616,-2.74E-06
-86.7617,-2.74E-06
-86.7618,-2.74E-06
-86.7618,-2.74E-06
-86.7619,-2.74E-06
-86.762,-2.74E-06
-86.7621,-2.74E-06
-86.7622,-2.74E-06
-86.7622,-2.74E-06
-86.7623,-2.74E-06
-86.7624,-2.74E-06
-86.7625,-2.74E-06
-86.7626,-2.74E-06
-86.7627,-2.74E-06
-86.7627,-2.74E-06
-86.7628,-2.74E-06
-86.7629,-2.74E-06
-86.763,-2.74E-06
-86.7631,-2.74E-06
-86.7631,-2.74E-06
-86.7632,-2.74E-06
-86.7633,-2.74E-06
-86.7634,-2.74E-06
-86.7635,-2.74E-06
-86.7636,-2.74E-06
-86.7636,-2.74E-06
-86.7637,-2.74E-06
-86.7638,-2.74E-06
-86.7639,-2.74E-06
-86.764,-2.74E-06
-86.764,-2.74E-06
-86.7641,-2.74E-06
-86.7642,-2.74E-06
-86.7643,-2.74E-06
-86.7644,-2.74E-06
-86.7644,-2.74E-06
-86.7645,-2.74E-06
-86.7646,-2.74E-06
-86.7647,-2.74E-06
-86.7648,-2.74E-06
-86.7649,-2.74E-06
-86.7649,-2.74E-06
-86.765,-2.74E-06
-86.7651,-2.74E-06
-86.7652,-2.74E-06
-86.7653,-2.74E-06
-86.7653,-2.74E-06
-86.7654,-2.74E-06
-86.7655,-2.74E-06
-86.7656,-2.74E-06
-86.7657,-2.74E-06
-86.7657,-2.74E-06
-86.7658,-2.74E-06
-86.7659,-2.74E-06
-86.766,-2.74E-06
-86.7661,-2.74E-06
-86.7661,-2.74E-06
-86.7662,-2.74E-06
-86.7663,-2.74E-06
-86.7664,-2.74E-06
-86.7665,-2.74E-06
-86.7666,-2.74E-06
-86.7666,-2.74E-06
-86.7667,-2.74E-06
-86.7668,-2.74E-06
-86.7669,-2.74E-06
-86.767,-2.74E-06
-86.767,-2.74E-06
-86.7671,-2.74E-06
-86.7672,-2.74E-06
-86.7673,-2.74E-06
-86.7674,-2.74E-06
-86.7674,-2.74E-06
-86.7675,-2.74E-06
-86.7676,-2.74E-06
-86.7677,-2.74E-06
-86.7678,-2.74E-06
-86.7678,-2.74E-06
-86.7679,-2.74E-06
-86.768,-2.74E-06
-86.7681,-2.74E-06
-86.7682,-2.74E-06
-86.7682,-2.74E-06
-86.7683,-2.74E-06
-86.7684,-2.74E-06
-86.7685,-2.74E-06
-86.7686,-2.74E-06
-86.7687,-2.74E-06
-86.7687,-2.74E-06
-86.7688,-2.74E-06
-86.7689,-2.74E-06
-86.769,-2.74E-06
-86.7691,-2.74E-06
-86.7691,-2.74E-06
-86.7692,-2.74E-06
-86.7693,-2.73E-06
-86.7694,-2.73E-06
-86.7695,-2.73E-06
-86.7695,-2.73E-06
-86.7696,-2.73E-06
-86.7697,-2.73E-06
-86.7698,-2.73E-06
-86.7699,-2.73E-06
-86.7699,-2.73E-06
-86.77,-2.73E-06
-86.7701,-2.73E-06
-86.7702,-2.73E-06
-86.7703,-2.73E-06
-86.7703,-2.73E-06
-86.7704,-2.73E-06
-86.7705,-2.73E-06
-86.7706,-2.73E-06
-86.7707,-2.73E-06
-86.7707,-2.73E-06
-86.7708,-2.73E-06
-86.7709,-2.73E-06
-86.771,-2.73E-06
-86.7711,-2.73E-06
-86.7711,-2.73E-06
-86.7712,-2.73E-06
-86.7713,-2.73E-06
-86.7714,-2.73E-06
-86.7715,-2.73E-06
-86.7715,-2.73E-06
-86.7716,-2.73E-06
-86.7717,-2.73E-06
-86.7718,-2.73E-06
-86.7719,-2.73E-06
-86.7719,-2.73E-06
-86.772,-2.73E-06
-86.7721,-2.73E-06
-86.7722,-2.73E-06
-86.7723,-2.73E-06
-86.7723,-2.73E-06
-86.7724,-2.73E-06
-86.7725,-2.73E-06
-86.7726,-2.73E-06
-86.7727,-2.73E-06
-86.7727,-2.73E-06
-86.7728,-2.73E-06
-86.7729,-2.73E-06
-86.773,-2.73E-06
-86.7731,-2.73E-06
-86.7731,-2.73E-06
-86.7732,-2.73E-06
-86.7733,-2.73E-06
-86.7734,-2.73E-06
-86.7735,-2.73E-06
-86.7735,-2.73E-06
-86.7736,-2.73E-06
-86.7737,-2.73E-06
-86.7738,-2.73E-06
-86.7739,-2.73E-06
-86.7739,-2.73E-06
-86.774,-2.73E-06
-86.7741,-2.73E-06
-86.7742,-2.73E-06
-86.7743,-2.73E-06
-86.7743,-2.73E-06
-86.7744,-2.73E-06
-86.7745,-2.73E-06
-86.7746,-2.73E-06
-86.7747,-2.73E-06
-86.7747,-2.73E-06
-86.7748,-2.73E-06
-86.7749,-2.73E-06
-86.775,-2.73E-06
-86.7751,-2.73E-06
-86.7751,-2.73E-06
-86.7752,-2.73E-06
-86.7753,-2.73E-06
-86.7754,-2.73E-06
-86.7755,-2.73E-06
-86.7755,-2.73E-06
-86.7756,-2.73E-06
-86.7757,-2.73E-06
-86.7758,-2.73E-06
-86.7759,-2.73E-06
-86.7759,-2.73E-06
-86.776,-2.73E-06
-86.7761,-2.73E-06
-86.7762,-2.73E-06
-86.7763,-2.73E-06
-86.7763,-2.73E-06
-86.7764,-2.73E-06
-86.7765,-2.73E-06
-86.7766,-2.73E-06
-86.7767,-2.73E-06
-86.7767,-2.73E-06
-86.7768,-2.72E-06
-86.7769,-2.72E-06
-86.777,-2.72E-06
-86.777,-2.72E-06
-86.7771,-2.72E-06
-86.7772,-2.72E-06
-86.7773,-2.72E-06
-86.7774,-2.72E-06
-86.7774,-2.72E-06
-86.7775,-2.72E-06
-86.7776,-2.72E-06
-86.7777,-2.72E-06
-86.7778,-2.72E-06
-86.7778,-2.72E-06
-86.7779,-2.72E-06
-86.778,-2.72E-06
-86.7781,-2.72E-06
-86.7782,-2.72E-06
-86.7782,-2.72E-06
-86.7783,-2.72E-06
-86.7784,-2.72E-06
-86.7785,-2.72E-06
-86.7786,-2.72E-06
-86.7786,-2.72E-06
-86.7787,-2.72E-06
-86.7788,-2.72E-06
-86.7789,-2.72E-06
-86.779,-2.72E-06
-86.779,-2.72E-06
-86.7791,-2.72E-06
-86.7792,-2.72E-06
-86.7793,-2.72E-06
-86.7793,-2.72E-06
-86.7794,-2.72E-06
-86.7795,-2.72E-06
-86.7796,-2.72E-06
-86.7797,-2.72E-06
-86.7797,-2.72E-06
-86.7798,-2.72E-06
-86.7799,-2.72E-06
-86.78,-2.72E-06
-86.7801,-2.72E-06
-86.7801,-2.72E-06
-86.7802,-2.72E-06
-86.7803,-2.72E-06
-86.7804,-2.72E-06
-86.7805,-2.72E-06
-86.7805,-2.72E-06
-86.7806,-2.72E-06
-86.7807,-2.72E-06
-86.7808,-2.72E-06
-86.7808,-2.72E-06
-86.7809,-2.72E-06
-86.781,-2.72E-06
-86.7811,-2.72E-06
-86.7812,-2.72E-06
-86.7812,-2.72E-06
-86.7813,-2.72E-06
-86.7814,-2.72E-06
-86.7815,-2.72E-06
-86.7816,-2.72E-06
-86.7816,-2.72E-06
-86.7817,-2.72E-06
-86.7818,-2.72E-06
-86.7819,-2.72E-06
-86.782,-2.72E-06
-86.782,-2.72E-06
-86.7821,-2.72E-06
-86.7822,-2.72E-06
-86.7823,-2.72E-06
-86.7823,-2.72E-06
-86.7824,-2.72E-06
-86.7825,-2.72E-06
-86.7826,-2.72E-06
-86.7827,-2.72E-06
-86.7827,-2.72E-06
-86.7828,-2.72E-06
-86.7829,-2.72E-06
-86.783,-2.72E-06
-86.7831,-2.72E-06
-86.7831,-2.72E-06
-86.7832,-2.72E-06
-86.7833,-2.72E-06
-86.7834,-2.72E-06
-86.7834,-2.72E-06
-86.7835,-2.72E-06
-86.7836,-2.72E-06
-86.7837,-2.72E-06
-86.7838,-2.72E-06
-86.7838,-2.72E-06
-86.7839,-2.72E-06
-86.784,-2.72E-06
-86.7841,-2.71E-06
-86.7842,-2.71E-06
-86.7842,-2.71E-06
-86.7843,-2.71E-06
-86.7844,-2.71E-06
-86.7845,-2.71E-06
-86.7845,-2.71E-06
-86.7846,-2.71E-06
-86.7847,-2.71E-06
-86.7848,-2.71E-06
-86.7849,-2.71E-06
-86.7849,-2.71E-06
-86.785,-2.71E-06
-86.7851,-2.71E-06
-86.7852,-2.71E-06
-86.7852,-2.71E-06
-86.7853,-2.71E-06
-86.7854,-2.71E-06
-86.7855,-2.71E-06
-86.7856,-2.71E-06
-86.7856,-2.71E-06
-86.7857,-2.71E-06
-86.7858,-2.71E-06
-86.7859,-2.71E-06
-86.786,-2.71E-06
-86.786,-2.71E-06
-86.7861,-2.71E-06
-86.7862,-2.71E-06
-86.7863,-2.71E-06
-86.7863,-2.71E-06
-86.7864,-2.71E-06
-86.7865,-2.71E-06
-86.7866,-2.71E-06
-86.7867,-2.71E-06
-86.7867,-2.71E-06
-86.7868,-2.71E-06
-86.7869,-2.71E-06
-86.787,-2.71E-06
-86.787,-2.71E-06
-86.7871,-2.71E-06
-86.7872,-2.71E-06
-86.7873,-2.71E-06
-86.7874,-2.71E-06
-86.7874,-2.71E-06
-86.7875,-2.71E-06
-86.7876,-2.71E-06
-86.7877,-2.71E-06
-86.7877,-2.71E-06
-86.7878,-2.71E-06
-86.7879,-2.71E-06
-86.788,-2.71E-06
-86.7881,-2.71E-06
-86.7881,-2.71E-06
-86.7882,-2.71E-06
-86.7883,-2.71E-06
-86.7884,-2.71E-06
-86.7884,-2.71E-06
-86.7885,-2.71E-06
-86.7886,-2.71E-06
-86.7887,-2.71E-06
-86.7888,-2.71E-06
-86.7888,-2.71E-06
-86.7889,-2.71E-06
-86.789,-2.71E-06
-86.7891,-2.71E-06
-86.7891,-2.71E-06
-86.7892,-2.71E-06
-86.7893,-2.71E-06
-86.7894,-2.71E-06
-86.7895,-2.71E-06
-86.7895,-2.71E-06
-86.7896,-2.71E-06
-86.7897,-2.71E-06
-86.7898,-2.71E-06
-86.7898,-2.71E-06
-86.7899,-2.71E-06
-86.79,-2.71E-06
-86.7901,-2.71E-06
-86.7902,-2.71E-06
-86.7902,-2.71E-06
-86.7903,-2.71E-06
-86.7904,-2.71E-06
-86.7905,-2.71E-06
-86.7905,-2.71E-06
-86.7906,-2.71E-06
-86.7907,-2.71E-06
-86.7908,-2.71E-06
-86.7909,-2.71E-06
-86.7909,-2.71E-06
-86.791,-2.71E-06
-86.7911,-2.71E-06
-86.7912,-2.71E-06
-86.7912,-2.71E-06
-86.7913,-2.71E-06
-86.7914,-2.71E-06
-86.7915,-2.71E-06
-86.7916,-2.71E-06
-86.7916,-2.70E-06
-86.7917,-2.70E-06
-86.7918,-2.70E-06
-86.7919,-2.70E-06
-86.7919,-2.70E-06
-86.792,-2.70E-06
-86.7921,-2.70E-06
-86.7922,-2.70E-06
-86.7922,-2.70E-06
-86.7923,-2.70E-06
-86.7924,-2.70E-06
-86.7925,-2.70E-06
-86.7926,-2.70E-06
-86.7926,-2.70E-06
-86.7927,-2.70E-06
-86.7928,-2.70E-06
-86.7929,-2.70E-06
-86.7929,-2.70E-06
-86.793,-2.70E-06
-86.7931,-2.70E-06
-86.7932,-2.70E-06
-86.7933,-2.70E-06
-86.7933,-2.70E-06
-86.7934,-2.70E-06
-86.7935,-2.70E-06
-86.7936,-2.70E-06
-86.7936,-2.70E-06
-86.7937,-2.70E-06
-86.7938,-2.70E-06
-86.7939,-2.70E-06
-86.7939,-2.70E-06
-86.794,-2.70E-06
-86.7941,-2.70E-06
-86.7942,-2.70E-06
-86.7943,-2.70E-06
-86.7943,-2.70E-06
-86.7944,-2.70E-06
-86.7945,-2.70E-06
-86.7946,-2.70E-06
-86.7946,-2.70E-06
-86.7947,-2.70E-06
-86.7948,-2.70E-06
-86.7949,-2.70E-06
-86.7949,-2.70E-06
-86.795,-2.70E-06
-86.7951,-2.70E-06
-86.7952,-2.70E-06
-86.7953,-2.70E-06
-86.7953,-2.70E-06
-86.7954,-2.70E-06
-86.7955,-2.70E-06
-86.7956,-2.70E-06
-86.7956,-2.70E-06
-86.7957,-2.70E-06
-86.7958,-2.70E-06
-86.7959,-2.70E-06
-86.7959,-2.70E-06
-86.796,-2.70E-06
-86.7961,-2.70E-06
-86.7962,-2.70E-06
-86.7963,-2.70E-06
-86.7963,-2.70E-06
-86.7964,-2.70E-06
-86.7965,-2.70E-06
-86.7966,-2.70E-06
-86.7966,-2.70E-06
-86.7967,-2.70E-06
-86.7968,-2.70E-06
-86.7969,-2.70E-06
-86.7969,-2.70E-06
-86.797,-2.70E-06
-86.7971,-2.70E-06
-86.7972,-2.70E-06
-86.7972,-2.70E-06
-86.7973,-2.70E-06
-86.7974,-2.70E-06
-86.7975,-2.70E-06
-86.7976,-2.70E-06
-86.7976,-2.70E-06
-86.7977,-2.70E-06
-86.7978,-2.70E-06
-86.7979,-2.70E-06
-86.7979,-2.70E-06
-86.798,-2.70E-06
-86.7981,-2.70E-06
-86.7982,-2.70E-06
-86.7982,-2.70E-06
-86.7983,-2.70E-06
-86.7984,-2.70E-06
-86.7985,-2.70E-06
-86.7985,-2.70E-06
-86.7986,-2.70E-06
-86.7987,-2.70E-06
-86.7988,-2.70E-06
-86.7989,-2.70E-06
-86.7989,-2.70E-06
-86.799,-2.70E-06
-86.7991,-2.70E-06
-86.7992,-2.70E-06
-86.7992,-2.69E-06
-86.7993,-2.69E-06
-86.7994,-2.69E-06
-86.7995,-2.69E-06
-86.7995,-2.69E-06
-86.7996,-2.69E-06
-86.7997,-2.69E-06
-86.7998,-2.69E-06
-86.7998,-2.69E-06
-86.7999,-2.69E-06
-86.8,-2.69E-06
-86.8001,-2.69E-06
-86.8002,-2.69E-06
-86.8002,-2.69E-06
-86.8003,-2.69E-06
-86.8004,-2.69E-06
-86.8005,-2.69E-06
-86.8005,-2.69E-06
-86.8006,-2.69E-06
-86.8007,-2.69E-06
-86.8008,-2.69E-06
-86.8008,-2.69E-06
-86.8009,-2.69E-06
-86.801,-2.69E-06
-86.8011,-2.69E-06
-86.8011,-2.69E-06
-86.8012,-2.69E-06
-86.8013,-2.69E-06
-86.8014,-2.69E-06
-86.8014,-2.69E-06
-86.8015,-2.69E-06
-86.8016,-2.69E-06
-86.8017,-2.69E-06
-86.8017,-2.69E-06
-86.8018,-2.69E-06
-86.8019,-2.69E-06
-86.802,-2.69E-06
-86.8021,-2.69E-06
-86.8021,-2.69E-06
-86.8022,-2.69E-06
-86.8023,-2.69E-06
-86.8024,-2.69E-06
-86.8024,-2.69E-06
-86.8025,-2.69E-06
-86.8026,-2.69E-06
-86.8027,-2.69E-06
-86.8027,-2.69E-06
-86.8028,-2.69E-06
-86.8029,-2.69E-06
-86.803,-2.69E-06
-86.803,-2.69E-06
-86.8031,-2.69E-06
-86.8032,-2.69E-06
-86.8033,-2.69E-06
-86.8033,-2.69E-06
-86.8034,-2.69E-06
-86.8035,-2.69E-06
-86.8036,-2.69E-06
-86.8036,-2.69E-06
-86.8037,-2.69E-06
-86.8038,-2.69E-06
-86.8039,-2.69E-06
-86.8039,-2.69E-06
-86.804,-2.69E-06
-86.8041,-2.69E-06
-86.8042,-2.69E-06
-86.8042,-2.69E-06
-86.8043,-2.69E-06
-86.8044,-2.69E-06
-86.8045,-2.69E-06
-86.8045,-2.69E-06
-86.8046,-2.69E-06
-86.8047,-2.69E-06
-86.8048,-2.69E-06
-86.8049,-2.69E-06
-86.8049,-2.69E-06
-86.805,-2.69E-06
-86.8051,-2.69E-06
-86.8052,-2.69E-06
-86.8052,-2.69E-06
-86.8053,-2.69E-06
-86.8054,-2.69E-06
-86.8055,-2.69E-06
-86.8055,-2.69E-06
-86.8056,-2.69E-06
-86.8057,-2.69E-06
-86.8058,-2.69E-06
-86.8058,-2.69E-06
-86.8059,-2.69E-06
-86.806,-2.69E-06
-86.8061,-2.69E-06
-86.8061,-2.69E-06
-86.8062,-2.69E-06
-86.8063,-2.69E-06
-86.8064,-2.69E-06
-86.8064,-2.69E-06
-86.8065,-2.69E-06
-86.8066,-2.69E-06
-86.8067,-2.69E-06
-86.8067,-2.69E-06
-86.8068,-2.69E-06
-86.8069,-2.68E-06
-86.807,-2.68E-06
-86.807,-2.68E-06
-86.8071,-2.68E-06
-86.8072,-2.68E-06
-86.8073,-2.68E-06
-86.8073,-2.68E-06
-86.8074,-2.68E-06
-86.8075,-2.68E-06
-86.8076,-2.68E-06
-86.8076,-2.68E-06
-86.8077,-2.68E-06
-86.8078,-2.68E-06
-86.8079,-2.68E-06
-86.8079,-2.68E-06
-86.808,-2.68E-06
-86.8081,-2.68E-06
-86.8082,-2.68E-06
-86.8082,-2.68E-06
-86.8083,-2.68E-06
-86.8084,-2.68E-06
-86.8085,-2.68E-06
-86.8085,-2.68E-06
-86.8086,-2.68E-06
-86.8087,-2.68E-06
-86.8088,-2.68E-06
-86.8088,-2.68E-06
-86.8089,-2.68E-06
-86.809,-2.68E-06
-86.8091,-2.68E-06
-86.8091,-2.68E-06
-86.8092,-2.68E-06
-86.8093,-2.68E-06
-86.8094,-2.68E-06
-86.8094,-2.68E-06
-86.8095,-2.68E-06
-86.8096,-2.68E-06
-86.8097,-2.68E-06
-86.8097,-2.68E-06
-86.8098,-2.68E-06
-86.8099,-2.68E-06
-86.81,-2.68E-06
-86.81,-2.68E-06
-86.8101,-2.68E-06
-86.8102,-2.68E-06
-86.8103,-2.68E-06
-86.8103,-2.68E-06
-86.8104,-2.68E-06
-86.8105,-2.68E-06
-86.8106,-2.68E-06
-86.8106,-2.68E-06
-86.8107,-2.68E-06
-86.8108,-2.68E-06
-86.8109,-2.68E-06
-86.8109,-2.68E-06
-86.811,-2.68E-06
-86.8111,-2.68E-06
-86.8112,-2.68E-06
-86.8112,-2.68E-06
-86.8113,-2.68E-06
-86.8114,-2.68E-06
-86.8114,-2.68E-06
-86.8115,-2.68E-06
-86.8116,-2.68E-06
-86.8117,-2.68E-06
-86.8117,-2.68E-06
-86.8118,-2.68E-06
-86.8119,-2.68E-06
-86.812,-2.68E-06
-86.812,-2.68E-06
-86.8121,-2.68E-06
-86.8122,-2.68E-06
-86.8123,-2.68E-06
-86.8123,-2.68E-06
-86.8124,-2.68E-06
-86.8125,-2.68E-06
-86.8126,-2.68E-06
-86.8126,-2.68E-06
-86.8127,-2.68E-06
-86.8128,-2.68E-06
-86.8129,-2.68E-06
-86.8129,-2.68E-06
-86.813,-2.68E-06
-86.8131,-2.68E-06
-86.8132,-2.68E-06
-86.8132,-2.68E-06
-86.8133,-2.68E-06
-86.8134,-2.68E-06
-86.8135,-2.68E-06
-86.8135,-2.68E-06
-86.8136,-2.68E-06
-86.8137,-2.68E-06
-86.8138,-2.68E-06
-86.8138,-2.68E-06
-86.8139,-2.68E-06
-86.814,-2.68E-06
-86.8141,-2.68E-06
-86.8141,-2.68E-06
-86.8142,-2.68E-06
-86.8143,-2.68E-06
-86.8143,-2.68E-06
-86.8144,-2.68E-06
-86.8145,-2.67E-06
-86.8146,-2.67E-06
-86.8146,-2.67E-06
-86.8147,-2.67E-06
-86.8148,-2.67E-06
-86.8149,-2.67E-06
-86.8149,-2.67E-06
-86.815,-2.67E-06
-86.8151,-2.67E-06
-86.8152,-2.67E-06
-86.8152,-2.67E-06
-86.8153,-2.67E-06
-86.8154,-2.67E-06
-86.8155,-2.67E-06
-86.8155,-2.67E-06
-86.8156,-2.67E-06
-86.8157,-2.67E-06
-86.8158,-2.67E-06
-86.8158,-2.67E-06
-86.8159,-2.67E-06
-86.816,-2.67E-06
-86.816,-2.67E-06
-86.8161,-2.67E-06
-86.8162,-2.67E-06
-86.8163,-2.67E-06
-86.8163,-2.67E-06
-86.8164,-2.67E-06
-86.8165,-2.67E-06
-86.8166,-2.67E-06
-86.8166,-2.67E-06
-86.8167,-2.67E-06
-86.8168,-2.67E-06
-86.8169,-2.67E-06
-86.8169,-2.67E-06
-86.817,-2.67E-06
-86.8171,-2.67E-06
-86.8172,-2.67E-06
-86.8172,-2.67E-06
-86.8173,-2.67E-06
-86.8174,-2.67E-06
-86.8174,-2.67E-06
-86.8175,-2.67E-06
-86.8176,-2.67E-06
-86.8177,-2.67E-06
-86.8177,-2.67E-06
-86.8178,-2.67E-06
-86.8179,-2.67E-06
-86.818,-2.67E-06
-86.818,-2.67E-06
-86.8181,-2.67E-06
-86.8182,-2.67E-06
-86.8183,-2.67E-06
-86.8183,-2.67E-06
-86.8184,-2.67E-06
-86.8185,-2.67E-06
-86.8186,-2.67E-06
-86.8186,-2.67E-06
-86.8187,-2.67E-06
-86.8188,-2.67E-06
-86.8188,-2.67E-06
-86.8189,-2.67E-06
-86.819,-2.67E-06
-86.8191,-2.67E-06
-86.8191,-2.67E-06
-86.8192,-2.67E-06
-86.8193,-2.67E-06
-86.8194,-2.67E-06
-86.8194,-2.67E-06
-86.8195,-2.67E-06
-86.8196,-2.67E-06
-86.8197,-2.67E-06
-86.8197,-2.67E-06
-86.8198,-2.67E-06
-86.8199,-2.67E-06
-86.8199,-2.67E-06
-86.82,-2.67E-06
-86.8201,-2.67E-06
-86.8202,-2.67E-06
-86.8202,-2.67E-06
-86.8203,-2.67E-06
-86.8204,-2.67E-06
-86.8205,-2.67E-06
-86.8205,-2.67E-06
-86.8206,-2.67E-06
-86.8207,-2.67E-06
-86.8207,-2.67E-06
-86.8208,-2.67E-06
-86.8209,-2.67E-06
-86.821,-2.67E-06
-86.821,-2.67E-06
-86.8211,-2.67E-06
-86.8212,-2.67E-06
-86.8213,-2.67E-06
-86.8213,-2.67E-06
-86.8214,-2.67E-06
-86.8215,-2.67E-06
-86.8216,-2.67E-06
-86.8216,-2.67E-06
-86.8217,-2.67E-06
-86.8218,-2.67E-06
-86.8218,-2.67E-06
-86.8219,-2.67E-06
-86.822,-2.67E-06
-86.8221,-2.67E-06
-86.8221,-2.67E-06
-86.8222,-2.66E-06
-86.8223,-2.66E-06
-86.8224,-2.66E-06
-86.8224,-2.66E-06
-86.8225,-2.66E-06
-86.8226,-2.66E-06
-86.8226,-2.66E-06
-86.8227,-2.66E-06
-86.8228,-2.66E-06
-86.8229,-2.66E-06
-86.8229,-2.66E-06
-86.823,-2.66E-06
-86.8231,-2.66E-06
-86.8232,-2.66E-06
-86.8232,-2.66E-06
-86.8233,-2.66E-06
-86.8234,-2.66E-06
-86.8234,-2.66E-06
-86.8235,-2.66E-06
-86.8236,-2.66E-06
-86.8237,-2.66E-06
-86.8237,-2.66E-06
-86.8238,-2.66E-06
-86.8239,-2.66E-06
-86.824,-2.66E-06
-86.824,-2.66E-06
-86.8241,-2.66E-06
-86.8242,-2.66E-06
-86.8242,-2.66E-06
-86.8243,-2.66E-06
-86.8244,-2.66E-06
-86.8245,-2.66E-06
-86.8245,-2.66E-06
-86.8246,-2.66E-06
-86.8247,-2.66E-06
-86.8248,-2.66E-06
-86.8248,-2.66E-06
-86.8249,-2.66E-06
-86.825,-2.66E-06
-86.825,-2.66E-06
-86.8251,-2.66E-06
-86.8252,-2.66E-06
-86.8253,-2.66E-06
-86.8253,-2.66E-06
-86.8254,-2.66E-06
-86.8255,-2.66E-06
-86.8255,-2.66E-06
-86.8256,-2.66E-06
-86.8257,-2.66E-06
-86.8258,-2.66E-06
-86.8258,-2.66E-06
-86.8259,-2.66E-06
-86.826,-2.66E-06
-86.8261,-2.66E-06
-86.8261,-2.66E-06
-86.8262,-2.66E-06
-86.8263,-2.66E-06
-86.8263,-2.66E-06
-86.8264,-2.66E-06
-86.8265,-2.66E-06
-86.8266,-2.66E-06
-86.8266,-2.66E-06
-86.8267,-2.66E-06
-86.8268,-2.66E-06
-86.8268,-2.66E-06
-86.8269,-2.66E-06
-86.827,-2.66E-06
-86.8271,-2.66E-06
-86.8271,-2.66E-06
-86.8272,-2.66E-06
-86.8273,-2.66E-06
-86.8274,-2.66E-06
-86.8274,-2.66E-06
-86.8275,-2.66E-06
-86.8276,-2.66E-06
-86.8276,-2.66E-06
-86.8277,-2.66E-06
-86.8278,-2.66E-06
-86.8279,-2.66E-06
-86.8279,-2.66E-06
-86.828,-2.66E-06
-86.8281,-2.66E-06
-86.8281,-2.66E-06
-86.8282,-2.66E-06
-86.8283,-2.66E-06
-86.8284,-2.66E-06
-86.8284,-2.66E-06
-86.8285,-2.66E-06
-86.8286,-2.66E-06
-86.8286,-2.66E-06
-86.8287,-2.66E-06
-86.8288,-2.66E-06
-86.8289,-2.66E-06
-86.8289,-2.66E-06
-86.829,-2.66E-06
-86.8291,-2.66E-06
-86.8291,-2.66E-06
-86.8292,-2.66E-06
-86.8293,-2.66E-06
-86.8294,-2.66E-06
-86.8294,-2.66E-06
-86.8295,-2.66E-06
-86.8296,-2.66E-06
-86.8297,-2.66E-06
-86.8297,-2.66E-06
-86.8298,-2.66E-06
-86.8299,-2.65E-06
-86.8299,-2.65E-06
-86.83,-2.65E-06
-86.8301,-2.65E-06
-86.8302,-2.65E-06
-86.8302,-2.65E-06
-86.8303,-2.65E-06
-86.8304,-2.65E-06
-86.8304,-2.65E-06
-86.8305,-2.65E-06
-86.8306,-2.65E-06
-86.8307,-2.65E-06
-86.8307,-2.65E-06
-86.8308,-2.65E-06
-86.8309,-2.65E-06
-86.8309,-2.65E-06
-86.831,-2.65E-06
-86.8311,-2.65E-06
-86.8312,-2.65E-06
-86.8312,-2.65E-06
-86.8313,-2.65E-06
-86.8314,-2.65E-06
-86.8314,-2.65E-06
-86.8315,-2.65E-06
-86.8316,-2.65E-06
-86.8317,-2.65E-06
-86.8317,-2.65E-06
-86.8318,-2.65E-06
-86.8319,-2.65E-06
-86.8319,-2.65E-06
-86.832,-2.65E-06
-86.8321,-2.65E-06
-86.8322,-2.65E-06
-86.8322,-2.65E-06
-86.8323,-2.65E-06
-86.8324,-2.65E-06
-86.8324,-2.65E-06
-86.8325,-2.65E-06
-86.8326,-2.65E-06
-86.8327,-2.65E-06
-86.8327,-2.65E-06
-86.8328,-2.65E-06
-86.8329,-2.65E-06
-86.8329,-2.65E-06
-86.833,-2.65E-06
-86.8331,-2.65E-06
-86.8332,-2.65E-06
-86.8332,-2.65E-06
-86.8333,-2.65E-06
-86.8334,-2.65E-06
-86.8334,-2.65E-06
-86.8335,-2.65E-06
-86.8336,-2.65E-06
-86.8336,-2.65E-06
-86.8337,-2.65E-06
-86.8338,-2.65E-06
-86.8339,-2.65E-06
-86.8339,-2.65E-06
-86.834,-2.65E-06
-86.8341,-2.65E-06
-86.8341,-2.65E-06
-86.8342,-2.65E-06
-86.8343,-2.65E-06
-86.8344,-2.65E-06
-86.8344,-2.65E-06
-86.8345,-2.65E-06
-86.8346,-2.65E-06
-86.8346,-2.65E-06
-86.8347,-2.65E-06
-86.8348,-2.65E-06
-86.8349,-2.65E-06
-86.8349,-2.65E-06
-86.835,-2.65E-06
-86.8351,-2.65E-06
-86.8351,-2.65E-06
-86.8352,-2.65E-06
-86.8353,-2.65E-06
-86.8354,-2.65E-06
-86.8354,-2.65E-06
-86.8355,-2.65E-06
-86.8356,-2.65E-06
-86.8356,-2.65E-06
-86.8357,-2.65E-06
-86.8358,-2.65E-06
-86.8358,-2.65E-06
-86.8359,-2.65E-06
-86.836,-2.65E-06
-86.8361,-2.65E-06
-86.8361,-2.65E-06
-86.8362,-2.65E-06
-86.8363,-2.65E-06
-86.8363,-2.65E-06
-86.8364,-2.65E-06
-86.8365,-2.65E-06
-86.8366,-2.65E-06
-86.8366,-2.65E-06
-86.8367,-2.65E-06
-86.8368,-2.65E-06
-86.8368,-2.65E-06
-86.8369,-2.65E-06
-86.837,-2.65E-06
-86.837,-2.65E-06
-86.8371,-2.65E-06
-86.8372,-2.65E-06
-86.8373,-2.65E-06
-86.8373,-2.65E-06
-86.8374,-2.65E-06
-86.8375,-2.65E-06
-86.8375,-2.65E-06
-86.8376,-2.64E-06
-86.8377,-2.64E-06
-86.8378,-2.64E-06
-86.8378,-2.64E-06
-86.8379,-2.64E-06
-86.838,-2.64E-06
-86.838,-2.64E-06
-86.8381,-2.64E-06
-86.8382,-2.64E-06
-86.8382,-2.64E-06
-86.8383,-2.64E-06
-86.8384,-2.64E-06
-86.8385,-2.64E-06
-86.8385,-2.64E-06
-86.8386,-2.64E-06
-86.8387,-2.64E-06
-86.8387,-2.64E-06
-86.8388,-2.64E-06
-86.8389,-2.64E-06
-86.8389,-2.64E-06
-86.839,-2.64E-06
-86.8391,-2.64E-06
-86.8392,-2.64E-06
-86.8392,-2.64E-06
-86.8393,-2.64E-06
-86.8394,-2.64E-06
-86.8394,-2.64E-06
-86.8395,-2.64E-06
-86.8396,-2.64E-06
-86.8396,-2.64E-06
-86.8397,-2.64E-06
-86.8398,-2.64E-06
-86.8399,-2.64E-06
-86.8399,-2.64E-06
-86.84,-2.64E-06
-86.8401,-2.64E-06
-86.8401,-2.64E-06
-86.8402,-2.64E-06
-86.8403,-2.64E-06
-86.8403,-2.64E-06
-86.8404,-2.64E-06
-86.8405,-2.64E-06
-86.8406,-2.64E-06
-86.8406,-2.64E-06
-86.8407,-2.64E-06
-86.8408,-2.64E-06
-86.8408,-2.64E-06
-86.8409,-2.64E-06
-86.841,-2.64E-06
-86.841,-2.64E-06
-86.8411,-2.64E-06
-86.8412,-2.64E-06
-86.8413,-2.64E-06
-86.8413,-2.64E-06
-86.8414,-2.64E-06
-86.8415,-2.64E-06
-86.8415,-2.64E-06
-86.8416,-2.64E-06
-86.8417,-2.64E-06
-86.8417,-2.64E-06
-86.8418,-2.64E-06
-86.8419,-2.64E-06
-86.842,-2.64E-06
-86.842,-2.64E-06
-86.8421,-2.64E-06
-86.8422,-2.64E-06
-86.8422,-2.64E-06
-86.8423,-2.64E-06
-86.8424,-2.64E-06
-86.8424,-2.64E-06
-86.8425,-2.64E-06
-86.8426,-2.64E-06
-86.8427,-2.64E-06
-86.8427,-2.64E-06
-86.8428,-2.64E-06
-86.8429,-2.64E-06
-86.8429,-2.64E-06
-86.843,-2.64E-06
-86.8431,-2.64E-06
-86.8431,-2.64E-06
-86.8432,-2.64E-06
-86.8433,-2.64E-06
-86.8433,-2.64E-06
-86.8434,-2.64E-06
-86.8435,-2.64E-06
-86.8436,-2.64E-06
-86.8436,-2.64E-06
-86.8437,-2.64E-06
-86.8438,-2.64E-06
-86.8438,-2.64E-06
-86.8439,-2.64E-06
-86.844,-2.64E-06
-86.844,-2.64E-06
-86.8441,-2.64E-06
-86.8442,-2.64E-06
-86.8442,-2.64E-06
-86.8443,-2.64E-06
-86.8444,-2.64E-06
-86.8445,-2.64E-06
-86.8445,-2.64E-06
-86.8446,-2.64E-06
-86.8447,-2.64E-06
-86.8447,-2.64E-06
-86.8448,-2.64E-06
-86.8449,-2.64E-06
-86.8449,-2.64E-06
-86.845,-2.64E-06
-86.8451,-2.64E-06
-86.8451,-2.64E-06
-86.8452,-2.64E-06
-86.8453,-2.64E-06
-86.8454,-2.63E-06
-86.8454,-2.63E-06
-86.8455,-2.63E-06
-86.8456,-2.63E-06
-86.8456,-2.63E-06
-86.8457,-2.63E-06
-86.8458,-2.63E-06
-86.8458,-2.63E-06
-86.8459,-2.63E-06
-86.846,-2.63E-06
-86.846,-2.63E-06
-86.8461,-2.63E-06
-86.8462,-2.63E-06
-86.8463,-2.63E-06
-86.8463,-2.63E-06
-86.8464,-2.63E-06
-86.8465,-2.63E-06
-86.8465,-2.63E-06
-86.8466,-2.63E-06
-86.8467,-2.63E-06
-86.8467,-2.63E-06
-86.8468,-2.63E-06
-86.8469,-2.63E-06
-86.8469,-2.63E-06
-86.847,-2.63E-06
-86.8471,-2.63E-06
-86.8472,-2.63E-06
-86.8472,-2.63E-06
-86.8473,-2.63E-06
-86.8474,-2.63E-06
-86.8474,-2.63E-06
-86.8475,-2.63E-06
-86.8476,-2.63E-06
-86.8476,-2.63E-06
-86.8477,-2.63E-06
-86.8478,-2.63E-06
-86.8478,-2.63E-06
-86.8479,-2.63E-06
-86.848,-2.63E-06
-86.848,-2.63E-06
-86.8481,-2.63E-06
-86.8482,-2.63E-06
-86.8483,-2.63E-06
-86.8483,-2.63E-06
-86.8484,-2.63E-06
-86.8485,-2.63E-06
-86.8485,-2.63E-06
-86.8486,-2.63E-06
-86.8487,-2.63E-06
-86.8487,-2.63E-06
-86.8488,-2.63E-06
-86.8489,-2.63E-06
-86.8489,-2.63E-06
-86.849,-2.63E-06
-86.8491,-2.63E-06
-86.8491,-2.63E-06
-86.8492,-2.63E-06
-86.8493,-2.63E-06
-86.8493,-2.63E-06
-86.8494,-2.63E-06
-86.8495,-2.63E-06
-86.8496,-2.63E-06
-86.8496,-2.63E-06
-86.8497,-2.63E-06
-86.8498,-2.63E-06
-86.8498,-2.63E-06
-86.8499,-2.63E-06
-86.85,-2.63E-06
-86.85,-2.63E-06
-86.8501,-2.63E-06
-86.8502,-2.63E-06
-86.8502,-2.63E-06
-86.8503,-2.63E-06
-86.8504,-2.63E-06
-86.8504,-2.63E-06
-86.8505,-2.63E-06
-86.8506,-2.63E-06
-86.8506,-2.63E-06
-86.8507,-2.63E-06
-86.8508,-2.63E-06
-86.8509,-2.63E-06
-86.8509,-2.63E-06
-86.851,-2.63E-06
-86.8511,-2.63E-06
-86.8511,-2.63E-06
-86.8512,-2.63E-06
-86.8513,-2.63E-06
-86.8513,-2.63E-06
-86.8514,-2.63E-06
-86.8515,-2.63E-06
-86.8515,-2.63E-06
-86.8516,-2.63E-06
-86.8517,-2.63E-06
-86.8517,-2.63E-06
-86.8518,-2.63E-06
-86.8519,-2.63E-06
-86.8519,-2.63E-06
-86.852,-2.63E-06
-86.8521,-2.63E-06
-86.8521,-2.63E-06
-86.8522,-2.63E-06
-86.8523,-2.63E-06
-86.8524,-2.63E-06
-86.8524,-2.63E-06
-86.8525,-2.63E-06
-86.8526,-2.63E-06
-86.8526,-2.63E-06
-86.8527,-2.63E-06
-86.8528,-2.63E-06
-86.8528,-2.63E-06
-86.8529,-2.63E-06
-86.853,-2.63E-06
-86.853,-2.63E-06
-86.8531,-2.62E-06
-86.8532,-2.62E-06
-86.8532,-2.62E-06
-86.8533,-2.62E-06
-86.8534,-2.62E-06
-86.8534,-2.62E-06
-86.8535,-2.62E-06
-86.8536,-2.62E-06
-86.8536,-2.62E-06
-86.8537,-2.62E-06
-86.8538,-2.62E-06
-86.8538,-2.62E-06
-86.8539,-2.62E-06
-86.854,-2.62E-06
-86.854,-2.62E-06
-86.8541,-2.62E-06
-86.8542,-2.62E-06
-86.8543,-2.62E-06
-86.8543,-2.62E-06
-86.8544,-2.62E-06
-86.8545,-2.62E-06
-86.8545,-2.62E-06
-86.8546,-2.62E-06
-86.8547,-2.62E-06
-86.8547,-2.62E-06
-86.8548,-2.62E-06
-86.8549,-2.62E-06
-86.8549,-2.62E-06
-86.855,-2.62E-06
-86.8551,-2.62E-06
-86.8551,-2.62E-06
-86.8552,-2.62E-06
-86.8553,-2.62E-06
-86.8553,-2.62E-06
-86.8554,-2.62E-06
-86.8555,-2.62E-06
-86.8555,-2.62E-06
-86.8556,-2.62E-06
-86.8557,-2.62E-06
-86.8557,-2.62E-06
-86.8558,-2.62E-06
-86.8559,-2.62E-06
-86.8559,-2.62E-06
-86.856,-2.62E-06
-86.8561,-2.62E-06
-86.8561,-2.62E-06
-86.8562,-2.62E-06
-86.8563,-2.62E-06
-86.8563,-2.62E-06
-86.8564,-2.62E-06
-86.8565,-2.62E-06
-86.8565,-2.62E-06
-86.8566,-2.62E-06
-86.8567,-2.62E-06
-86.8567,-2.62E-06
-86.8568,-2.62E-06
-86.8569,-2.62E-06
-86.857,-2.62E-06
-86.857,-2.62E-06
-86.8571,-2.62E-06
-86.8572,-2.62E-06
-86.8572,-2.62E-06
-86.8573,-2.62E-06
-86.8574,-2.62E-06
-86.8574,-2.62E-06
-86.8575,-2.62E-06
-86.8576,-2.62E-06
-86.8576,-2.62E-06
-86.8577,-2.62E-06
-86.8578,-2.62E-06
-86.8578,-2.62E-06
-86.8579,-2.62E-06
-86.858,-2.62E-06
-86.858,-2.62E-06
-86.8581,-2.62E-06
-86.8582,-2.62E-06
-86.8582,-2.62E-06
-86.8583,-2.62E-06
-86.8584,-2.62E-06
-86.8584,-2.62E-06
-86.8585,-2.62E-06
-86.8586,-2.62E-06
-86.8586,-2.62E-06
-86.8587,-2.62E-06
-86.8588,-2.62E-06
-86.8588,-2.62E-06
-86.8589,-2.62E-06
-86.859,-2.62E-06
-86.859,-2.62E-06
-86.8591,-2.62E-06
-86.8592,-2.62E-06
-86.8592,-2.62E-06
-86.8593,-2.62E-06
-86.8594,-2.62E-06
-86.8594,-2.62E-06
-86.8595,-2.62E-06
-86.8596,-2.62E-06
-86.8596,-2.62E-06
-86.8597,-2.62E-06
-86.8598,-2.62E-06
-86.8598,-2.62E-06
-86.8599,-2.62E-06
-86.86,-2.62E-06
-86.86,-2.62E-06
-86.8601,-2.62E-06
-86.8602,-2.62E-06
-86.8602,-2.62E-06
-86.8603,-2.62E-06
-86.8604,-2.62E-06
-86.8604,-2.62E-06
-86.8605,-2.62E-06
-86.8606,-2.62E-06
-86.8606,-2.62E-06
-86.8607,-2.62E-06
-86.8608,-2.62E-06
-86.8608,-2.62E-06
-86.8609,-2.62E-06
-86.861,-2.61E-06
-86.861,-2.61E-06
-86.8611,-2.61E-06
-86.8612,-2.61E-06
-86.8612,-2.61E-06
-86.8613,-2.61E-06
-86.8614,-2.61E-06
-86.8614,-2.61E-06
-86.8615,-2.61E-06
-86.8616,-2.61E-06
-86.8616,-2.61E-06
-86.8617,-2.61E-06
-86.8618,-2.61E-06
-86.8618,-2.61E-06
-86.8619,-2.61E-06
-86.862,-2.61E-06
-86.862,-2.61E-06
-86.8621,-2.61E-06
-86.8622,-2.61E-06
-86.8622,-2.61E-06
-86.8623,-2.61E-06
-86.8624,-2.61E-06
-86.8624,-2.61E-06
-86.8625,-2.61E-06
-86.8626,-2.61E-06
-86.8626,-2.61E-06
-86.8627,-2.61E-06
-86.8628,-2.61E-06
-86.8628,-2.61E-06
-86.8629,-2.61E-06
-86.863,-2.61E-06
-86.863,-2.61E-06
-86.8631,-2.61E-06
-86.8632,-2.61E-06
-86.8632,-2.61E-06
-86.8633,-2.61E-06
-86.8634,-2.61E-06
-86.8634,-2.61E-06
-86.8635,-2.61E-06
-86.8636,-2.61E-06
-86.8636,-2.61E-06
-86.8637,-2.61E-06
-86.8638,-2.61E-06
-86.8638,-2.61E-06
-86.8639,-2.61E-06
-86.8639,-2.61E-06
-86.864,-2.61E-06
-86.8641,-2.61E-06
-86.8641,-2.61E-06
-86.8642,-2.61E-06
-86.8643,-2.61E-06
-86.8643,-2.61E-06
-86.8644,-2.61E-06
-86.8645,-2.61E-06
-86.8645,-2.61E-06
-86.8646,-2.61E-06
-86.8647,-2.61E-06
-86.8647,-2.61E-06
-86.8648,-2.61E-06
-86.8649,-2.61E-06
-86.8649,-2.61E-06
-86.865,-2.61E-06
-86.8651,-2.61E-06
-86.8651,-2.61E-06
-86.8652,-2.61E-06
-86.8653,-2.61E-06
-86.8653,-2.61E-06
-86.8654,-2.61E-06
-86.8655,-2.61E-06
-86.8655,-2.61E-06
-86.8656,-2.61E-06
-86.8657,-2.61E-06
-86.8657,-2.61E-06
-86.8658,-2.61E-06
-86.8659,-2.61E-06
-86.8659,-2.61E-06
-86.866,-2.61E-06
-86.8661,-2.61E-06
-86.8661,-2.61E-06
-86.8662,-2.61E-06
-86.8663,-2.61E-06
-86.8663,-2.61E-06
-86.8664,-2.61E-06
-86.8665,-2.61E-06
-86.8665,-2.61E-06
-86.8666,-2.61E-06
-86.8666,-2.61E-06
-86.8667,-2.61E-06
-86.8668,-2.61E-06
-86.8668,-2.61E-06
-86.8669,-2.61E-06
-86.867,-2.61E-06
-86.867,-2.61E-06
-86.8671,-2.61E-06
-86.8672,-2.61E-06
-86.8672,-2.61E-06
-86.8673,-2.61E-06
-86.8674,-2.61E-06
-86.8674,-2.61E-06
-86.8675,-2.61E-06
-86.8676,-2.61E-06
-86.8676,-2.61E-06
-86.8677,-2.61E-06
-86.8678,-2.61E-06
-86.8678,-2.61E-06
-86.8679,-2.61E-06
-86.868,-2.61E-06
-86.868,-2.61E-06
-86.8681,-2.61E-06
-86.8682,-2.61E-06
-86.8682,-2.61E-06
-86.8683,-2.61E-06
-86.8684,-2.61E-06
-86.8684,-2.61E-06
-86.8685,-2.61E-06
-86.8685,-2.61E-06
-86.8686,-2.61E-06
-86.8687,-2.61E-06
-86.8687,-2.60E-06
-86.8688,-2.60E-06
-86.8689,-2.60E-06
-86.8689,-2.60E-06
-86.869,-2.60E-06
-86.8691,-2.60E-06
-86.8691,-2.60E-06
-86.8692,-2.60E-06
-86.8693,-2.60E-06
-86.8693,-2.60E-06
-86.8694,-2.60E-06
-86.8695,-2.60E-06
-86.8695,-2.60E-06
-86.8696,-2.60E-06
-86.8697,-2.60E-06
-86.8697,-2.60E-06
-86.8698,-2.60E-06
-86.8699,-2.60E-06
-86.8699,-2.60E-06
-86.87,-2.60E-06
-86.87,-2.60E-06
-86.8701,-2.60E-06
-86.8702,-2.60E-06
-86.8702,-2.60E-06
-86.8703,-2.60E-06
-86.8704,-2.60E-06
-86.8704,-2.60E-06
-86.8705,-2.60E-06
-86.8706,-2.60E-06
-86.8706,-2.60E-06
-86.8707,-2.60E-06
-86.8708,-2.60E-06
-86.8708,-2.60E-06
-86.8709,-2.60E-06
-86.871,-2.60E-06
-86.871,-2.60E-06
-86.8711,-2.60E-06
-86.8712,-2.60E-06
-86.8712,-2.60E-06
-86.8713,-2.60E-06
-86.8713,-2.60E-06
-86.8714,-2.60E-06
-86.8715,-2.60E-06
-86.8715,-2.60E-06
-86.8716,-2.60E-06
-86.8717,-2.60E-06
-86.8717,-2.60E-06
-86.8718,-2.60E-06
-86.8719,-2.60E-06
-86.8719,-2.60E-06
-86.872,-2.60E-06
-86.8721,-2.60E-06
-86.8721,-2.60E-06
-86.8722,-2.60E-06
-86.8723,-2.60E-06
-86.8723,-2.60E-06
-86.8724,-2.60E-06
-86.8724,-2.60E-06
-86.8725,-2.60E-06
-86.8726,-2.60E-06
-86.8726,-2.60E-06
-86.8727,-2.60E-06
-86.8728,-2.60E-06
-86.8728,-2.60E-06
-86.8729,-2.60E-06
-86.873,-2.60E-06
-86.873,-2.60E-06
-86.8731,-2.60E-06
-86.8732,-2.60E-06
-86.8732,-2.60E-06
-86.8733,-2.60E-06
-86.8733,-2.60E-06
-86.8734,-2.60E-06
-86.8735,-2.60E-06
-86.8735,-2.60E-06
-86.8736,-2.60E-06
-86.8737,-2.60E-06
-86.8737,-2.60E-06
-86.8738,-2.60E-06
-86.8739,-2.60E-06
-86.8739,-2.60E-06
-86.874,-2.60E-06
-86.8741,-2.60E-06
-86.8741,-2.60E-06
-86.8742,-2.60E-06
-86.8743,-2.60E-06
-86.8743,-2.60E-06
-86.8744,-2.60E-06
-86.8744,-2.60E-06
-86.8745,-2.60E-06
-86.8746,-2.60E-06
-86.8746,-2.60E-06
-86.8747,-2.60E-06
-86.8748,-2.60E-06
-86.8748,-2.60E-06
-86.8749,-2.60E-06
-86.875,-2.60E-06
-86.875,-2.60E-06
-86.8751,-2.60E-06
-86.8752,-2.60E-06
-86.8752,-2.60E-06
-86.8753,-2.60E-06
-86.8753,-2.60E-06
-86.8754,-2.60E-06
-86.8755,-2.60E-06
-86.8755,-2.60E-06
-86.8756,-2.60E-06
-86.8757,-2.60E-06
-86.8757,-2.60E-06
-86.8758,-2.60E-06
-86.8759,-2.60E-06
-86.8759,-2.60E-06
-86.876,-2.60E-06
-86.876,-2.60E-06
-86.8761,-2.60E-06
-86.8762,-2.60E-06
-86.8762,-2.60E-06
-86.8763,-2.60E-06
-86.8764,-2.60E-06
-86.8764,-2.60E-06
-86.8765,-2.60E-06
-86.8766,-2.60E-06
-86.8766,-2.59E-06
-86.8767,-2.59E-06
-86.8768,-2.59E-06
-86.8768,-2.59E-06
-86.8769,-2.59E-06
-86.8769,-2.59E-06
-86.877,-2.59E-06
-86.8771,-2.59E-06
-86.8771,-2.59E-06
-86.8772,-2.59E-06
-86.8773,-2.59E-06
-86.8773,-2.59E-06
-86.8774,-2.59E-06
-86.8775,-2.59E-06
-86.8775,-2.59E-06
-86.8776,-2.59E-06
-86.8776,-2.59E-06
-86.8777,-2.59E-06
-86.8778,-2.59E-06
-86.8778,-2.59E-06
-86.8779,-2.59E-06
-86.878,-2.59E-06
-86.878,-2.59E-06
-86.8781,-2.59E-06
-86.8782,-2.59E-06
-86.8782,-2.59E-06
-86.8783,-2.59E-06
-86.8783,-2.59E-06
-86.8784,-2.59E-06
-86.8785,-2.59E-06
-86.8785,-2.59E-06
-86.8786,-2.59E-06
-86.8787,-2.59E-06
-86.8787,-2.59E-06
-86.8788,-2.59E-06
-86.8789,-2.59E-06
-86.8789,-2.59E-06
-86.879,-2.59E-06
-86.879,-2.59E-06
-86.8791,-2.59E-06
-86.8792,-2.59E-06
-86.8792,-2.59E-06
-86.8793,-2.59E-06
-86.8794,-2.59E-06
-86.8794,-2.59E-06
-86.8795,-2.59E-06
-86.8796,-2.59E-06
-86.8796,-2.59E-06
-86.8797,-2.59E-06
-86.8797,-2.59E-06
-86.8798,-2.59E-06
-86.8799,-2.59E-06
-86.8799,-2.59E-06
-86.88,-2.59E-06
-86.8801,-2.59E-06
-86.8801,-2.59E-06
-86.8802,-2.59E-06
-86.8803,-2.59E-06
-86.8803,-2.59E-06
-86.8804,-2.59E-06
-86.8804,-2.59E-06
-86.8805,-2.59E-06
-86.8806,-2.59E-06
-86.8806,-2.59E-06
-86.8807,-2.59E-06
-86.8808,-2.59E-06
-86.8808,-2.59E-06
-86.8809,-2.59E-06
-86.8809,-2.59E-06
-86.881,-2.59E-06
-86.8811,-2.59E-06
-86.8811,-2.59E-06
-86.8812,-2.59E-06
-86.8813,-2.59E-06
-86.8813,-2.59E-06
-86.8814,-2.59E-06
-86.8815,-2.59E-06
-86.8815,-2.59E-06
-86.8816,-2.59E-06
-86.8816,-2.59E-06
-86.8817,-2.59E-06
-86.8818,-2.59E-06
-86.8818,-2.59E-06
-86.8819,-2.59E-06
-86.882,-2.59E-06
-86.882,-2.59E-06
-86.8821,-2.59E-06
-86.8821,-2.59E-06
-86.8822,-2.59E-06
-86.8823,-2.59E-06
-86.8823,-2.59E-06
-86.8824,-2.59E-06
-86.8825,-2.59E-06
-86.8825,-2.59E-06
-86.8826,-2.59E-06
-86.8826,-2.59E-06
-86.8827,-2.59E-06
-86.8828,-2.59E-06
-86.8828,-2.59E-06
-86.8829,-2.59E-06
-86.883,-2.59E-06
-86.883,-2.59E-06
-86.8831,-2.59E-06
-86.8832,-2.59E-06
-86.8832,-2.59E-06
-86.8833,-2.59E-06
-86.8833,-2.59E-06
-86.8834,-2.59E-06
-86.8835,-2.59E-06
-86.8835,-2.59E-06
-86.8836,-2.59E-06
-86.8837,-2.59E-06
-86.8837,-2.59E-06
-86.8838,-2.59E-06
-86.8838,-2.59E-06
-86.8839,-2.59E-06
-86.884,-2.59E-06
-86.884,-2.59E-06
-86.8841,-2.59E-06
-86.8842,-2.59E-06
-86.8842,-2.59E-06
-86.8843,-2.59E-06
-86.8843,-2.59E-06
-86.8844,-2.59E-06
-86.8845,-2.59E-06
-86.8845,-2.58E-06
-86.8846,-2.58E-06
-86.8847,-2.58E-06
-86.8847,-2.58E-06
-86.8848,-2.58E-06
-86.8848,-2.58E-06
-86.8849,-2.58E-06
-86.885,-2.58E-06
-86.885,-2.58E-06
-86.8851,-2.58E-06
-86.8852,-2.58E-06
-86.8852,-2.58E-06
-86.8853,-2.58E-06
-86.8853,-2.58E-06
-86.8854,-2.58E-06
-86.8855,-2.58E-06
-86.8855,-2.58E-06
-86.8856,-2.58E-06
-86.8857,-2.58E-06
-86.8857,-2.58E-06
-86.8858,-2.58E-06
-86.8858,-2.58E-06
-86.8859,-2.58E-06
-86.886,-2.58E-06
-86.886,-2.58E-06
-86.8861,-2.58E-06
-86.8862,-2.58E-06
-86.8862,-2.58E-06
-86.8863,-2.58E-06
-86.8863,-2.58E-06
-86.8864,-2.58E-06
-86.8865,-2.58E-06
-86.8865,-2.58E-06
-86.8866,-2.58E-06
-86.8867,-2.58E-06
-86.8867,-2.58E-06
-86.8868,-2.58E-06
-86.8868,-2.58E-06
-86.8869,-2.58E-06
-86.887,-2.58E-06
-86.887,-2.58E-06
-86.8871,-2.58E-06
-86.8872,-2.58E-06
-86.8872,-2.58E-06
-86.8873,-2.58E-06
-86.8873,-2.58E-06
-86.8874,-2.58E-06
-86.8875,-2.58E-06
-86.8875,-2.58E-06
-86.8876,-2.58E-06
-86.8876,-2.58E-06
-86.8877,-2.58E-06
-86.8878,-2.58E-06
-86.8878,-2.58E-06
-86.8879,-2.58E-06
-86.888,-2.58E-06
-86.888,-2.58E-06
-86.8881,-2.58E-06
-86.8881,-2.58E-06
-86.8882,-2.58E-06
-86.8883,-2.58E-06
-86.8883,-2.58E-06
-86.8884,-2.58E-06
-86.8885,-2.58E-06
-86.8885,-2.58E-06
-86.8886,-2.58E-06
-86.8886,-2.58E-06
-86.8887,-2.58E-06
-86.8888,-2.58E-06
-86.8888,-2.58E-06
-86.8889,-2.58E-06
-86.8889,-2.58E-06
-86.889,-2.58E-06
-86.8891,-2.58E-06
-86.8891,-2.58E-06
-86.8892,-2.58E-06
-86.8893,-2.58E-06
-86.8893,-2.58E-06
-86.8894,-2.58E-06
-86.8894,-2.58E-06
-86.8895,-2.58E-06
-86.8896,-2.58E-06
-86.8896,-2.58E-06
-86.8897,-2.58E-06
-86.8898,-2.58E-06
-86.8898,-2.58E-06
-86.8899,-2.58E-06
-86.8899,-2.58E-06
-86.89,-2.58E-06
-86.8901,-2.58E-06
-86.8901,-2.58E-06
-86.8902,-2.58E-06
-86.8902,-2.58E-06
-86.8903,-2.58E-06
-86.8904,-2.58E-06
-86.8904,-2.58E-06
-86.8905,-2.58E-06
-86.8906,-2.58E-06
-86.8906,-2.58E-06
-86.8907,-2.58E-06
-86.8907,-2.58E-06
-86.8908,-2.58E-06
-86.8909,-2.58E-06
-86.8909,-2.58E-06
-86.891,-2.58E-06
-86.891,-2.58E-06
-86.8911,-2.58E-06
-86.8912,-2.58E-06
-86.8912,-2.58E-06
-86.8913,-2.58E-06
-86.8914,-2.58E-06
-86.8914,-2.58E-06
-86.8915,-2.58E-06
-86.8915,-2.58E-06
-86.8916,-2.58E-06
-86.8917,-2.58E-06
-86.8917,-2.58E-06
-86.8918,-2.58E-06
-86.8918,-2.58E-06
-86.8919,-2.58E-06
-86.892,-2.58E-06
-86.892,-2.58E-06
-86.8921,-2.58E-06
-86.8922,-2.58E-06
-86.8922,-2.58E-06
-86.8923,-2.58E-06
-86.8923,-2.58E-06
-86.8924,-2.57E-06
-86.8925,-2.57E-06
-86.8925,-2.57E-06
-86.8926,-2.57E-06
-86.8926,-2.57E-06
-86.8927,-2.57E-06
-86.8928,-2.57E-06
-86.8928,-2.57E-06
-86.8929,-2.57E-06
-86.8929,-2.57E-06
-86.893,-2.57E-06
-86.8931,-2.57E-06
-86.8931,-2.57E-06
-86.8932,-2.57E-06
-86.8933,-2.57E-06
-86.8933,-2.57E-06
-86.8934,-2.57E-06
-86.8934,-2.57E-06
-86.8935,-2.57E-06
-86.8936,-2.57E-06
-86.8936,-2.57E-06
-86.8937,-2.57E-06
-86.8937,-2.57E-06
-86.8938,-2.57E-06
-86.8939,-2.57E-06
-86.8939,-2.57E-06
-86.894,-2.57E-06
-86.894,-2.57E-06
-86.8941,-2.57E-06
-86.8942,-2.57E-06
-86.8942,-2.57E-06
-86.8943,-2.57E-06
-86.8944,-2.57E-06
-86.8944,-2.57E-06
-86.8945,-2.57E-06
-86.8945,-2.57E-06
-86.8946,-2.57E-06
-86.8947,-2.57E-06
-86.8947,-2.57E-06
-86.8948,-2.57E-06
-86.8948,-2.57E-06
-86.8949,-2.57E-06
-86.895,-2.57E-06
-86.895,-2.57E-06
-86.8951,-2.57E-06
-86.8951,-2.57E-06
-86.8952,-2.57E-06
-86.8953,-2.57E-06
-86.8953,-2.57E-06
-86.8954,-2.57E-06
-86.8954,-2.57E-06
-86.8955,-2.57E-06
-86.8956,-2.57E-06
-86.8956,-2.57E-06
-86.8957,-2.57E-06
-86.8958,-2.57E-06
-86.8958,-2.57E-06
-86.8959,-2.57E-06
-86.8959,-2.57E-06
-86.896,-2.57E-06
-86.8961,-2.57E-06
-86.8961,-2.57E-06
-86.8962,-2.57E-06
-86.8962,-2.57E-06
-86.8963,-2.57E-06
-86.8964,-2.57E-06
-86.8964,-2.57E-06
-86.8965,-2.57E-06
-86.8965,-2.57E-06
-86.8966,-2.57E-06
-86.8967,-2.57E-06
-86.8967,-2.57E-06
-86.8968,-2.57E-06
-86.8968,-2.57E-06
-86.8969,-2.57E-06
-86.897,-2.57E-06
-86.897,-2.57E-06
-86.8971,-2.57E-06
-86.8971,-2.57E-06
-86.8972,-2.57E-06
-86.8973,-2.57E-06
-86.8973,-2.57E-06
-86.8974,-2.57E-06
-86.8974,-2.57E-06
-86.8975,-2.57E-06
-86.8976,-2.57E-06
-86.8976,-2.57E-06
-86.8977,-2.57E-06
-86.8977,-2.57E-06
-86.8978,-2.57E-06
-86.8979,-2.57E-06
-86.8979,-2.57E-06
-86.898,-2.57E-06
-86.898,-2.57E-06
-86.8981,-2.57E-06
-86.8982,-2.57E-06
-86.8982,-2.57E-06
-86.8983,-2.57E-06
-86.8984,-2.57E-06
-86.8984,-2.57E-06
-86.8985,-2.57E-06
-86.8985,-2.57E-06
-86.8986,-2.57E-06
-86.8987,-2.57E-06
-86.8987,-2.57E-06
-86.8988,-2.57E-06
-86.8988,-2.57E-06
-86.8989,-2.57E-06
-86.899,-2.57E-06
-86.899,-2.57E-06
-86.8991,-2.57E-06
-86.8991,-2.57E-06
-86.8992,-2.57E-06
-86.8993,-2.57E-06
-86.8993,-2.57E-06
-86.8994,-2.57E-06
-86.8994,-2.57E-06
-86.8995,-2.57E-06
-86.8996,-2.57E-06
-86.8996,-2.57E-06
-86.8997,-2.57E-06
-86.8997,-2.57E-06
-86.8998,-2.57E-06
-86.8999,-2.57E-06
-86.8999,-2.57E-06
-86.9,-2.57E-06
-86.9,-2.57E-06
-86.9001,-2.57E-06
-86.9002,-2.57E-06
-86.9002,-2.57E-06
-86.9003,-2.57E-06
-86.9003,-2.56E-06
-86.9004,-2.56E-06
-86.9005,-2.56E-06
-86.9005,-2.56E-06
-86.9006,-2.56E-06
-86.9006,-2.56E-06
-86.9007,-2.56E-06
-86.9008,-2.56E-06
-86.9008,-2.56E-06
-86.9009,-2.56E-06
-86.9009,-2.56E-06
-86.901,-2.56E-06
-86.9011,-2.56E-06
-86.9011,-2.56E-06
-86.9012,-2.56E-06
-86.9012,-2.56E-06
-86.9013,-2.56E-06
-86.9014,-2.56E-06
-86.9014,-2.56E-06
-86.9015,-2.56E-06
-86.9015,-2.56E-06
-86.9016,-2.56E-06
-86.9016,-2.56E-06
-86.9017,-2.56E-06
-86.9018,-2.56E-06
-86.9018,-2.56E-06
-86.9019,-2.56E-06
-86.9019,-2.56E-06
-86.902,-2.56E-06
-86.9021,-2.56E-06
-86.9021,-2.56E-06
-86.9022,-2.56E-06
-86.9022,-2.56E-06
-86.9023,-2.56E-06
-86.9024,-2.56E-06
-86.9024,-2.56E-06
-86.9025,-2.56E-06
-86.9025,-2.56E-06
-86.9026,-2.56E-06
-86.9027,-2.56E-06
-86.9027,-2.56E-06
-86.9028,-2.56E-06
-86.9028,-2.56E-06
-86.9029,-2.56E-06
-86.903,-2.56E-06
-86.903,-2.56E-06
-86.9031,-2.56E-06
-86.9031,-2.56E-06
-86.9032,-2.56E-06
-86.9033,-2.56E-06
-86.9033,-2.56E-06
-86.9034,-2.56E-06
-86.9034,-2.56E-06
-86.9035,-2.56E-06
-86.9036,-2.56E-06
-86.9036,-2.56E-06
-86.9037,-2.56E-06
-86.9037,-2.56E-06
-86.9038,-2.56E-06
-86.9039,-2.56E-06
-86.9039,-2.56E-06
-86.904,-2.56E-06
-86.904,-2.56E-06
-86.9041,-2.56E-06
-86.9041,-2.56E-06
-86.9042,-2.56E-06
-86.9043,-2.56E-06
-86.9043,-2.56E-06
-86.9044,-2.56E-06
-86.9044,-2.56E-06
-86.9045,-2.56E-06
-86.9046,-2.56E-06
-86.9046,-2.56E-06
-86.9047,-2.56E-06
-86.9047,-2.56E-06
-86.9048,-2.56E-06
-86.9049,-2.56E-06
-86.9049,-2.56E-06
-86.905,-2.56E-06
-86.905,-2.56E-06
-86.9051,-2.56E-06
-86.9052,-2.56E-06
-86.9052,-2.56E-06
-86.9053,-2.56E-06
-86.9053,-2.56E-06
-86.9054,-2.56E-06
-86.9054,-2.56E-06
-86.9055,-2.56E-06
-86.9056,-2.56E-06
-86.9056,-2.56E-06
-86.9057,-2.56E-06
-86.9057,-2.56E-06
-86.9058,-2.56E-06
-86.9059,-2.56E-06
-86.9059,-2.56E-06
-86.906,-2.56E-06
-86.906,-2.56E-06
-86.9061,-2.56E-06
-86.9062,-2.56E-06
-86.9062,-2.56E-06
-86.9063,-2.56E-06
-86.9063,-2.56E-06
-86.9064,-2.56E-06
-86.9065,-2.56E-06
-86.9065,-2.56E-06
-86.9066,-2.56E-06
-86.9066,-2.56E-06
-86.9067,-2.56E-06
-86.9067,-2.56E-06
-86.9068,-2.56E-06
-86.9069,-2.56E-06
-86.9069,-2.56E-06
-86.907,-2.56E-06
-86.907,-2.56E-06
-86.9071,-2.56E-06
-86.9072,-2.56E-06
-86.9072,-2.56E-06
-86.9073,-2.56E-06
-86.9073,-2.56E-06
-86.9074,-2.56E-06
-86.9075,-2.56E-06
-86.9075,-2.56E-06
-86.9076,-2.56E-06
-86.9076,-2.56E-06
-86.9077,-2.56E-06
-86.9077,-2.56E-06
-86.9078,-2.56E-06
-86.9079,-2.56E-06
-86.9079,-2.56E-06
-86.908,-2.56E-06
-86.908,-2.56E-06
-86.9081,-2.56E-06
-86.9082,-2.56E-06
-86.9082,-2.56E-06
-86.9083,-2.56E-06
-86.9083,-2.55E-06
-86.9084,-2.55E-06
-86.9084,-2.55E-06
-86.9085,-2.55E-06
-86.9086,-2.55E-06
-86.9086,-2.55E-06
-86.9087,-2.55E-06
-86.9087,-2.55E-06
-86.9088,-2.55E-06
-86.9089,-2.55E-06
-86.9089,-2.55E-06
-86.909,-2.55E-06
-86.909,-2.55E-06
-86.9091,-2.55E-06
-86.9091,-2.55E-06
-86.9092,-2.55E-06
-86.9093,-2.55E-06
-86.9093,-2.55E-06
-86.9094,-2.55E-06
-86.9094,-2.55E-06
-86.9095,-2.55E-06
-86.9096,-2.55E-06
-86.9096,-2.55E-06
-86.9097,-2.55E-06
-86.9097,-2.55E-06
-86.9098,-2.55E-06
-86.9098,-2.55E-06
-86.9099,-2.55E-06
-86.91,-2.55E-06
-86.91,-2.55E-06
-86.9101,-2.55E-06
-86.9101,-2.55E-06
-86.9102,-2.55E-06
-86.9103,-2.55E-06
-86.9103,-2.55E-06
-86.9104,-2.55E-06
-86.9104,-2.55E-06
-86.9105,-2.55E-06
-86.9105,-2.55E-06
-86.9106,-2.55E-06
-86.9107,-2.55E-06
-86.9107,-2.55E-06
-86.9108,-2.55E-06
-86.9108,-2.55E-06
-86.9109,-2.55E-06
-86.911,-2.55E-06
-86.911,-2.55E-06
-86.9111,-2.55E-06
-86.9111,-2.55E-06
-86.9112,-2.55E-06
-86.9112,-2.55E-06
-86.9113,-2.55E-06
-86.9114,-2.55E-06
-86.9114,-2.55E-06
-86.9115,-2.55E-06
-86.9115,-2.55E-06
-86.9116,-2.55E-06
-86.9117,-2.55E-06
-86.9117,-2.55E-06
-86.9118,-2.55E-06
-86.9118,-2.55E-06
-86.9119,-2.55E-06
-86.9119,-2.55E-06
-86.912,-2.55E-06
-86.9121,-2.55E-06
-86.9121,-2.55E-06
-86.9122,-2.55E-06
-86.9122,-2.55E-06
-86.9123,-2.55E-06
-86.9123,-2.55E-06
-86.9124,-2.55E-06
-86.9125,-2.55E-06
-86.9125,-2.55E-06
-86.9126,-2.55E-06
-86.9126,-2.55E-06
-86.9127,-2.55E-06
-86.9128,-2.55E-06
-86.9128,-2.55E-06
-86.9129,-2.55E-06
-86.9129,-2.55E-06
-86.913,-2.55E-06
-86.913,-2.55E-06
-86.9131,-2.55E-06
-86.9132,-2.55E-06
-86.9132,-2.55E-06
-86.9133,-2.55E-06
-86.9133,-2.55E-06
-86.9134,-2.55E-06
-86.9134,-2.55E-06
-86.9135,-2.55E-06
-86.9136,-2.55E-06
-86.9136,-2.55E-06
-86.9137,-2.55E-06
-86.9137,-2.55E-06
-86.9138,-2.55E-06
-86.9138,-2.55E-06
-86.9139,-2.55E-06
-86.914,-2.55E-06
-86.914,-2.55E-06
-86.9141,-2.55E-06
-86.9141,-2.55E-06
-86.9142,-2.55E-06
-86.9143,-2.55E-06
-86.9143,-2.55E-06
-86.9144,-2.55E-06
-86.9144,-2.55E-06
-86.9145,-2.55E-06
-86.9145,-2.55E-06
-86.9146,-2.55E-06
-86.9147,-2.55E-06
-86.9147,-2.55E-06
-86.9148,-2.55E-06
-86.9148,-2.55E-06
-86.9149,-2.55E-06
-86.9149,-2.55E-06
-86.915,-2.55E-06
-86.9151,-2.55E-06
-86.9151,-2.55E-06
-86.9152,-2.55E-06
-86.9152,-2.55E-06
-86.9153,-2.55E-06
-86.9153,-2.55E-06
-86.9154,-2.55E-06
-86.9155,-2.55E-06
-86.9155,-2.55E-06
-86.9156,-2.55E-06
-86.9156,-2.55E-06
-86.9157,-2.55E-06
-86.9157,-2.55E-06
-86.9158,-2.55E-06
-86.9159,-2.55E-06
-86.9159,-2.55E-06
-86.916,-2.55E-06
-86.916,-2.55E-06
-86.9161,-2.55E-06
-86.9161,-2.55E-06
-86.9162,-2.55E-06
-86.9163,-2.55E-06
-86.9163,-2.54E-06
-86.9164,-2.54E-06
-86.9164,-2.54E-06
-86.9165,-2.54E-06
-86.9165,-2.54E-06
-86.9166,-2.54E-06
-86.9167,-2.54E-06
-86.9167,-2.54E-06
-86.9168,-2.54E-06
-86.9168,-2.54E-06
-86.9169,-2.54E-06
-86.9169,-2.54E-06
-86.917,-2.54E-06
-86.9171,-2.54E-06
-86.9171,-2.54E-06
-86.9172,-2.54E-06
-86.9172,-2.54E-06
-86.9173,-2.54E-06
-86.9173,-2.54E-06
-86.9174,-2.54E-06
-86.9175,-2.54E-06
-86.9175,-2.54E-06
-86.9176,-2.54E-06
-86.9176,-2.54E-06
-86.9177,-2.54E-06
-86.9177,-2.54E-06
-86.9178,-2.54E-06
-86.9179,-2.54E-06
-86.9179,-2.54E-06
-86.918,-2.54E-06
-86.918,-2.54E-06
-86.9181,-2.54E-06
-86.9181,-2.54E-06
-86.9182,-2.54E-06
-86.9183,-2.54E-06
-86.9183,-2.54E-06
-86.9184,-2.54E-06
-86.9184,-2.54E-06
-86.9185,-2.54E-06
-86.9185,-2.54E-06
-86.9186,-2.54E-06
-86.9187,-2.54E-06
-86.9187,-2.54E-06
-86.9188,-2.54E-06
-86.9188,-2.54E-06
-86.9189,-2.54E-06
-86.9189,-2.54E-06
-86.919,-2.54E-06
-86.9191,-2.54E-06
-86.9191,-2.54E-06
-86.9192,-2.54E-06
-86.9192,-2.54E-06
-86.9193,-2.54E-06
-86.9193,-2.54E-06
-86.9194,-2.54E-06
-86.9194,-2.54E-06
-86.9195,-2.54E-06
-86.9196,-2.54E-06
-86.9196,-2.54E-06
-86.9197,-2.54E-06
-86.9197,-2.54E-06
-86.9198,-2.54E-06
-86.9198,-2.54E-06
-86.9199,-2.54E-06
-86.92,-2.54E-06
-86.92,-2.54E-06
-86.9201,-2.54E-06
-86.9201,-2.54E-06
-86.9202,-2.54E-06
-86.9202,-2.54E-06
-86.9203,-2.54E-06
-86.9204,-2.54E-06
-86.9204,-2.54E-06
-86.9205,-2.54E-06
-86.9205,-2.54E-06
-86.9206,-2.54E-06
-86.9206,-2.54E-06
-86.9207,-2.54E-06
-86.9208,-2.54E-06
-86.9208,-2.54E-06
-86.9209,-2.54E-06
-86.9209,-2.54E-06
-86.921,-2.54E-06
-86.921,-2.54E-06
-86.9211,-2.54E-06
-86.9211,-2.54E-06
-86.9212,-2.54E-06
-86.9213,-2.54E-06
-86.9213,-2.54E-06
-86.9214,-2.54E-06
-86.9214,-2.54E-06
-86.9215,-2.54E-06
-86.9215,-2.54E-06
-86.9216,-2.54E-06
-86.9217,-2.54E-06
-86.9217,-2.54E-06
-86.9218,-2.54E-06
-86.9218,-2.54E-06
-86.9219,-2.54E-06
-86.9219,-2.54E-06
-86.922,-2.54E-06
-86.922,-2.54E-06
-86.9221,-2.54E-06
-86.9222,-2.54E-06
-86.9222,-2.54E-06
-86.9223,-2.54E-06
-86.9223,-2.54E-06
-86.9224,-2.54E-06
-86.9224,-2.54E-06
-86.9225,-2.54E-06
-86.9226,-2.54E-06
-86.9226,-2.54E-06
-86.9227,-2.54E-06
-86.9227,-2.54E-06
-86.9228,-2.54E-06
-86.9228,-2.54E-06
-86.9229,-2.54E-06
-86.9229,-2.54E-06
-86.923,-2.54E-06
-86.9231,-2.54E-06
-86.9231,-2.54E-06
-86.9232,-2.54E-06
-86.9232,-2.54E-06
-86.9233,-2.54E-06
-86.9233,-2.54E-06
-86.9234,-2.54E-06
-86.9234,-2.54E-06
-86.9235,-2.54E-06
-86.9236,-2.54E-06
-86.9236,-2.54E-06
-86.9237,-2.54E-06
-86.9237,-2.54E-06
-86.9238,-2.54E-06
-86.9238,-2.54E-06
-86.9239,-2.54E-06
-86.924,-2.54E-06
-86.924,-2.54E-06
-86.9241,-2.54E-06
-86.9241,-2.54E-06
-86.9242,-2.54E-06
-86.9242,-2.54E-06
-86.9243,-2.54E-06
-86.9243,-2.53E-06
-86.9244,-2.53E-06
-86.9245,-2.53E-06
-86.9245,-2.53E-06
-86.9246,-2.53E-06
-86.9246,-2.53E-06
-86.9247,-2.53E-06
-86.9247,-2.53E-06
-86.9248,-2.53E-06
-86.9248,-2.53E-06
-86.9249,-2.53E-06
-86.925,-2.53E-06
-86.925,-2.53E-06
-86.9251,-2.53E-06
-86.9251,-2.53E-06
-86.9252,-2.53E-06
-86.9252,-2.53E-06
-86.9253,-2.53E-06
-86.9253,-2.53E-06
-86.9254,-2.53E-06
-86.9255,-2.53E-06
-86.9255,-2.53E-06
-86.9256,-2.53E-06
-86.9256,-2.53E-06
-86.9257,-2.53E-06
-86.9257,-2.53E-06
-86.9258,-2.53E-06
-86.9258,-2.53E-06
-86.9259,-2.53E-06
-86.926,-2.53E-06
-86.926,-2.53E-06
-86.9261,-2.53E-06
-86.9261,-2.53E-06
-86.9262,-2.53E-06
-86.9262,-2.53E-06
-86.9263,-2.53E-06
-86.9263,-2.53E-06
-86.9264,-2.53E-06
-86.9265,-2.53E-06
-86.9265,-2.53E-06
-86.9266,-2.53E-06
-86.9266,-2.53E-06
-86.9267,-2.53E-06
-86.9267,-2.53E-06
-86.9268,-2.53E-06
-86.9268,-2.53E-06
-86.9269,-2.53E-06
-86.927,-2.53E-06
-86.927,-2.53E-06
-86.9271,-2.53E-06
-86.9271,-2.53E-06
-86.9272,-2.53E-06
-86.9272,-2.53E-06
-86.9273,-2.53E-06
-86.9273,-2.53E-06
-86.9274,-2.53E-06
-86.9275,-2.53E-06
-86.9275,-2.53E-06
-86.9276,-2.53E-06
-86.9276,-2.53E-06
-86.9277,-2.53E-06
-86.9277,-2.53E-06
-86.9278,-2.53E-06
-86.9278,-2.53E-06
-86.9279,-2.53E-06
-86.928,-2.53E-06
-86.928,-2.53E-06
-86.9281,-2.53E-06
-86.9281,-2.53E-06
-86.9282,-2.53E-06
-86.9282,-2.53E-06
-86.9283,-2.53E-06
-86.9283,-2.53E-06
-86.9284,-2.53E-06
-86.9285,-2.53E-06
-86.9285,-2.53E-06
-86.9286,-2.53E-06
-86.9286,-2.53E-06
-86.9287,-2.53E-06
-86.9287,-2.53E-06
-86.9288,-2.53E-06
-86.9288,-2.53E-06
-86.9289,-2.53E-06
-86.9289,-2.53E-06
-86.929,-2.53E-06
-86.9291,-2.53E-06
-86.9291,-2.53E-06
-86.9292,-2.53E-06
-86.9292,-2.53E-06
-86.9293,-2.53E-06
-86.9293,-2.53E-06
-86.9294,-2.53E-06
-86.9294,-2.53E-06
-86.9295,-2.53E-06
-86.9296,-2.53E-06
-86.9296,-2.53E-06
-86.9297,-2.53E-06
-86.9297,-2.53E-06
-86.9298,-2.53E-06
-86.9298,-2.53E-06
-86.9299,-2.53E-06
-86.9299,-2.53E-06
-86.93,-2.53E-06
-86.93,-2.53E-06
-86.9301,-2.53E-06
-86.9302,-2.53E-06
-86.9302,-2.53E-06
-86.9303,-2.53E-06
-86.9303,-2.53E-06
-86.9304,-2.53E-06
-86.9304,-2.53E-06
-86.9305,-2.53E-06
-86.9305,-2.53E-06
-86.9306,-2.53E-06
-86.9307,-2.53E-06
-86.9307,-2.53E-06
-86.9308,-2.53E-06
-86.9308,-2.53E-06
-86.9309,-2.53E-06
-86.9309,-2.53E-06
-86.931,-2.53E-06
-86.931,-2.53E-06
-86.9311,-2.53E-06
-86.9311,-2.53E-06
-86.9312,-2.53E-06
-86.9313,-2.53E-06
-86.9313,-2.53E-06
-86.9314,-2.53E-06
-86.9314,-2.53E-06
-86.9315,-2.53E-06
-86.9315,-2.53E-06
-86.9316,-2.53E-06
-86.9316,-2.53E-06
-86.9317,-2.53E-06
-86.9317,-2.53E-06
-86.9318,-2.53E-06
-86.9319,-2.53E-06
-86.9319,-2.53E-06
-86.932,-2.53E-06
-86.932,-2.53E-06
-86.9321,-2.53E-06
-86.9321,-2.53E-06
-86.9322,-2.53E-06
-86.9322,-2.53E-06
-86.9323,-2.53E-06
-86.9323,-2.53E-06
-86.9324,-2.52E-06
-86.9325,-2.52E-06
-86.9325,-2.52E-06
-86.9326,-2.52E-06
-86.9326,-2.52E-06
-86.9327,-2.52E-06
-86.9327,-2.52E-06
-86.9328,-2.52E-06
-86.9328,-2.52E-06
-86.9329,-2.52E-06
-86.9329,-2.52E-06
-86.933,-2.52E-06
-86.9331,-2.52E-06
-86.9331,-2.52E-06
-86.9332,-2.52E-06
-86.9332,-2.52E-06
-86.9333,-2.52E-06
-86.9333,-2.52E-06
-86.9334,-2.52E-06
-86.9334,-2.52E-06
-86.9335,-2.52E-06
-86.9335,-2.52E-06
-86.9336,-2.52E-06
-86.9337,-2.52E-06
-86.9337,-2.52E-06
-86.9338,-2.52E-06
-86.9338,-2.52E-06
-86.9339,-2.52E-06
-86.9339,-2.52E-06
-86.934,-2.52E-06
-86.934,-2.52E-06
-86.9341,-2.52E-06
-86.9341,-2.52E-06
-86.9342,-2.52E-06
-86.9342,-2.52E-06
-86.9343,-2.52E-06
-86.9344,-2.52E-06
-86.9344,-2.52E-06
-86.9345,-2.52E-06
-86.9345,-2.52E-06
-86.9346,-2.52E-06
-86.9346,-2.52E-06
-86.9347,-2.52E-06
-86.9347,-2.52E-06
-86.9348,-2.52E-06
-86.9348,-2.52E-06
-86.9349,-2.52E-06
-86.935,-2.52E-06
-86.935,-2.52E-06
-86.9351,-2.52E-06
-86.9351,-2.52E-06
-86.9352,-2.52E-06
-86.9352,-2.52E-06
-86.9353,-2.52E-06
-86.9353,-2.52E-06
-86.9354,-2.52E-06
-86.9354,-2.52E-06
-86.9355,-2.52E-06
-86.9355,-2.52E-06
-86.9356,-2.52E-06
-86.9357,-2.52E-06
-86.9357,-2.52E-06
-86.9358,-2.52E-06
-86.9358,-2.52E-06
-86.9359,-2.52E-06
-86.9359,-2.52E-06
-86.936,-2.52E-06
-86.936,-2.52E-06
-86.9361,-2.52E-06
-86.9361,-2.52E-06
-86.9362,-2.52E-06
-86.9362,-2.52E-06
-86.9363,-2.52E-06
-86.9364,-2.52E-06
-86.9364,-2.52E-06
-86.9365,-2.52E-06
-86.9365,-2.52E-06
-86.9366,-2.52E-06
-86.9366,-2.52E-06
-86.9367,-2.52E-06
-86.9367,-2.52E-06
-86.9368,-2.52E-06
-86.9368,-2.52E-06
-86.9369,-2.52E-06
-86.9369,-2.52E-06
-86.937,-2.52E-06
-86.9371,-2.52E-06
-86.9371,-2.52E-06
-86.9372,-2.52E-06
-86.9372,-2.52E-06
-86.9373,-2.52E-06
-86.9373,-2.52E-06
-86.9374,-2.52E-06
-86.9374,-2.52E-06
-86.9375,-2.52E-06
-86.9375,-2.52E-06
-86.9376,-2.52E-06
-86.9376,-2.52E-06
-86.9377,-2.52E-06
-86.9378,-2.52E-06
-86.9378,-2.52E-06
-86.9379,-2.52E-06
-86.9379,-2.52E-06
-86.938,-2.52E-06
-86.938,-2.52E-06
-86.9381,-2.52E-06
-86.9381,-2.52E-06
-86.9382,-2.52E-06
-86.9382,-2.52E-06
-86.9383,-2.52E-06
-86.9383,-2.52E-06
-86.9384,-2.52E-06
-86.9384,-2.52E-06
-86.9385,-2.52E-06
-86.9386,-2.52E-06
-86.9386,-2.52E-06
-86.9387,-2.52E-06
-86.9387,-2.52E-06
-86.9388,-2.52E-06
-86.9388,-2.52E-06
-86.9389,-2.52E-06
-86.9389,-2.52E-06
-86.939,-2.52E-06
-86.939,-2.52E-06
-86.9391,-2.52E-06
-86.9391,-2.52E-06
-86.9392,-2.52E-06
-86.9392,-2.52E-06
-86.9393,-2.52E-06
-86.9394,-2.52E-06
-86.9394,-2.52E-06
-86.9395,-2.52E-06
-86.9395,-2.52E-06
-86.9396,-2.52E-06
-86.9396,-2.52E-06
-86.9397,-2.52E-06
-86.9397,-2.52E-06
-86.9398,-2.52E-06
-86.9398,-2.52E-06
-86.9399,-2.52E-06
-86.9399,-2.52E-06
-86.94,-2.52E-06
-86.94,-2.52E-06
-86.9401,-2.52E-06
-86.9402,-2.52E-06
-86.9402,-2.52E-06
-86.9403,-2.52E-06
-86.9403,-2.52E-06
-86.9404,-2.52E-06
-86.9404,-2.52E-06
-86.9405,-2.51E-06
-86.9405,-2.51E-06
-86.9406,-2.51E-06
-86.9406,-2.51E-06
-86.9407,-2.51E-06
-86.9407,-2.51E-06
-86.9408,-2.51E-06
-86.9408,-2.51E-06
-86.9409,-2.51E-06
-86.941,-2.51E-06
-86.941,-2.51E-06
-86.9411,-2.51E-06
-86.9411,-2.51E-06
-86.9412,-2.51E-06
-86.9412,-2.51E-06
-86.9413,-2.51E-06
-86.9413,-2.51E-06
-86.9414,-2.51E-06
-86.9414,-2.51E-06
-86.9415,-2.51E-06
-86.9415,-2.51E-06
-86.9416,-2.51E-06
-86.9416,-2.51E-06
-86.9417,-2.51E-06
-86.9417,-2.51E-06
-86.9418,-2.51E-06
-86.9419,-2.51E-06
-86.9419,-2.51E-06
-86.942,-2.51E-06
-86.942,-2.51E-06
-86.9421,-2.51E-06
-86.9421,-2.51E-06
-86.9422,-2.51E-06
-86.9422,-2.51E-06
-86.9423,-2.51E-06
-86.9423,-2.51E-06
-86.9424,-2.51E-06
-86.9424,-2.51E-06
-86.9425,-2.51E-06
-86.9425,-2.51E-06
-86.9426,-2.51E-06
-86.9426,-2.51E-06
-86.9427,-2.51E-06
-86.9428,-2.51E-06
-86.9428,-2.51E-06
-86.9429,-2.51E-06
-86.9429,-2.51E-06
-86.943,-2.51E-06
-86.943,-2.51E-06
-86.9431,-2.51E-06
-86.9431,-2.51E-06
-86.9432,-2.51E-06
-86.9432,-2.51E-06
-86.9433,-2.51E-06
-86.9433,-2.51E-06
-86.9434,-2.51E-06
-86.9434,-2.51E-06
-86.9435,-2.51E-06
-86.9435,-2.51E-06
-86.9436,-2.51E-06
-86.9436,-2.51E-06
-86.9437,-2.51E-06
-86.9438,-2.51E-06
-86.9438,-2.51E-06
-86.9439,-2.51E-06
-86.9439,-2.51E-06
-86.944,-2.51E-06
-86.944,-2.51E-06
-86.9441,-2.51E-06
-86.9441,-2.51E-06
-86.9442,-2.51E-06
-86.9442,-2.51E-06
-86.9443,-2.51E-06
-86.9443,-2.51E-06
-86.9444,-2.51E-06
-86.9444,-2.51E-06
-86.9445,-2.51E-06
-86.9445,-2.51E-06
-86.9446,-2.51E-06
-86.9446,-2.51E-06
-86.9447,-2.51E-06
-86.9447,-2.51E-06
-86.9448,-2.51E-06
-86.9449,-2.51E-06
-86.9449,-2.51E-06
-86.945,-2.51E-06
-86.945,-2.51E-06
-86.9451,-2.51E-06
-86.9451,-2.51E-06
-86.9452,-2.51E-06
-86.9452,-2.51E-06
-86.9453,-2.51E-06
-86.9453,-2.51E-06
-86.9454,-2.51E-06
-86.9454,-2.51E-06
-86.9455,-2.51E-06
-86.9455,-2.51E-06
-86.9456,-2.51E-06
-86.9456,-2.51E-06
-86.9457,-2.51E-06
-86.9457,-2.51E-06
-86.9458,-2.51E-06
-86.9458,-2.51E-06
-86.9459,-2.51E-06
-86.946,-2.51E-06
-86.946,-2.51E-06
-86.9461,-2.51E-06
-86.9461,-2.51E-06
-86.9462,-2.51E-06
-86.9462,-2.51E-06
-86.9463,-2.51E-06
-86.9463,-2.51E-06
-86.9464,-2.51E-06
-86.9464,-2.51E-06
-86.9465,-2.51E-06
-86.9465,-2.51E-06
-86.9466,-2.51E-06
-86.9466,-2.51E-06
-86.9467,-2.51E-06
-86.9467,-2.51E-06
-86.9468,-2.51E-06
-86.9468,-2.51E-06
-86.9469,-2.51E-06
-86.9469,-2.51E-06
-86.947,-2.51E-06
-86.947,-2.51E-06
-86.9471,-2.51E-06
-86.9472,-2.51E-06
-86.9472,-2.51E-06
-86.9473,-2.51E-06
-86.9473,-2.51E-06
-86.9474,-2.51E-06
-86.9474,-2.51E-06
-86.9475,-2.51E-06
-86.9475,-2.51E-06
-86.9476,-2.51E-06
-86.9476,-2.51E-06
-86.9477,-2.51E-06
-86.9477,-2.51E-06
-86.9478,-2.51E-06
-86.9478,-2.51E-06
-86.9479,-2.51E-06
-86.9479,-2.51E-06
-86.948,-2.51E-06
-86.948,-2.51E-06
-86.9481,-2.51E-06
-86.9481,-2.51E-06
-86.9482,-2.51E-06
-86.9482,-2.51E-06
-86.9483,-2.51E-06
-86.9483,-2.51E-06
-86.9484,-2.51E-06
-86.9485,-2.51E-06
-86.9485,-2.51E-06
-86.9486,-2.51E-06
-86.9486,-2.50E-06
-86.9487,-2.50E-06
-86.9487,-2.50E-06
-86.9488,-2.50E-06
-86.9488,-2.50E-06
-86.9489,-2.50E-06
-86.9489,-2.50E-06
-86.949,-2.50E-06
-86.949,-2.50E-06
-86.9491,-2.50E-06
-86.9491,-2.50E-06
-86.9492,-2.50E-06
-86.9492,-2.50E-06
-86.9493,-2.50E-06
-86.9493,-2.50E-06
-86.9494,-2.50E-06
-86.9494,-2.50E-06
-86.9495,-2.50E-06
-86.9495,-2.50E-06
-86.9496,-2.50E-06
-86.9496,-2.50E-06
-86.9497,-2.50E-06
-86.9497,-2.50E-06
-86.9498,-2.50E-06
-86.9498,-2.50E-06
-86.9499,-2.50E-06
-86.9499,-2.50E-06
-86.95,-2.50E-06
-86.9501,-2.50E-06
-86.9501,-2.50E-06
-86.9502,-2.50E-06
-86.9502,-2.50E-06
-86.9503,-2.50E-06
-86.9503,-2.50E-06
-86.9504,-2.50E-06
-86.9504,-2.50E-06
-86.9505,-2.50E-06
-86.9505,-2.50E-06
-86.9506,-2.50E-06
-86.9506,-2.50E-06
-86.9507,-2.50E-06
-86.9507,-2.50E-06
-86.9508,-2.50E-06
-86.9508,-2.50E-06
-86.9509,-2.50E-06
-86.9509,-2.50E-06
-86.951,-2.50E-06
-86.951,-2.50E-06
-86.9511,-2.50E-06
-86.9511,-2.50E-06
-86.9512,-2.50E-06
-86.9512,-2.50E-06
-86.9513,-2.50E-06
-86.9513,-2.50E-06
-86.9514,-2.50E-06
-86.9514,-2.50E-06
-86.9515,-2.50E-06
-86.9515,-2.50E-06
-86.9516,-2.50E-06
-86.9516,-2.50E-06
-86.9517,-2.50E-06
-86.9517,-2.50E-06
-86.9518,-2.50E-06
-86.9519,-2.50E-06
-86.9519,-2.50E-06
-86.952,-2.50E-06
-86.952,-2.50E-06
-86.9521,-2.50E-06
-86.9521,-2.50E-06
-86.9522,-2.50E-06
-86.9522,-2.50E-06
-86.9523,-2.50E-06
-86.9523,-2.50E-06
-86.9524,-2.50E-06
-86.9524,-2.50E-06
-86.9525,-2.50E-06
-86.9525,-2.50E-06
-86.9526,-2.50E-06
-86.9526,-2.50E-06
-86.9527,-2.50E-06
-86.9527,-2.50E-06
-86.9528,-2.50E-06
-86.9528,-2.50E-06
-86.9529,-2.50E-06
-86.9529,-2.50E-06
-86.953,-2.50E-06
-86.953,-2.50E-06
-86.9531,-2.50E-06
-86.9531,-2.50E-06
-86.9532,-2.50E-06
-86.9532,-2.50E-06
-86.9533,-2.50E-06
-86.9533,-2.50E-06
-86.9534,-2.50E-06
-86.9534,-2.50E-06
-86.9535,-2.50E-06
-86.9535,-2.50E-06
-86.9536,-2.50E-06
-86.9536,-2.50E-06
-86.9537,-2.50E-06
-86.9537,-2.50E-06
-86.9538,-2.50E-06
-86.9538,-2.50E-06
-86.9539,-2.50E-06
-86.9539,-2.50E-06
-86.954,-2.50E-06
-86.954,-2.50E-06
-86.9541,-2.50E-06
-86.9541,-2.50E-06
-86.9542,-2.50E-06
-86.9543,-2.50E-06
-86.9543,-2.50E-06
-86.9544,-2.50E-06
-86.9544,-2.50E-06
-86.9545,-2.50E-06
-86.9545,-2.50E-06
-86.9546,-2.50E-06
-86.9546,-2.50E-06
-86.9547,-2.50E-06
-86.9547,-2.50E-06
-86.9548,-2.50E-06
-86.9548,-2.50E-06
-86.9549,-2.50E-06
-86.9549,-2.50E-06
-86.955,-2.50E-06
-86.955,-2.50E-06
-86.9551,-2.50E-06
-86.9551,-2.50E-06
-86.9552,-2.50E-06
-86.9552,-2.50E-06
-86.9553,-2.50E-06
-86.9553,-2.50E-06
-86.9554,-2.50E-06
-86.9554,-2.50E-06
-86.9555,-2.50E-06
-86.9555,-2.50E-06
-86.9556,-2.50E-06
-86.9556,-2.50E-06
-86.9557,-2.50E-06
-86.9557,-2.50E-06
-86.9558,-2.50E-06
-86.9558,-2.50E-06
-86.9559,-2.50E-06
-86.9559,-2.50E-06
-86.956,-2.50E-06
-86.956,-2.50E-06
-86.9561,-2.50E-06
-86.9561,-2.50E-06
-86.9562,-2.50E-06
-86.9562,-2.50E-06
-86.9563,-2.50E-06
-86.9563,-2.50E-06
-86.9564,-2.50E-06
-86.9564,-2.50E-06
-86.9565,-2.50E-06
-86.9565,-2.50E-06
-86.9566,-2.50E-06
-86.9566,-2.50E-06
-86.9567,-2.50E-06
-86.9567,-2.50E-06
-86.9568,-2.49E-06
-86.9568,-2.49E-06
-86.9569,-2.49E-06
-86.9569,-2.49E-06
-86.957,-2.49E-06
-86.957,-2.49E-06
-86.9571,-2.49E-06
-86.9571,-2.49E-06
-86.9572,-2.49E-06
-86.9572,-2.49E-06
-86.9573,-2.49E-06
-86.9573,-2.49E-06
-86.9574,-2.49E-06
-86.9574,-2.49E-06
-86.9575,-2.49E-06
-86.9575,-2.49E-06
-86.9576,-2.49E-06
-86.9576,-2.49E-06
-86.9577,-2.49E-06
-86.9577,-2.49E-06
-86.9578,-2.49E-06
-86.9578,-2.49E-06
-86.9579,-2.49E-06
-86.9579,-2.49E-06
-86.958,-2.49E-06
-86.958,-2.49E-06
-86.9581,-2.49E-06
-86.9581,-2.49E-06
-86.9582,-2.49E-06
-86.9582,-2.49E-06
-86.9583,-2.49E-06
-86.9583,-2.49E-06
-86.9584,-2.49E-06
-86.9584,-2.49E-06
-86.9585,-2.49E-06
-86.9585,-2.49E-06
-86.9586,-2.49E-06
-86.9586,-2.49E-06
-86.9587,-2.49E-06
-86.9587,-2.49E-06
-86.9588,-2.49E-06
-86.9588,-2.49E-06
-86.9589,-2.49E-06
-86.9589,-2.49E-06
-86.959,-2.49E-06
-86.959,-2.49E-06
-86.9591,-2.49E-06
-86.9591,-2.49E-06
-86.9592,-2.49E-06
-86.9592,-2.49E-06
-86.9593,-2.49E-06
-86.9593,-2.49E-06
-86.9594,-2.49E-06
-86.9594,-2.49E-06
-86.9595,-2.49E-06
-86.9595,-2.49E-06
-86.9596,-2.49E-06
-86.9596,-2.49E-06
-86.9597,-2.49E-06
-86.9597,-2.49E-06
-86.9598,-2.49E-06
-86.9598,-2.49E-06
-86.9599,-2.49E-06
-86.9599,-2.49E-06
-86.96,-2.49E-06
-86.96,-2.49E-06
-86.9601,-2.49E-06
-86.9601,-2.49E-06
-86.9602,-2.49E-06
-86.9602,-2.49E-06
-86.9603,-2.49E-06
-86.9603,-2.49E-06
-86.9604,-2.49E-06
-86.9604,-2.49E-06
-86.9605,-2.49E-06
-86.9605,-2.49E-06
-86.9606,-2.49E-06
-86.9606,-2.49E-06
-86.9607,-2.49E-06
-86.9607,-2.49E-06
-86.9608,-2.49E-06
-86.9608,-2.49E-06
-86.9609,-2.49E-06
-86.9609,-2.49E-06
-86.961,-2.49E-06
-86.961,-2.49E-06
-86.9611,-2.49E-06
-86.9611,-2.49E-06
-86.9612,-2.49E-06
-86.9612,-2.49E-06
-86.9613,-2.49E-06
-86.9613,-2.49E-06
-86.9614,-2.49E-06
-86.9614,-2.49E-06
-86.9615,-2.49E-06
-86.9615,-2.49E-06
-86.9616,-2.49E-06
-86.9616,-2.49E-06
-86.9617,-2.49E-06
-86.9617,-2.49E-06
-86.9618,-2.49E-06
-86.9618,-2.49E-06
-86.9619,-2.49E-06
-86.9619,-2.49E-06
-86.962,-2.49E-06
-86.962,-2.49E-06
-86.9621,-2.49E-06
-86.9621,-2.49E-06
-86.9622,-2.49E-06
-86.9622,-2.49E-06
-86.9623,-2.49E-06
-86.9623,-2.49E-06
-86.9624,-2.49E-06
-86.9624,-2.49E-06
-86.9625,-2.49E-06
-86.9625,-2.49E-06
-86.9626,-2.49E-06
-86.9626,-2.49E-06
-86.9627,-2.49E-06
-86.9627,-2.49E-06
-86.9628,-2.49E-06
-86.9628,-2.49E-06
-86.9629,-2.49E-06
-86.9629,-2.49E-06
-86.963,-2.49E-06
-86.963,-2.49E-06
-86.9631,-2.49E-06
-86.9631,-2.49E-06
-86.9632,-2.49E-06
-86.9632,-2.49E-06
-86.9633,-2.49E-06
-86.9633,-2.49E-06
-86.9634,-2.49E-06
-86.9634,-2.49E-06
-86.9635,-2.49E-06
-86.9635,-2.49E-06
-86.9636,-2.49E-06
-86.9636,-2.49E-06
-86.9637,-2.49E-06
-86.9637,-2.49E-06
-86.9638,-2.49E-06
-86.9638,-2.49E-06
-86.9639,-2.49E-06
-86.9639,-2.49E-06
-86.964,-2.49E-06
-86.964,-2.49E-06
-86.9641,-2.49E-06
-86.9641,-2.49E-06
-86.9642,-2.49E-06
-86.9642,-2.49E-06
-86.9643,-2.49E-06
-86.9643,-2.49E-06
-86.9644,-2.49E-06
-86.9644,-2.49E-06
-86.9645,-2.49E-06
-86.9645,-2.49E-06
-86.9646,-2.49E-06
-86.9646,-2.49E-06
-86.9647,-2.49E-06
-86.9647,-2.49E-06
-86.9648,-2.49E-06
-86.9648,-2.49E-06
-86.9649,-2.49E-06
-86.9649,-2.49E-06
-86.9649,-2.48E-06
-86.965,-2.48E-06
-86.965,-2.48E-06
-86.9651,-2.48E-06
-86.9651,-2.48E-06
-86.9652,-2.48E-06
-86.9652,-2.48E-06
-86.9653,-2.48E-06
-86.9653,-2.48E-06
-86.9654,-2.48E-06
-86.9654,-2.48E-06
-86.9655,-2.48E-06
-86.9655,-2.48E-06
-86.9656,-2.48E-06
-86.9656,-2.48E-06
-86.9657,-2.48E-06
-86.9657,-2.48E-06
-86.9658,-2.48E-06
-86.9658,-2.48E-06
-86.9659,-2.48E-06
-86.9659,-2.48E-06
-86.966,-2.48E-06
-86.966,-2.48E-06
-86.9661,-2.48E-06
-86.9661,-2.48E-06
-86.9662,-2.48E-06
-86.9662,-2.48E-06
-86.9663,-2.48E-06
-86.9663,-2.48E-06
-86.9664,-2.48E-06
-86.9664,-2.48E-06
-86.9665,-2.48E-06
-86.9665,-2.48E-06
-86.9666,-2.48E-06
-86.9666,-2.48E-06
-86.9667,-2.48E-06
-86.9667,-2.48E-06
-86.9668,-2.48E-06
-86.9668,-2.48E-06
-86.9669,-2.48E-06
-86.9669,-2.48E-06
-86.967,-2.48E-06
-86.967,-2.48E-06
-86.9671,-2.48E-06
-86.9671,-2.48E-06
-86.9672,-2.48E-06
-86.9672,-2.48E-06
-86.9672,-2.48E-06
-86.9673,-2.48E-06
-86.9673,-2.48E-06
-86.9674,-2.48E-06
-86.9674,-2.48E-06
-86.9675,-2.48E-06
-86.9675,-2.48E-06
-86.9676,-2.48E-06
-86.9676,-2.48E-06
-86.9677,-2.48E-06
-86.9677,-2.48E-06
-86.9678,-2.48E-06
-86.9678,-2.48E-06
-86.9679,-2.48E-06
-86.9679,-2.48E-06
-86.968,-2.48E-06
-86.968,-2.48E-06
-86.9681,-2.48E-06
-86.9681,-2.48E-06
-86.9682,-2.48E-06
-86.9682,-2.48E-06
-86.9683,-2.48E-06
-86.9683,-2.48E-06
-86.9684,-2.48E-06
-86.9684,-2.48E-06
-86.9685,-2.48E-06
-86.9685,-2.48E-06
-86.9686,-2.48E-06
-86.9686,-2.48E-06
-86.9687,-2.48E-06
-86.9687,-2.48E-06
-86.9688,-2.48E-06
-86.9688,-2.48E-06
-86.9689,-2.48E-06
-86.9689,-2.48E-06
-86.9689,-2.48E-06
-86.969,-2.48E-06
-86.969,-2.48E-06
-86.9691,-2.48E-06
-86.9691,-2.48E-06
-86.9692,-2.48E-06
-86.9692,-2.48E-06
-86.9693,-2.48E-06
-86.9693,-2.48E-06
-86.9694,-2.48E-06
-86.9694,-2.48E-06
-86.9695,-2.48E-06
-86.9695,-2.48E-06
-86.9696,-2.48E-06
-86.9696,-2.48E-06
-86.9697,-2.48E-06
-86.9697,-2.48E-06
-86.9698,-2.48E-06
-86.9698,-2.48E-06
-86.9699,-2.48E-06
-86.9699,-2.48E-06
-86.97,-2.48E-06
-86.97,-2.48E-06
-86.9701,-2.48E-06
-86.9701,-2.48E-06
-86.9702,-2.48E-06
-86.9702,-2.48E-06
-86.9703,-2.48E-06
-86.9703,-2.48E-06
-86.9704,-2.48E-06
-86.9704,-2.48E-06
-86.9704,-2.48E-06
-86.9705,-2.48E-06
-86.9705,-2.48E-06
-86.9706,-2.48E-06
-86.9706,-2.48E-06
-86.9707,-2.48E-06
-86.9707,-2.48E-06
-86.9708,-2.48E-06
-86.9708,-2.48E-06
-86.9709,-2.48E-06
-86.9709,-2.48E-06
-86.971,-2.48E-06
-86.971,-2.48E-06
-86.9711,-2.48E-06
-86.9711,-2.48E-06
-86.9712,-2.48E-06
-86.9712,-2.48E-06
-86.9713,-2.48E-06
-86.9713,-2.48E-06
-86.9714,-2.48E-06
-86.9714,-2.48E-06
-86.9715,-2.48E-06
-86.9715,-2.48E-06
-86.9716,-2.48E-06
-86.9716,-2.48E-06
-86.9717,-2.48E-06
-86.9717,-2.48E-06
-86.9717,-2.48E-06
-86.9718,-2.48E-06
-86.9718,-2.48E-06
-86.9719,-2.48E-06
-86.9719,-2.48E-06
-86.972,-2.48E-06
-86.972,-2.48E-06
-86.9721,-2.48E-06
-86.9721,-2.48E-06
-86.9722,-2.48E-06
-86.9722,-2.48E-06
-86.9723,-2.48E-06
-86.9723,-2.48E-06
-86.9724,-2.48E-06
-86.9724,-2.48E-06
-86.9725,-2.48E-06
-86.9725,-2.48E-06
-86.9726,-2.48E-06
-86.9726,-2.48E-06
-86.9727,-2.48E-06
-86.9727,-2.48E-06
-86.9728,-2.48E-06
-86.9728,-2.48E-06
-86.9728,-2.48E-06
-86.9729,-2.48E-06
-86.9729,-2.48E-06
-86.973,-2.48E-06
-86.973,-2.48E-06
-86.9731,-2.48E-06
-86.9731,-2.47E-06
-86.9732,-2.47E-06
-86.9732,-2.47E-06
-86.9733,-2.47E-06
-86.9733,-2.47E-06
-86.9734,-2.47E-06
-86.9734,-2.47E-06
-86.9735,-2.47E-06
-86.9735,-2.47E-06
-86.9736,-2.47E-06
-86.9736,-2.47E-06
-86.9737,-2.47E-06
-86.9737,-2.47E-06
-86.9738,-2.47E-06
-86.9738,-2.47E-06
-86.9739,-2.47E-06
-86.9739,-2.47E-06
-86.9739,-2.47E-06
-86.974,-2.47E-06
-86.974,-2.47E-06
-86.9741,-2.47E-06
-86.9741,-2.47E-06
-86.9742,-2.47E-06
-86.9742,-2.47E-06
-86.9743,-2.47E-06
-86.9743,-2.47E-06
-86.9744,-2.47E-06
-86.9744,-2.47E-06
-86.9745,-2.47E-06
-86.9745,-2.47E-06
-86.9746,-2.47E-06
-86.9746,-2.47E-06
-86.9747,-2.47E-06
-86.9747,-2.47E-06
-86.9748,-2.47E-06
-86.9748,-2.47E-06
-86.9749,-2.47E-06
-86.9749,-2.47E-06
-86.9749,-2.47E-06
-86.975,-2.47E-06
-86.975,-2.47E-06
-86.9751,-2.47E-06
-86.9751,-2.47E-06
-86.9752,-2.47E-06
-86.9752,-2.47E-06
-86.9753,-2.47E-06
-86.9753,-2.47E-06
-86.9754,-2.47E-06
-86.9754,-2.47E-06
-86.9755,-2.47E-06
-86.9755,-2.47E-06
-86.9756,-2.47E-06
-86.9756,-2.47E-06
-86.9757,-2.47E-06
-86.9757,-2.47E-06
-86.9758,-2.47E-06
-86.9758,-2.47E-06
-86.9758,-2.47E-06
-86.9759,-2.47E-06
-86.9759,-2.47E-06
-86.976,-2.47E-06
-86.976,-2.47E-06
-86.9761,-2.47E-06
-86.9761,-2.47E-06
-86.9762,-2.47E-06
-86.9762,-2.47E-06
-86.9763,-2.47E-06
-86.9763,-2.47E-06
-86.9764,-2.47E-06
-86.9764,-2.47E-06
-86.9765,-2.47E-06
-86.9765,-2.47E-06
-86.9766,-2.47E-06
-86.9766,-2.47E-06
-86.9767,-2.47E-06
-86.9767,-2.47E-06
-86.9767,-2.47E-06
-86.9768,-2.47E-06
-86.9768,-2.47E-06
-86.9769,-2.47E-06
-86.9769,-2.47E-06
-86.977,-2.47E-06
-86.977,-2.47E-06
-86.9771,-2.47E-06
-86.9771,-2.47E-06
-86.9772,-2.47E-06
-86.9772,-2.47E-06
-86.9773,-2.47E-06
-86.9773,-2.47E-06
-86.9774,-2.47E-06
-86.9774,-2.47E-06
-86.9775,-2.47E-06
-86.9775,-2.47E-06
-86.9775,-2.47E-06
-86.9776,-2.47E-06
-86.9776,-2.47E-06
-86.9777,-2.47E-06
-86.9777,-2.47E-06
-86.9778,-2.47E-06
-86.9778,-2.47E-06
-86.9779,-2.47E-06
-86.9779,-2.47E-06
-86.978,-2.47E-06
-86.978,-2.47E-06
-86.9781,-2.47E-06
-86.9781,-2.47E-06
-86.9782,-2.47E-06
-86.9782,-2.47E-06
-86.9783,-2.47E-06
-86.9783,-2.47E-06
-86.9783,-2.47E-06
-86.9784,-2.47E-06
-86.9784,-2.47E-06
-86.9785,-2.47E-06
-86.9785,-2.47E-06
-86.9786,-2.47E-06
-86.9786,-2.47E-06
-86.9787,-2.47E-06
-86.9787,-2.47E-06
-86.9788,-2.47E-06
-86.9788,-2.47E-06
-86.9789,-2.47E-06
-86.9789,-2.47E-06
-86.979,-2.47E-06
-86.979,-2.47E-06
-86.979,-2.47E-06
-86.9791,-2.47E-06
-86.9791,-2.47E-06
-86.9792,-2.47E-06
-86.9792,-2.47E-06
-86.9793,-2.47E-06
-86.9793,-2.47E-06
-86.9794,-2.47E-06
-86.9794,-2.47E-06
-86.9795,-2.47E-06
-86.9795,-2.47E-06
-86.9796,-2.47E-06
-86.9796,-2.47E-06
-86.9797,-2.47E-06
-86.9797,-2.47E-06
-86.9798,-2.47E-06
-86.9798,-2.47E-06
-86.9798,-2.47E-06
-86.9799,-2.47E-06
-86.9799,-2.47E-06
-86.98,-2.47E-06
-86.98,-2.47E-06
-86.9801,-2.47E-06
-86.9801,-2.47E-06
-86.9802,-2.47E-06
-86.9802,-2.47E-06
-86.9803,-2.47E-06
-86.9803,-2.47E-06
-86.9804,-2.47E-06
-86.9804,-2.47E-06
-86.9805,-2.47E-06
-86.9805,-2.47E-06
-86.9805,-2.47E-06
-86.9806,-2.47E-06
-86.9806,-2.47E-06
-86.9807,-2.47E-06
-86.9807,-2.47E-06
-86.9808,-2.47E-06
-86.9808,-2.47E-06
-86.9809,-2.47E-06
-86.9809,-2.47E-06
-86.981,-2.47E-06
-86.981,-2.47E-06
-86.9811,-2.47E-06
-86.9811,-2.47E-06
-86.9811,-2.47E-06
-86.9812,-2.47E-06
-86.9812,-2.47E-06
-86.9813,-2.47E-06
-86.9813,-2.47E-06
-86.9814,-2.46E-06
-86.9814,-2.46E-06
-86.9815,-2.46E-06
-86.9815,-2.46E-06
-86.9816,-2.46E-06
-86.9816,-2.46E-06
-86.9817,-2.46E-06
-86.9817,-2.46E-06
-86.9818,-2.46E-06
-86.9818,-2.46E-06
-86.9818,-2.46E-06
-86.9819,-2.46E-06
-86.9819,-2.46E-06
-86.982,-2.46E-06
-86.982,-2.46E-06
-86.9821,-2.46E-06
-86.9821,-2.46E-06
-86.9822,-2.46E-06
-86.9822,-2.46E-06
-86.9823,-2.46E-06
-86.9823,-2.46E-06
-86.9824,-2.46E-06
-86.9824,-2.46E-06
-86.9824,-2.46E-06
-86.9825,-2.46E-06
-86.9825,-2.46E-06
-86.9826,-2.46E-06
-86.9826,-2.46E-06
-86.9827,-2.46E-06
-86.9827,-2.46E-06
-86.9828,-2.46E-06
-86.9828,-2.46E-06
-86.9829,-2.46E-06
-86.9829,-2.46E-06
-86.983,-2.46E-06
-86.983,-2.46E-06
-86.983,-2.46E-06
-86.9831,-2.46E-06
-86.9831,-2.46E-06
-86.9832,-2.46E-06
-86.9832,-2.46E-06
-86.9833,-2.46E-06
-86.9833,-2.46E-06
-86.9834,-2.46E-06
-86.9834,-2.46E-06
-86.9835,-2.46E-06
-86.9835,-2.46E-06
-86.9836,-2.46E-06
-86.9836,-2.46E-06
-86.9836,-2.46E-06
-86.9837,-2.46E-06
-86.9837,-2.46E-06
-86.9838,-2.46E-06
-86.9838,-2.46E-06
-86.9839,-2.46E-06
-86.9839,-2.46E-06
-86.984,-2.46E-06
-86.984,-2.46E-06
-86.9841,-2.46E-06
-86.9841,-2.46E-06
-86.9842,-2.46E-06
-86.9842,-2.46E-06
-86.9842,-2.46E-06
-86.9843,-2.46E-06
-86.9843,-2.46E-06
-86.9844,-2.46E-06
-86.9844,-2.46E-06
-86.9845,-2.46E-06
-86.9845,-2.46E-06
-86.9846,-2.46E-06
-86.9846,-2.46E-06
-86.9847,-2.46E-06
-86.9847,-2.46E-06
-86.9848,-2.46E-06
-86.9848,-2.46E-06
-86.9848,-2.46E-06
-86.9849,-2.46E-06
-86.9849,-2.46E-06
-86.985,-2.46E-06
-86.985,-2.46E-06
-86.9851,-2.46E-06
-86.9851,-2.46E-06
-86.9852,-2.46E-06
-86.9852,-2.46E-06
-86.9853,-2.46E-06
-86.9853,-2.46E-06
-86.9853,-2.46E-06
-86.9854,-2.46E-06
-86.9854,-2.46E-06
-86.9855,-2.46E-06
-86.9855,-2.46E-06
-86.9856,-2.46E-06
-86.9856,-2.46E-06
-86.9857,-2.46E-06
-86.9857,-2.46E-06
-86.9858,-2.46E-06
-86.9858,-2.46E-06
-86.9859,-2.46E-06
-86.9859,-2.46E-06
-86.9859,-2.46E-06
-86.986,-2.46E-06
-86.986,-2.46E-06
-86.9861,-2.46E-06
-86.9861,-2.46E-06
-86.9862,-2.46E-06
-86.9862,-2.46E-06
-86.9863,-2.46E-06
-86.9863,-2.46E-06
-86.9864,-2.46E-06
-86.9864,-2.46E-06
-86.9864,-2.46E-06
-86.9865,-2.46E-06
-86.9865,-2.46E-06
-86.9866,-2.46E-06
-86.9866,-2.46E-06
-86.9867,-2.46E-06
-86.9867,-2.46E-06
-86.9868,-2.46E-06
-86.9868,-2.46E-06
-86.9869,-2.46E-06
-86.9869,-2.46E-06
-86.9869,-2.46E-06
-86.987,-2.46E-06
-86.987,-2.46E-06
-86.9871,-2.46E-06
-86.9871,-2.46E-06
-86.9872,-2.46E-06
-86.9872,-2.46E-06
-86.9873,-2.46E-06
-86.9873,-2.46E-06
-86.9874,-2.46E-06
-86.9874,-2.46E-06
-86.9874,-2.46E-06
-86.9875,-2.46E-06
-86.9875,-2.46E-06
-86.9876,-2.46E-06
-86.9876,-2.46E-06
-86.9877,-2.46E-06
-86.9877,-2.46E-06
-86.9878,-2.46E-06
-86.9878,-2.46E-06
-86.9879,-2.46E-06
-86.9879,-2.46E-06
-86.9879,-2.46E-06
-86.988,-2.46E-06
-86.988,-2.46E-06
-86.9881,-2.46E-06
-86.9881,-2.46E-06
-86.9882,-2.46E-06
-86.9882,-2.46E-06
-86.9883,-2.46E-06
-86.9883,-2.46E-06
-86.9884,-2.46E-06
-86.9884,-2.46E-06
-86.9884,-2.46E-06
-86.9885,-2.46E-06
-86.9885,-2.46E-06
-86.9886,-2.46E-06
-86.9886,-2.46E-06
-86.9887,-2.46E-06
-86.9887,-2.46E-06
-86.9888,-2.46E-06
-86.9888,-2.46E-06
-86.9889,-2.46E-06
-86.9889,-2.46E-06
-86.9889,-2.46E-06
-86.989,-2.46E-06
-86.989,-2.46E-06
-86.9891,-2.46E-06
-86.9891,-2.46E-06
-86.9892,-2.46E-06
-86.9892,-2.46E-06
-86.9893,-2.46E-06
-86.9893,-2.46E-06
-86.9894,-2.46E-06
-86.9894,-2.46E-06
-86.9894,-2.46E-06
-86.9895,-2.46E-06
-86.9895,-2.46E-06
-86.9896,-2.46E-06
-86.9896,-2.46E-06
-86.9897,-2.45E-06
-86.9897,-2.45E-06
-86.9898,-2.45E-06
-86.9898,-2.45E-06
-86.9898,-2.45E-06
-86.9899,-2.45E-06
-86.9899,-2.45E-06
-86.99,-2.45E-06
-86.99,-2.45E-06
-86.9901,-2.45E-06
-86.9901,-2.45E-06
-86.9902,-2.45E-06
-86.9902,-2.45E-06
-86.9903,-2.45E-06
-86.9903,-2.45E-06
-86.9903,-2.45E-06
-86.9904,-2.45E-06
-86.9904,-2.45E-06
-86.9905,-2.45E-06
-86.9905,-2.45E-06
-86.9906,-2.45E-06
-86.9906,-2.45E-06
-86.9907,-2.45E-06
-86.9907,-2.45E-06
-86.9907,-2.45E-06
-86.9908,-2.45E-06
-86.9908,-2.45E-06
-86.9909,-2.45E-06
-86.9909,-2.45E-06
-86.991,-2.45E-06
-86.991,-2.45E-06
-86.9911,-2.45E-06
-86.9911,-2.45E-06
-86.9912,-2.45E-06
-86.9912,-2.45E-06
-86.9912,-2.45E-06
-86.9913,-2.45E-06
-86.9913,-2.45E-06
-86.9914,-2.45E-06
-86.9914,-2.45E-06
-86.9915,-2.45E-06
-86.9915,-2.45E-06
-86.9916,-2.45E-06
-86.9916,-2.45E-06
-86.9916,-2.45E-06
-86.9917,-2.45E-06
-86.9917,-2.45E-06
-86.9918,-2.45E-06
-86.9918,-2.45E-06
-86.9919,-2.45E-06
-86.9919,-2.45E-06
-86.992,-2.45E-06
-86.992,-2.45E-06
-86.9921,-2.45E-06
-86.9921,-2.45E-06
-86.9921,-2.45E-06
-86.9922,-2.45E-06
-86.9922,-2.45E-06
-86.9923,-2.45E-06
-86.9923,-2.45E-06
-86.9924,-2.45E-06
-86.9924,-2.45E-06
-86.9925,-2.45E-06
-86.9925,-2.45E-06
-86.9925,-2.45E-06
-86.9926,-2.45E-06
-86.9926,-2.45E-06
-86.9927,-2.45E-06
-86.9927,-2.45E-06
-86.9928,-2.45E-06
-86.9928,-2.45E-06
-86.9929,-2.45E-06
-86.9929,-2.45E-06
-86.9929,-2.45E-06
-86.993,-2.45E-06
-86.993,-2.45E-06
-86.9931,-2.45E-06
-86.9931,-2.45E-06
-86.9932,-2.45E-06
-86.9932,-2.45E-06
-86.9933,-2.45E-06
-86.9933,-2.45E-06
-86.9933,-2.45E-06
-86.9934,-2.45E-06
-86.9934,-2.45E-06
-86.9935,-2.45E-06
-86.9935,-2.45E-06
-86.9936,-2.45E-06
-86.9936,-2.45E-06
-86.9937,-2.45E-06
-86.9937,-2.45E-06
-86.9937,-2.45E-06
-86.9938,-2.45E-06
-86.9938,-2.45E-06
-86.9939,-2.45E-06
-86.9939,-2.45E-06
-86.994,-2.45E-06
-86.994,-2.45E-06
-86.9941,-2.45E-06
-86.9941,-2.45E-06
-86.9941,-2.45E-06
-86.9942,-2.45E-06
-86.9942,-2.45E-06
-86.9943,-2.45E-06
-86.9943,-2.45E-06
-86.9944,-2.45E-06
-86.9944,-2.45E-06
-86.9945,-2.45E-06
-86.9945,-2.45E-06
-86.9945,-2.45E-06
-86.9946,-2.45E-06
-86.9946,-2.45E-06
-86.9947,-2.45E-06
-86.9947,-2.45E-06
-86.9948,-2.45E-06
-86.9948,-2.45E-06
-86.9949,-2.45E-06
-86.9949,-2.45E-06
-86.9949,-2.45E-06
-86.995,-2.45E-06
-86.995,-2.45E-06
-86.9951,-2.45E-06
-86.9951,-2.45E-06
-86.9952,-2.45E-06
-86.9952,-2.45E-06
-86.9953,-2.45E-06
-86.9953,-2.45E-06
-86.9953,-2.45E-06
-86.9954,-2.45E-06
-86.9954,-2.45E-06
-86.9955,-2.45E-06
-86.9955,-2.45E-06
-86.9956,-2.45E-06
-86.9956,-2.45E-06
-86.9957,-2.45E-06
-86.9957,-2.45E-06
-86.9957,-2.45E-06
-86.9958,-2.45E-06
-86.9958,-2.45E-06
-86.9959,-2.45E-06
-86.9959,-2.45E-06
-86.996,-2.45E-06
-86.996,-2.45E-06
-86.996,-2.45E-06
-86.9961,-2.45E-06
-86.9961,-2.45E-06
-86.9962,-2.45E-06
-86.9962,-2.45E-06
-86.9963,-2.45E-06
-86.9963,-2.45E-06
-86.9964,-2.45E-06
-86.9964,-2.45E-06
-86.9964,-2.45E-06
-86.9965,-2.45E-06
-86.9965,-2.45E-06
-86.9966,-2.45E-06
-86.9966,-2.45E-06
-86.9967,-2.45E-06
-86.9967,-2.45E-06
-86.9968,-2.45E-06
-86.9968,-2.45E-06
-86.9968,-2.45E-06
-86.9969,-2.45E-06
-86.9969,-2.45E-06
-86.997,-2.45E-06
-86.997,-2.45E-06
-86.9971,-2.45E-06
-86.9971,-2.45E-06
-86.9971,-2.45E-06
-86.9972,-2.45E-06
-86.9972,-2.45E-06
-86.9973,-2.45E-06
-86.9973,-2.45E-06
-86.9974,-2.45E-06
-86.9974,-2.45E-06
-86.9975,-2.45E-06
-86.9975,-2.45E-06
-86.9975,-2.45E-06
-86.9976,-2.45E-06
-86.9976,-2.45E-06
-86.9977,-2.45E-06
-86.9977,-2.45E-06
-86.9978,-2.45E-06
-86.9978,-2.45E-06
-86.9979,-2.45E-06
-86.9979,-2.45E-06
-86.9979,-2.45E-06
-86.998,-2.44E-06
-86.998,-2.44E-06
-86.9981,-2.44E-06
-86.9981,-2.44E-06
-86.9982,-2.44E-06
-86.9982,-2.44E-06
-86.9982,-2.44E-06
-86.9983,-2.44E-06
-86.9983,-2.44E-06
-86.9984,-2.44E-06
-86.9984,-2.44E-06
-86.9985,-2.44E-06
-86.9985,-2.44E-06
-86.9986,-2.44E-06
-86.9986,-2.44E-06
-86.9986,-2.44E-06
-86.9987,-2.44E-06
-86.9987,-2.44E-06
-86.9988,-2.44E-06
-86.9988,-2.44E-06
-86.9989,-2.44E-06
-86.9989,-2.44E-06
-86.9989,-2.44E-06
-86.999,-2.44E-06
-86.999,-2.44E-06
-86.9991,-2.44E-06
-86.9991,-2.44E-06
-86.9992,-2.44E-06
-86.9992,-2.44E-06
-86.9993,-2.44E-06
-86.9993,-2.44E-06
-86.9993,-2.44E-06
-86.9994,-2.44E-06
-86.9994,-2.44E-06
-86.9995,-2.44E-06
-86.9995,-2.44E-06
-86.9996,-2.44E-06
-86.9996,-2.44E-06
-86.9996,-2.44E-06
-86.9997,-2.44E-06
-86.9997,-2.44E-06
-86.9998,-2.44E-06
-86.9998,-2.44E-06
-86.9999,-2.44E-06
-86.9999,-2.44E-06
-86.9999,-2.44E-06
-87,-2.44E-06
-87,-2.44E-06
-87.0001,-2.44E-06
-87.0001,-2.44E-06
-87.0002,-2.44E-06
-87.0002,-2.44E-06
-87.0003,-2.44E-06
-87.0003,-2.44E-06
-87.0003,-2.44E-06
-87.0004,-2.44E-06
-87.0004,-2.44E-06
-87.0005,-2.44E-06
-87.0005,-2.44E-06
-87.0006,-2.44E-06
-87.0006,-2.44E-06
-87.0006,-2.44E-06
-87.0007,-2.44E-06
-87.0007,-2.44E-06
-87.0008,-2.44E-06
-87.0008,-2.44E-06
-87.0009,-2.44E-06
-87.0009,-2.44E-06
-87.0009,-2.44E-06
-87.001,-2.44E-06
-87.001,-2.44E-06
-87.0011,-2.44E-06
-87.0011,-2.44E-06
-87.0012,-2.44E-06
-87.0012,-2.44E-06
-87.0012,-2.44E-06
-87.0013,-2.44E-06
-87.0013,-2.44E-06
-87.0014,-2.44E-06
-87.0014,-2.44E-06
-87.0015,-2.44E-06
-87.0015,-2.44E-06
-87.0016,-2.44E-06
-87.0016,-2.44E-06
-87.0016,-2.44E-06
-87.0017,-2.44E-06
-87.0017,-2.44E-06
-87.0018,-2.44E-06
-87.0018,-2.44E-06
-87.0019,-2.44E-06
-87.0019,-2.44E-06
-87.0019,-2.44E-06
-87.002,-2.44E-06
-87.002,-2.44E-06
-87.0021,-2.44E-06
-87.0021,-2.44E-06
-87.0022,-2.44E-06
-87.0022,-2.44E-06
-87.0022,-2.44E-06
-87.0023,-2.44E-06
-87.0023,-2.44E-06
-87.0024,-2.44E-06
-87.0024,-2.44E-06
-87.0025,-2.44E-06
-87.0025,-2.44E-06
-87.0025,-2.44E-06
-87.0026,-2.44E-06
-87.0026,-2.44E-06
-87.0027,-2.44E-06
-87.0027,-2.44E-06
-87.0028,-2.44E-06
-87.0028,-2.44E-06
-87.0028,-2.44E-06
-87.0029,-2.44E-06
-87.0029,-2.44E-06
-87.003,-2.44E-06
-87.003,-2.44E-06
-87.0031,-2.44E-06
-87.0031,-2.44E-06
-87.0031,-2.44E-06
-87.0032,-2.44E-06
-87.0032,-2.44E-06
-87.0033,-2.44E-06
-87.0033,-2.44E-06
-87.0034,-2.44E-06
-87.0034,-2.44E-06
-87.0034,-2.44E-06
-87.0035,-2.44E-06
-87.0035,-2.44E-06
-87.0036,-2.44E-06
-87.0036,-2.44E-06
-87.0037,-2.44E-06
-87.0037,-2.44E-06
-87.0037,-2.44E-06
-87.0038,-2.44E-06
-87.0038,-2.44E-06
-87.0039,-2.44E-06
-87.0039,-2.44E-06
-87.004,-2.44E-06
-87.004,-2.44E-06
-87.004,-2.44E-06
-87.0041,-2.44E-06
-87.0041,-2.44E-06
-87.0042,-2.44E-06
-87.0042,-2.44E-06
-87.0043,-2.44E-06
-87.0043,-2.44E-06
-87.0043,-2.44E-06
-87.0044,-2.44E-06
-87.0044,-2.44E-06
-87.0045,-2.44E-06
-87.0045,-2.44E-06
-87.0046,-2.44E-06
-87.0046,-2.44E-06
-87.0046,-2.44E-06
-87.0047,-2.44E-06
-87.0047,-2.44E-06
-87.0048,-2.44E-06
-87.0048,-2.44E-06
-87.0049,-2.44E-06
-87.0049,-2.44E-06
-87.0049,-2.44E-06
-87.005,-2.44E-06
-87.005,-2.44E-06
-87.0051,-2.44E-06
-87.0051,-2.44E-06
-87.0052,-2.44E-06
-87.0052,-2.44E-06
-87.0052,-2.44E-06
-87.0053,-2.44E-06
-87.0053,-2.44E-06
-87.0054,-2.44E-06
-87.0054,-2.44E-06
-87.0055,-2.44E-06
-87.0055,-2.44E-06
-87.0055,-2.44E-06
-87.0056,-2.44E-06
-87.0056,-2.44E-06
-87.0057,-2.44E-06
-87.0057,-2.44E-06
-87.0058,-2.44E-06
-87.0058,-2.44E-06
-87.0058,-2.44E-06
-87.0059,-2.44E-06
-87.0059,-2.44E-06
-87.006,-2.44E-06
-87.006,-2.44E-06
-87.0061,-2.44E-06
-87.0061,-2.44E-06
-87.0061,-2.44E-06
-87.0062,-2.44E-06
-87.0062,-2.44E-06
-87.0063,-2.44E-06
-87.0063,-2.43E-06
-87.0064,-2.43E-06
-87.0064,-2.43E-06
-87.0064,-2.43E-06
-87.0065,-2.43E-06
-87.0065,-2.43E-06
-87.0066,-2.43E-06
-87.0066,-2.43E-06
-87.0067,-2.43E-06
-87.0067,-2.43E-06
-87.0067,-2.43E-06
-87.0068,-2.43E-06
-87.0068,-2.43E-06
-87.0069,-2.43E-06
-87.0069,-2.43E-06
-87.0069,-2.43E-06
-87.007,-2.43E-06
-87.007,-2.43E-06
-87.0071,-2.43E-06
-87.0071,-2.43E-06
-87.0072,-2.43E-06
-87.0072,-2.43E-06
-87.0072,-2.43E-06
-87.0073,-2.43E-06
-87.0073,-2.43E-06
-87.0074,-2.43E-06
-87.0074,-2.43E-06
-87.0075,-2.43E-06
-87.0075,-2.43E-06
-87.0075,-2.43E-06
-87.0076,-2.43E-06
-87.0076,-2.43E-06
-87.0077,-2.43E-06
-87.0077,-2.43E-06
-87.0078,-2.43E-06
-87.0078,-2.43E-06
-87.0078,-2.43E-06
-87.0079,-2.43E-06
-87.0079,-2.43E-06
-87.008,-2.43E-06
-87.008,-2.43E-06
-87.008,-2.43E-06
-87.0081,-2.43E-06
-87.0081,-2.43E-06
-87.0082,-2.43E-06
-87.0082,-2.43E-06
-87.0083,-2.43E-06
-87.0083,-2.43E-06
-87.0083,-2.43E-06
-87.0084,-2.43E-06
-87.0084,-2.43E-06
-87.0085,-2.43E-06
-87.0085,-2.43E-06
-87.0086,-2.43E-06
-87.0086,-2.43E-06
-87.0086,-2.43E-06
-87.0087,-2.43E-06
-87.0087,-2.43E-06
-87.0088,-2.43E-06
-87.0088,-2.43E-06
-87.0088,-2.43E-06
-87.0089,-2.43E-06
-87.0089,-2.43E-06
-87.009,-2.43E-06
-87.009,-2.43E-06
-87.0091,-2.43E-06
-87.0091,-2.43E-06
-87.0091,-2.43E-06
-87.0092,-2.43E-06
-87.0092,-2.43E-06
-87.0093,-2.43E-06
-87.0093,-2.43E-06
-87.0094,-2.43E-06
-87.0094,-2.43E-06
-87.0094,-2.43E-06
-87.0095,-2.43E-06
-87.0095,-2.43E-06
-87.0096,-2.43E-06
-87.0096,-2.43E-06
-87.0096,-2.43E-06
-87.0097,-2.43E-06
-87.0097,-2.43E-06
-87.0098,-2.43E-06
-87.0098,-2.43E-06
-87.0099,-2.43E-06
-87.0099,-2.43E-06
-87.0099,-2.43E-06
-87.01,-2.43E-06
-87.01,-2.43E-06
-87.0101,-2.43E-06
-87.0101,-2.43E-06
-87.0102,-2.43E-06
-87.0102,-2.43E-06
-87.0102,-2.43E-06
-87.0103,-2.43E-06
-87.0103,-2.43E-06
-87.0104,-2.43E-06
-87.0104,-2.43E-06
-87.0104,-2.43E-06
-87.0105,-2.43E-06
-87.0105,-2.43E-06
-87.0106,-2.43E-06
-87.0106,-2.43E-06
-87.0107,-2.43E-06
-87.0107,-2.43E-06
-87.0107,-2.43E-06
-87.0108,-2.43E-06
-87.0108,-2.43E-06
-87.0109,-2.43E-06
-87.0109,-2.43E-06
-87.0109,-2.43E-06
-87.011,-2.43E-06
-87.011,-2.43E-06
-87.0111,-2.43E-06
-87.0111,-2.43E-06
-87.0112,-2.43E-06
-87.0112,-2.43E-06
-87.0112,-2.43E-06
-87.0113,-2.43E-06
-87.0113,-2.43E-06
-87.0114,-2.43E-06
-87.0114,-2.43E-06
-87.0114,-2.43E-06
-87.0115,-2.43E-06
-87.0115,-2.43E-06
-87.0116,-2.43E-06
-87.0116,-2.43E-06
-87.0117,-2.43E-06
-87.0117,-2.43E-06
-87.0117,-2.43E-06
-87.0118,-2.43E-06
-87.0118,-2.43E-06
-87.0119,-2.43E-06
-87.0119,-2.43E-06
-87.0119,-2.43E-06
-87.012,-2.43E-06
-87.012,-2.43E-06
-87.0121,-2.43E-06
-87.0121,-2.43E-06
-87.0122,-2.43E-06
-87.0122,-2.43E-06
-87.0122,-2.43E-06
-87.0123,-2.43E-06
-87.0123,-2.43E-06
-87.0124,-2.43E-06
-87.0124,-2.43E-06
-87.0124,-2.43E-06
-87.0125,-2.43E-06
-87.0125,-2.43E-06
-87.0126,-2.43E-06
-87.0126,-2.43E-06
-87.0127,-2.43E-06
-87.0127,-2.43E-06
-87.0127,-2.43E-06
-87.0128,-2.43E-06
-87.0128,-2.43E-06
-87.0129,-2.43E-06
-87.0129,-2.43E-06
-87.0129,-2.43E-06
-87.013,-2.43E-06
-87.013,-2.43E-06
-87.0131,-2.43E-06
-87.0131,-2.43E-06
-87.0131,-2.43E-06
-87.0132,-2.43E-06
-87.0132,-2.43E-06
-87.0133,-2.43E-06
-87.0133,-2.43E-06
-87.0134,-2.43E-06
-87.0134,-2.43E-06
-87.0134,-2.43E-06
-87.0135,-2.43E-06
-87.0135,-2.43E-06
-87.0136,-2.43E-06
-87.0136,-2.43E-06
-87.0136,-2.43E-06
-87.0137,-2.43E-06
-87.0137,-2.43E-06
-87.0138,-2.43E-06
-87.0138,-2.43E-06
-87.0139,-2.43E-06
-87.0139,-2.43E-06
-87.0139,-2.43E-06
-87.014,-2.43E-06
-87.014,-2.43E-06
-87.0141,-2.43E-06
-87.0141,-2.43E-06
-87.0141,-2.43E-06
-87.0142,-2.43E-06
-87.0142,-2.43E-06
-87.0143,-2.43E-06
-87.0143,-2.43E-06
-87.0143,-2.43E-06
-87.0144,-2.43E-06
-87.0144,-2.43E-06
-87.0145,-2.43E-06
-87.0145,-2.43E-06
-87.0146,-2.43E-06
-87.0146,-2.43E-06
-87.0146,-2.43E-06
-87.0147,-2.42E-06
-87.0147,-2.42E-06
-87.0148,-2.42E-06
-87.0148,-2.42E-06
-87.0148,-2.42E-06
-87.0149,-2.42E-06
-87.0149,-2.42E-06
-87.015,-2.42E-06
-87.015,-2.42E-06
-87.015,-2.42E-06
-87.0151,-2.42E-06
-87.0151,-2.42E-06
-87.0152,-2.42E-06
-87.0152,-2.42E-06
-87.0153,-2.42E-06
-87.0153,-2.42E-06
-87.0153,-2.42E-06
-87.0154,-2.42E-06
-87.0154,-2.42E-06
-87.0155,-2.42E-06
-87.0155,-2.42E-06
-87.0155,-2.42E-06
-87.0156,-2.42E-06
-87.0156,-2.42E-06
-87.0157,-2.42E-06
-87.0157,-2.42E-06
-87.0157,-2.42E-06
-87.0158,-2.42E-06
-87.0158,-2.42E-06
-87.0159,-2.42E-06
-87.0159,-2.42E-06
-87.016,-2.42E-06
-87.016,-2.42E-06
-87.016,-2.42E-06
-87.0161,-2.42E-06
-87.0161,-2.42E-06
-87.0162,-2.42E-06
-87.0162,-2.42E-06
-87.0162,-2.42E-06
-87.0163,-2.42E-06
-87.0163,-2.42E-06
-87.0164,-2.42E-06
-87.0164,-2.42E-06
-87.0164,-2.42E-06
-87.0165,-2.42E-06
-87.0165,-2.42E-06
-87.0166,-2.42E-06
-87.0166,-2.42E-06
-87.0166,-2.42E-06
-87.0167,-2.42E-06
-87.0167,-2.42E-06
-87.0168,-2.42E-06
-87.0168,-2.42E-06
-87.0169,-2.42E-06
-87.0169,-2.42E-06
-87.0169,-2.42E-06
-87.017,-2.42E-06
-87.017,-2.42E-06
-87.0171,-2.42E-06
-87.0171,-2.42E-06
-87.0171,-2.42E-06
-87.0172,-2.42E-06
-87.0172,-2.42E-06
-87.0173,-2.42E-06
-87.0173,-2.42E-06
-87.0173,-2.42E-06
-87.0174,-2.42E-06
-87.0174,-2.42E-06
-87.0175,-2.42E-06
-87.0175,-2.42E-06
-87.0175,-2.42E-06
-87.0176,-2.42E-06
-87.0176,-2.42E-06
-87.0177,-2.42E-06
-87.0177,-2.42E-06
-87.0177,-2.42E-06
-87.0178,-2.42E-06
-87.0178,-2.42E-06
-87.0179,-2.42E-06
-87.0179,-2.42E-06
-87.018,-2.42E-06
-87.018,-2.42E-06
-87.018,-2.42E-06
-87.0181,-2.42E-06
-87.0181,-2.42E-06
-87.0182,-2.42E-06
-87.0182,-2.42E-06
-87.0182,-2.42E-06
-87.0183,-2.42E-06
-87.0183,-2.42E-06
-87.0184,-2.42E-06
-87.0184,-2.42E-06
-87.0184,-2.42E-06
-87.0185,-2.42E-06
-87.0185,-2.42E-06
-87.0186,-2.42E-06
-87.0186,-2.42E-06
-87.0186,-2.42E-06
-87.0187,-2.42E-06
-87.0187,-2.42E-06
-87.0188,-2.42E-06
-87.0188,-2.42E-06
-87.0188,-2.42E-06
-87.0189,-2.42E-06
-87.0189,-2.42E-06
-87.019,-2.42E-06
-87.019,-2.42E-06
-87.019,-2.42E-06
-87.0191,-2.42E-06
-87.0191,-2.42E-06
-87.0192,-2.42E-06
-87.0192,-2.42E-06
-87.0193,-2.42E-06
-87.0193,-2.42E-06
-87.0193,-2.42E-06
-87.0194,-2.42E-06
-87.0194,-2.42E-06
-87.0195,-2.42E-06
-87.0195,-2.42E-06
-87.0195,-2.42E-06
-87.0196,-2.42E-06
-87.0196,-2.42E-06
-87.0197,-2.42E-06
-87.0197,-2.42E-06
-87.0197,-2.42E-06
-87.0198,-2.42E-06
-87.0198,-2.42E-06
-87.0199,-2.42E-06
-87.0199,-2.42E-06
-87.0199,-2.42E-06
-87.02,-2.42E-06
-87.02,-2.42E-06
-87.0201,-2.42E-06
-87.0201,-2.42E-06
-87.0201,-2.42E-06
-87.0202,-2.42E-06
-87.0202,-2.42E-06
-87.0203,-2.42E-06
-87.0203,-2.42E-06
-87.0203,-2.42E-06
-87.0204,-2.42E-06
-87.0204,-2.42E-06
-87.0205,-2.42E-06
-87.0205,-2.42E-06
-87.0205,-2.42E-06
-87.0206,-2.42E-06
-87.0206,-2.42E-06
-87.0207,-2.42E-06
-87.0207,-2.42E-06
-87.0207,-2.42E-06
-87.0208,-2.42E-06
-87.0208,-2.42E-06
-87.0209,-2.42E-06
-87.0209,-2.42E-06
-87.0209,-2.42E-06
-87.021,-2.42E-06
-87.021,-2.42E-06
-87.0211,-2.42E-06
-87.0211,-2.42E-06
-87.0211,-2.42E-06
-87.0212,-2.42E-06
-87.0212,-2.42E-06
-87.0213,-2.42E-06
-87.0213,-2.42E-06
-87.0213,-2.42E-06
-87.0214,-2.42E-06
-87.0214,-2.42E-06
-87.0215,-2.42E-06
-87.0215,-2.42E-06
-87.0215,-2.42E-06
-87.0216,-2.42E-06
-87.0216,-2.42E-06
-87.0217,-2.42E-06
-87.0217,-2.42E-06
-87.0217,-2.42E-06
-87.0218,-2.42E-06
-87.0218,-2.42E-06
-87.0219,-2.42E-06
-87.0219,-2.42E-06
-87.0219,-2.42E-06
-87.022,-2.42E-06
-87.022,-2.42E-06
-87.0221,-2.42E-06
-87.0221,-2.42E-06
-87.0221,-2.42E-06
-87.0222,-2.42E-06
-87.0222,-2.42E-06
-87.0223,-2.42E-06
-87.0223,-2.42E-06
-87.0223,-2.42E-06
-87.0224,-2.42E-06
-87.0224,-2.42E-06
-87.0225,-2.42E-06
-87.0225,-2.42E-06
-87.0225,-2.42E-06
-87.0226,-2.42E-06
-87.0226,-2.42E-06
-87.0227,-2.42E-06
-87.0227,-2.42E-06
-87.0227,-2.42E-06
-87.0228,-2.42E-06
-87.0228,-2.42E-06
-87.0229,-2.42E-06
-87.0229,-2.42E-06
-87.0229,-2.42E-06
-87.023,-2.42E-06
-87.023,-2.42E-06
-87.0231,-2.42E-06
-87.0231,-2.41E-06
-87.0231,-2.41E-06
-87.0232,-2.41E-06
-87.0232,-2.41E-06
-87.0233,-2.41E-06
-87.0233,-2.41E-06
-87.0233,-2.41E-06
-87.0234,-2.41E-06
-87.0234,-2.41E-06
-87.0235,-2.41E-06
-87.0235,-2.41E-06
-87.0235,-2.41E-06
-87.0236,-2.41E-06
-87.0236,-2.41E-06
-87.0237,-2.41E-06
-87.0237,-2.41E-06
-87.0237,-2.41E-06
-87.0238,-2.41E-06
-87.0238,-2.41E-06
-87.0239,-2.41E-06
-87.0239,-2.41E-06
-87.0239,-2.41E-06
-87.024,-2.41E-06
-87.024,-2.41E-06
-87.0241,-2.41E-06
-87.0241,-2.41E-06
-87.0241,-2.41E-06
-87.0242,-2.41E-06
-87.0242,-2.41E-06
-87.0243,-2.41E-06
-87.0243,-2.41E-06
-87.0243,-2.41E-06
-87.0244,-2.41E-06
-87.0244,-2.41E-06
-87.0245,-2.41E-06
-87.0245,-2.41E-06
-87.0245,-2.41E-06
-87.0246,-2.41E-06
-87.0246,-2.41E-06
-87.0247,-2.41E-06
-87.0247,-2.41E-06
-87.0247,-2.41E-06
-87.0248,-2.41E-06
-87.0248,-2.41E-06
-87.0249,-2.41E-06
-87.0249,-2.41E-06
-87.0249,-2.41E-06
-87.025,-2.41E-06
-87.025,-2.41E-06
-87.0251,-2.41E-06
-87.0251,-2.41E-06
-87.0251,-2.41E-06
-87.0252,-2.41E-06
-87.0252,-2.41E-06
-87.0253,-2.41E-06
-87.0253,-2.41E-06
-87.0253,-2.41E-06
-87.0254,-2.41E-06
-87.0254,-2.41E-06
-87.0255,-2.41E-06
-87.0255,-2.41E-06
-87.0255,-2.41E-06
-87.0256,-2.41E-06
-87.0256,-2.41E-06
-87.0256,-2.41E-06
-87.0257,-2.41E-06
-87.0257,-2.41E-06
-87.0258,-2.41E-06
-87.0258,-2.41E-06
-87.0258,-2.41E-06
-87.0259,-2.41E-06
-87.0259,-2.41E-06
-87.026,-2.41E-06
-87.026,-2.41E-06
-87.026,-2.41E-06
-87.0261,-2.41E-06
-87.0261,-2.41E-06
-87.0262,-2.41E-06
-87.0262,-2.41E-06
-87.0262,-2.41E-06
-87.0263,-2.41E-06
-87.0263,-2.41E-06
-87.0264,-2.41E-06
-87.0264,-2.41E-06
-87.0264,-2.41E-06
-87.0265,-2.41E-06
-87.0265,-2.41E-06
-87.0266,-2.41E-06
-87.0266,-2.41E-06
-87.0266,-2.41E-06
-87.0267,-2.41E-06
-87.0267,-2.41E-06
-87.0268,-2.41E-06
-87.0268,-2.41E-06
-87.0268,-2.41E-06
-87.0269,-2.41E-06
-87.0269,-2.41E-06
-87.0269,-2.41E-06
-87.027,-2.41E-06
-87.027,-2.41E-06
-87.0271,-2.41E-06
-87.0271,-2.41E-06
-87.0271,-2.41E-06
-87.0272,-2.41E-06
-87.0272,-2.41E-06
-87.0273,-2.41E-06
-87.0273,-2.41E-06
-87.0273,-2.41E-06
-87.0274,-2.41E-06
-87.0274,-2.41E-06
-87.0275,-2.41E-06
-87.0275,-2.41E-06
-87.0275,-2.41E-06
-87.0276,-2.41E-06
-87.0276,-2.41E-06
-87.0277,-2.41E-06
-87.0277,-2.41E-06
-87.0277,-2.41E-06
-87.0278,-2.41E-06
-87.0278,-2.41E-06
-87.0278,-2.41E-06
-87.0279,-2.41E-06
-87.0279,-2.41E-06
-87.028,-2.41E-06
-87.028,-2.41E-06
-87.028,-2.41E-06
-87.0281,-2.41E-06
-87.0281,-2.41E-06
-87.0282,-2.41E-06
-87.0282,-2.41E-06
-87.0282,-2.41E-06
-87.0283,-2.41E-06
-87.0283,-2.41E-06
-87.0284,-2.41E-06
-87.0284,-2.41E-06
-87.0284,-2.41E-06
-87.0285,-2.41E-06
-87.0285,-2.41E-06
-87.0286,-2.41E-06
-87.0286,-2.41E-06
-87.0286,-2.41E-06
-87.0287,-2.41E-06
-87.0287,-2.41E-06
-87.0287,-2.41E-06
-87.0288,-2.41E-06
-87.0288,-2.41E-06
-87.0289,-2.41E-06
-87.0289,-2.41E-06
-87.0289,-2.41E-06
-87.029,-2.41E-06
-87.029,-2.41E-06
-87.0291,-2.41E-06
-87.0291,-2.41E-06
-87.0291,-2.41E-06
-87.0292,-2.41E-06
-87.0292,-2.41E-06
-87.0293,-2.41E-06
-87.0293,-2.41E-06
-87.0293,-2.41E-06
-87.0294,-2.41E-06
-87.0294,-2.41E-06
-87.0294,-2.41E-06
-87.0295,-2.41E-06
-87.0295,-2.41E-06
-87.0296,-2.41E-06
-87.0296,-2.41E-06
-87.0296,-2.41E-06
-87.0297,-2.41E-06
-87.0297,-2.41E-06
-87.0298,-2.41E-06
-87.0298,-2.41E-06
-87.0298,-2.41E-06
-87.0299,-2.41E-06
-87.0299,-2.41E-06
-87.03,-2.41E-06
-87.03,-2.41E-06
-87.03,-2.41E-06
-87.0301,-2.41E-06
-87.0301,-2.41E-06
-87.0301,-2.41E-06
-87.0302,-2.41E-06
-87.0302,-2.41E-06
-87.0303,-2.41E-06
-87.0303,-2.41E-06
-87.0303,-2.41E-06
-87.0304,-2.41E-06
-87.0304,-2.41E-06
-87.0305,-2.41E-06
-87.0305,-2.41E-06
-87.0305,-2.41E-06
-87.0306,-2.41E-06
-87.0306,-2.41E-06
-87.0307,-2.41E-06
-87.0307,-2.41E-06
-87.0307,-2.41E-06
-87.0308,-2.41E-06
-87.0308,-2.41E-06
-87.0308,-2.41E-06
-87.0309,-2.41E-06
-87.0309,-2.41E-06
-87.031,-2.41E-06
-87.031,-2.41E-06
-87.031,-2.41E-06
-87.0311,-2.41E-06
-87.0311,-2.41E-06
-87.0312,-2.41E-06
-87.0312,-2.41E-06
-87.0312,-2.41E-06
-87.0313,-2.41E-06
-87.0313,-2.41E-06
-87.0313,-2.41E-06
-87.0314,-2.41E-06
-87.0314,-2.41E-06
-87.0315,-2.41E-06
-87.0315,-2.41E-06
-87.0315,-2.40E-06
-87.0316,-2.40E-06
-87.0316,-2.40E-06
-87.0317,-2.40E-06
-87.0317,-2.40E-06
-87.0317,-2.40E-06
-87.0318,-2.40E-06
-87.0318,-2.40E-06
-87.0319,-2.40E-06
-87.0319,-2.40E-06
-87.0319,-2.40E-06
-87.032,-2.40E-06
-87.032,-2.40E-06
-87.032,-2.40E-06
-87.0321,-2.40E-06
-87.0321,-2.40E-06
-87.0322,-2.40E-06
-87.0322,-2.40E-06
-87.0322,-2.40E-06
-87.0323,-2.40E-06
-87.0323,-2.40E-06
-87.0324,-2.40E-06
-87.0324,-2.40E-06
-87.0324,-2.40E-06
-87.0325,-2.40E-06
-87.0325,-2.40E-06
-87.0325,-2.40E-06
-87.0326,-2.40E-06
-87.0326,-2.40E-06
-87.0327,-2.40E-06
-87.0327,-2.40E-06
-87.0327,-2.40E-06
-87.0328,-2.40E-06
-87.0328,-2.40E-06
-87.0329,-2.40E-06
-87.0329,-2.40E-06
-87.0329,-2.40E-06
-87.033,-2.40E-06
-87.033,-2.40E-06
-87.033,-2.40E-06
-87.0331,-2.40E-06
-87.0331,-2.40E-06
-87.0332,-2.40E-06
-87.0332,-2.40E-06
-87.0332,-2.40E-06
-87.0333,-2.40E-06
-87.0333,-2.40E-06
-87.0333,-2.40E-06
-87.0334,-2.40E-06
-87.0334,-2.40E-06
-87.0335,-2.40E-06
-87.0335,-2.40E-06
-87.0335,-2.40E-06
-87.0336,-2.40E-06
-87.0336,-2.40E-06
-87.0337,-2.40E-06
-87.0337,-2.40E-06
-87.0337,-2.40E-06
-87.0338,-2.40E-06
-87.0338,-2.40E-06
-87.0338,-2.40E-06
-87.0339,-2.40E-06
-87.0339,-2.40E-06
-87.034,-2.40E-06
-87.034,-2.40E-06
-87.034,-2.40E-06
-87.0341,-2.40E-06
-87.0341,-2.40E-06
-87.0342,-2.40E-06
-87.0342,-2.40E-06
-87.0342,-2.40E-06
-87.0343,-2.40E-06
-87.0343,-2.40E-06
-87.0343,-2.40E-06
-87.0344,-2.40E-06
-87.0344,-2.40E-06
-87.0345,-2.40E-06
-87.0345,-2.40E-06
-87.0345,-2.40E-06
-87.0346,-2.40E-06
-87.0346,-2.40E-06
-87.0346,-2.40E-06
-87.0347,-2.40E-06
-87.0347,-2.40E-06
-87.0348,-2.40E-06
-87.0348,-2.40E-06
-87.0348,-2.40E-06
-87.0349,-2.40E-06
-87.0349,-2.40E-06
-87.035,-2.40E-06
-87.035,-2.40E-06
-87.035,-2.40E-06
-87.0351,-2.40E-06
-87.0351,-2.40E-06
-87.0351,-2.40E-06
-87.0352,-2.40E-06
-87.0352,-2.40E-06
-87.0353,-2.40E-06
-87.0353,-2.40E-06
-87.0353,-2.40E-06
-87.0354,-2.40E-06
-87.0354,-2.40E-06
-87.0354,-2.40E-06
-87.0355,-2.40E-06
-87.0355,-2.40E-06
-87.0356,-2.40E-06
-87.0356,-2.40E-06
-87.0356,-2.40E-06
-87.0357,-2.40E-06
-87.0357,-2.40E-06
-87.0358,-2.40E-06
-87.0358,-2.40E-06
-87.0358,-2.40E-06
-87.0359,-2.40E-06
-87.0359,-2.40E-06
-87.0359,-2.40E-06
-87.036,-2.40E-06
-87.036,-2.40E-06
-87.0361,-2.40E-06
-87.0361,-2.40E-06
-87.0361,-2.40E-06
-87.0362,-2.40E-06
-87.0362,-2.40E-06
-87.0362,-2.40E-06
-87.0363,-2.40E-06
-87.0363,-2.40E-06
-87.0364,-2.40E-06
-87.0364,-2.40E-06
-87.0364,-2.40E-06
-87.0365,-2.40E-06
-87.0365,-2.40E-06
-87.0365,-2.40E-06
-87.0366,-2.40E-06
-87.0366,-2.40E-06
-87.0367,-2.40E-06
-87.0367,-2.40E-06
-87.0367,-2.40E-06
-87.0368,-2.40E-06
-87.0368,-2.40E-06
-87.0368,-2.40E-06
-87.0369,-2.40E-06
-87.0369,-2.40E-06
-87.037,-2.40E-06
-87.037,-2.40E-06
-87.037,-2.40E-06
-87.0371,-2.40E-06
-87.0371,-2.40E-06
-87.0372,-2.40E-06
-87.0372,-2.40E-06
-87.0372,-2.40E-06
-87.0373,-2.40E-06
-87.0373,-2.40E-06
-87.0373,-2.40E-06
-87.0374,-2.40E-06
-87.0374,-2.40E-06
-87.0375,-2.40E-06
-87.0375,-2.40E-06
-87.0375,-2.40E-06
-87.0376,-2.40E-06
-87.0376,-2.40E-06
-87.0376,-2.40E-06
-87.0377,-2.40E-06
-87.0377,-2.40E-06
-87.0378,-2.40E-06
-87.0378,-2.40E-06
-87.0378,-2.40E-06
-87.0379,-2.40E-06
-87.0379,-2.40E-06
-87.0379,-2.40E-06
-87.038,-2.40E-06
-87.038,-2.40E-06
-87.0381,-2.40E-06
-87.0381,-2.40E-06
-87.0381,-2.40E-06
-87.0382,-2.40E-06
-87.0382,-2.40E-06
-87.0382,-2.40E-06
-87.0383,-2.40E-06
-87.0383,-2.40E-06
-87.0384,-2.40E-06
-87.0384,-2.40E-06
-87.0384,-2.40E-06
-87.0385,-2.40E-06
-87.0385,-2.40E-06
-87.0385,-2.40E-06
-87.0386,-2.40E-06
-87.0386,-2.40E-06
-87.0387,-2.40E-06
-87.0387,-2.40E-06
-87.0387,-2.40E-06
-87.0388,-2.40E-06
-87.0388,-2.40E-06
-87.0388,-2.40E-06
-87.0389,-2.40E-06
-87.0389,-2.40E-06
-87.039,-2.40E-06
-87.039,-2.40E-06
-87.039,-2.40E-06
-87.0391,-2.40E-06
-87.0391,-2.40E-06
-87.0391,-2.40E-06
-87.0392,-2.40E-06
-87.0392,-2.40E-06
-87.0393,-2.40E-06
-87.0393,-2.40E-06
-87.0393,-2.40E-06
-87.0394,-2.40E-06
-87.0394,-2.40E-06
-87.0394,-2.40E-06
-87.0395,-2.40E-06
-87.0395,-2.40E-06
-87.0396,-2.40E-06
-87.0396,-2.40E-06
-87.0396,-2.40E-06
-87.0397,-2.40E-06
-87.0397,-2.40E-06
-87.0397,-2.40E-06
-87.0398,-2.40E-06
-87.0398,-2.40E-06
-87.0399,-2.40E-06
-87.0399,-2.40E-06
-87.0399,-2.40E-06
-87.04,-2.40E-06
-87.04,-2.39E-06
-87.04,-2.39E-06
-87.0401,-2.39E-06
-87.0401,-2.39E-06
-87.0402,-2.39E-06
-87.0402,-2.39E-06
-87.0402,-2.39E-06
-87.0403,-2.39E-06
-87.0403,-2.39E-06
-87.0403,-2.39E-06
-87.0404,-2.39E-06
-87.0404,-2.39E-06
-87.0404,-2.39E-06
-87.0405,-2.39E-06
-87.0405,-2.39E-06
-87.0406,-2.39E-06
-87.0406,-2.39E-06
-87.0406,-2.39E-06
-87.0407,-2.39E-06
-87.0407,-2.39E-06
-87.0407,-2.39E-06
-87.0408,-2.39E-06
-87.0408,-2.39E-06
-87.0409,-2.39E-06
-87.0409,-2.39E-06
-87.0409,-2.39E-06
-87.041,-2.39E-06
-87.041,-2.39E-06
-87.041,-2.39E-06
-87.0411,-2.39E-06
-87.0411,-2.39E-06
-87.0412,-2.39E-06
-87.0412,-2.39E-06
-87.0412,-2.39E-06
-87.0413,-2.39E-06
-87.0413,-2.39E-06
-87.0413,-2.39E-06
-87.0414,-2.39E-06
-87.0414,-2.39E-06
-87.0415,-2.39E-06
-87.0415,-2.39E-06
-87.0415,-2.39E-06
-87.0416,-2.39E-06
-87.0416,-2.39E-06
-87.0416,-2.39E-06
-87.0417,-2.39E-06
-87.0417,-2.39E-06
-87.0417,-2.39E-06
-87.0418,-2.39E-06
-87.0418,-2.39E-06
-87.0419,-2.39E-06
-87.0419,-2.39E-06
-87.0419,-2.39E-06
-87.042,-2.39E-06
-87.042,-2.39E-06
-87.042,-2.39E-06
-87.0421,-2.39E-06
-87.0421,-2.39E-06
-87.0422,-2.39E-06
-87.0422,-2.39E-06
-87.0422,-2.39E-06
-87.0423,-2.39E-06
-87.0423,-2.39E-06
-87.0423,-2.39E-06
-87.0424,-2.39E-06
-87.0424,-2.39E-06
-87.0425,-2.39E-06
-87.0425,-2.39E-06
-87.0425,-2.39E-06
-87.0426,-2.39E-06
-87.0426,-2.39E-06
-87.0426,-2.39E-06
-87.0427,-2.39E-06
-87.0427,-2.39E-06
-87.0427,-2.39E-06
-87.0428,-2.39E-06
-87.0428,-2.39E-06
-87.0429,-2.39E-06
-87.0429,-2.39E-06
-87.0429,-2.39E-06
-87.043,-2.39E-06
-87.043,-2.39E-06
-87.043,-2.39E-06
-87.0431,-2.39E-06
-87.0431,-2.39E-06
-87.0432,-2.39E-06
-87.0432,-2.39E-06
-87.0432,-2.39E-06
-87.0433,-2.39E-06
-87.0433,-2.39E-06
-87.0433,-2.39E-06
-87.0434,-2.39E-06
-87.0434,-2.39E-06
-87.0434,-2.39E-06
-87.0435,-2.39E-06
-87.0435,-2.39E-06
-87.0436,-2.39E-06
-87.0436,-2.39E-06
-87.0436,-2.39E-06
-87.0437,-2.39E-06
-87.0437,-2.39E-06
-87.0437,-2.39E-06
-87.0438,-2.39E-06
-87.0438,-2.39E-06
-87.0439,-2.39E-06
-87.0439,-2.39E-06
-87.0439,-2.39E-06
-87.044,-2.39E-06
-87.044,-2.39E-06
-87.044,-2.39E-06
-87.0441,-2.39E-06
-87.0441,-2.39E-06
-87.0441,-2.39E-06
-87.0442,-2.39E-06
-87.0442,-2.39E-06
-87.0443,-2.39E-06
-87.0443,-2.39E-06
-87.0443,-2.39E-06
-87.0444,-2.39E-06
-87.0444,-2.39E-06
-87.0444,-2.39E-06
-87.0445,-2.39E-06
-87.0445,-2.39E-06
-87.0445,-2.39E-06
-87.0446,-2.39E-06
-87.0446,-2.39E-06
-87.0447,-2.39E-06
-87.0447,-2.39E-06
-87.0447,-2.39E-06
-87.0448,-2.39E-06
-87.0448,-2.39E-06
-87.0448,-2.39E-06
-87.0449,-2.39E-06
-87.0449,-2.39E-06
-87.0449,-2.39E-06
-87.045,-2.39E-06
-87.045,-2.39E-06
-87.0451,-2.39E-06
-87.0451,-2.39E-06
-87.0451,-2.39E-06
-87.0452,-2.39E-06
-87.0452,-2.39E-06
-87.0452,-2.39E-06
-87.0453,-2.39E-06
-87.0453,-2.39E-06
-87.0454,-2.39E-06
-87.0454,-2.39E-06
-87.0454,-2.39E-06
-87.0455,-2.39E-06
-87.0455,-2.39E-06
-87.0455,-2.39E-06
-87.0456,-2.39E-06
-87.0456,-2.39E-06
-87.0456,-2.39E-06
-87.0457,-2.39E-06
-87.0457,-2.39E-06
-87.0458,-2.39E-06
-87.0458,-2.39E-06
-87.0458,-2.39E-06
-87.0459,-2.39E-06
-87.0459,-2.39E-06
-87.0459,-2.39E-06
-87.046,-2.39E-06
-87.046,-2.39E-06
-87.046,-2.39E-06
-87.0461,-2.39E-06
-87.0461,-2.39E-06
-87.0462,-2.39E-06
-87.0462,-2.39E-06
-87.0462,-2.39E-06
-87.0463,-2.39E-06
-87.0463,-2.39E-06
-87.0463,-2.39E-06
-87.0464,-2.39E-06
-87.0464,-2.39E-06
-87.0464,-2.39E-06
-87.0465,-2.39E-06
-87.0465,-2.39E-06
-87.0466,-2.39E-06
-87.0466,-2.39E-06
-87.0466,-2.39E-06
-87.0467,-2.39E-06
-87.0467,-2.39E-06
-87.0467,-2.39E-06
-87.0468,-2.39E-06
-87.0468,-2.39E-06
-87.0468,-2.39E-06
-87.0469,-2.39E-06
-87.0469,-2.39E-06
-87.047,-2.39E-06
-87.047,-2.39E-06
-87.047,-2.39E-06
-87.0471,-2.39E-06
-87.0471,-2.39E-06
-87.0471,-2.39E-06
-87.0472,-2.39E-06
-87.0472,-2.39E-06
-87.0472,-2.39E-06
-87.0473,-2.39E-06
-87.0473,-2.39E-06
-87.0473,-2.39E-06
-87.0474,-2.39E-06
-87.0474,-2.39E-06
-87.0475,-2.39E-06
-87.0475,-2.39E-06
-87.0475,-2.39E-06
-87.0476,-2.39E-06
-87.0476,-2.39E-06
-87.0476,-2.39E-06
-87.0477,-2.39E-06
-87.0477,-2.39E-06
-87.0477,-2.39E-06
-87.0478,-2.39E-06
-87.0478,-2.39E-06
-87.0479,-2.39E-06
-87.0479,-2.39E-06
-87.0479,-2.39E-06
-87.048,-2.39E-06
-87.048,-2.39E-06
-87.048,-2.39E-06
-87.0481,-2.39E-06
-87.0481,-2.39E-06
-87.0481,-2.39E-06
-87.0482,-2.39E-06
-87.0482,-2.39E-06
-87.0483,-2.39E-06
-87.0483,-2.39E-06
-87.0483,-2.39E-06
-87.0484,-2.39E-06
-87.0484,-2.39E-06
-87.0484,-2.39E-06
-87.0485,-2.39E-06
-87.0485,-2.38E-06
-87.0485,-2.38E-06
-87.0486,-2.38E-06
-87.0486,-2.38E-06
-87.0486,-2.38E-06
-87.0487,-2.38E-06
-87.0487,-2.38E-06
-87.0488,-2.38E-06
-87.0488,-2.38E-06
-87.0488,-2.38E-06
-87.0489,-2.38E-06
-87.0489,-2.38E-06
-87.0489,-2.38E-06
-87.049,-2.38E-06
-87.049,-2.38E-06
-87.049,-2.38E-06
-87.0491,-2.38E-06
-87.0491,-2.38E-06
-87.0492,-2.38E-06
-87.0492,-2.38E-06
-87.0492,-2.38E-06
-87.0493,-2.38E-06
-87.0493,-2.38E-06
-87.0493,-2.38E-06
-87.0494,-2.38E-06
-87.0494,-2.38E-06
-87.0494,-2.38E-06
-87.0495,-2.38E-06
-87.0495,-2.38E-06
-87.0495,-2.38E-06
-87.0496,-2.38E-06
-87.0496,-2.38E-06
-87.0497,-2.38E-06
-87.0497,-2.38E-06
-87.0497,-2.38E-06
-87.0498,-2.38E-06
-87.0498,-2.38E-06
-87.0498,-2.38E-06
-87.0499,-2.38E-06
-87.0499,-2.38E-06
-87.0499,-2.38E-06
-87.05,-2.38E-06
-87.05,-2.38E-06
-87.05,-2.38E-06
-87.0501,-2.38E-06
-87.0501,-2.38E-06
-87.0502,-2.38E-06
-87.0502,-2.38E-06
-87.0502,-2.38E-06
-87.0503,-2.38E-06
-87.0503,-2.38E-06
-87.0503,-2.38E-06
-87.0504,-2.38E-06
-87.0504,-2.38E-06
-87.0504,-2.38E-06
-87.0505,-2.38E-06
-87.0505,-2.38E-06
-87.0505,-2.38E-06
-87.0506,-2.38E-06
-87.0506,-2.38E-06
-87.0507,-2.38E-06
-87.0507,-2.38E-06
-87.0507,-2.38E-06
-87.0508,-2.38E-06
-87.0508,-2.38E-06
-87.0508,-2.38E-06
-87.0509,-2.38E-06
-87.0509,-2.38E-06
-87.0509,-2.38E-06
-87.051,-2.38E-06
-87.051,-2.38E-06
-87.051,-2.38E-06
-87.0511,-2.38E-06
-87.0511,-2.38E-06
-87.0512,-2.38E-06
-87.0512,-2.38E-06
-87.0512,-2.38E-06
-87.0513,-2.38E-06
-87.0513,-2.38E-06
-87.0513,-2.38E-06
-87.0514,-2.38E-06
-87.0514,-2.38E-06
-87.0514,-2.38E-06
-87.0515,-2.38E-06
-87.0515,-2.38E-06
-87.0515,-2.38E-06
-87.0516,-2.38E-06
-87.0516,-2.38E-06
-87.0517,-2.38E-06
-87.0517,-2.38E-06
-87.0517,-2.38E-06
-87.0518,-2.38E-06
-87.0518,-2.38E-06
-87.0518,-2.38E-06
-87.0519,-2.38E-06
-87.0519,-2.38E-06
-87.0519,-2.38E-06
-87.052,-2.38E-06
-87.052,-2.38E-06
-87.052,-2.38E-06
-87.0521,-2.38E-06
-87.0521,-2.38E-06
-87.0522,-2.38E-06
-87.0522,-2.38E-06
-87.0522,-2.38E-06
-87.0523,-2.38E-06
-87.0523,-2.38E-06
-87.0523,-2.38E-06
-87.0524,-2.38E-06
-87.0524,-2.38E-06
-87.0524,-2.38E-06
-87.0525,-2.38E-06
-87.0525,-2.38E-06
-87.0525,-2.38E-06
-87.0526,-2.38E-06
-87.0526,-2.38E-06
-87.0526,-2.38E-06
-87.0527,-2.38E-06
-87.0527,-2.38E-06
-87.0528,-2.38E-06
-87.0528,-2.38E-06
-87.0528,-2.38E-06
-87.0529,-2.38E-06
-87.0529,-2.38E-06
-87.0529,-2.38E-06
-87.053,-2.38E-06
-87.053,-2.38E-06
-87.053,-2.38E-06
-87.0531,-2.38E-06
-87.0531,-2.38E-06
-87.0531,-2.38E-06
-87.0532,-2.38E-06
-87.0532,-2.38E-06
-87.0532,-2.38E-06
-87.0533,-2.38E-06
-87.0533,-2.38E-06
-87.0534,-2.38E-06
-87.0534,-2.38E-06
-87.0534,-2.38E-06
-87.0535,-2.38E-06
-87.0535,-2.38E-06
-87.0535,-2.38E-06
-87.0536,-2.38E-06
-87.0536,-2.38E-06
-87.0536,-2.38E-06
-87.0537,-2.38E-06
-87.0537,-2.38E-06
-87.0537,-2.38E-06
-87.0538,-2.38E-06
-87.0538,-2.38E-06
-87.0538,-2.38E-06
-87.0539,-2.38E-06
-87.0539,-2.38E-06
-87.054,-2.38E-06
-87.054,-2.38E-06
-87.054,-2.38E-06
-87.0541,-2.38E-06
-87.0541,-2.38E-06
-87.0541,-2.38E-06
-87.0542,-2.38E-06
-87.0542,-2.38E-06
-87.0542,-2.38E-06
-87.0543,-2.38E-06
-87.0543,-2.38E-06
-87.0543,-2.38E-06
-87.0544,-2.38E-06
-87.0544,-2.38E-06
-87.0544,-2.38E-06
-87.0545,-2.38E-06
-87.0545,-2.38E-06
-87.0546,-2.38E-06
-87.0546,-2.38E-06
-87.0546,-2.38E-06
-87.0547,-2.38E-06
-87.0547,-2.38E-06
-87.0547,-2.38E-06
-87.0548,-2.38E-06
-87.0548,-2.38E-06
-87.0548,-2.38E-06
-87.0549,-2.38E-06
-87.0549,-2.38E-06
-87.0549,-2.38E-06
-87.055,-2.38E-06
-87.055,-2.38E-06
-87.055,-2.38E-06
-87.0551,-2.38E-06
-87.0551,-2.38E-06
-87.0551,-2.38E-06
-87.0552,-2.38E-06
-87.0552,-2.38E-06
-87.0553,-2.38E-06
-87.0553,-2.38E-06
-87.0553,-2.38E-06
-87.0554,-2.38E-06
-87.0554,-2.38E-06
-87.0554,-2.38E-06
-87.0555,-2.38E-06
-87.0555,-2.38E-06
-87.0555,-2.38E-06
-87.0556,-2.38E-06
-87.0556,-2.38E-06
-87.0556,-2.38E-06
-87.0557,-2.38E-06
-87.0557,-2.38E-06
-87.0557,-2.38E-06
-87.0558,-2.38E-06
-87.0558,-2.38E-06
-87.0558,-2.38E-06
-87.0559,-2.38E-06
-87.0559,-2.38E-06
-87.056,-2.38E-06
-87.056,-2.38E-06
-87.056,-2.38E-06
-87.0561,-2.38E-06
-87.0561,-2.38E-06
-87.0561,-2.38E-06
-87.0562,-2.38E-06
-87.0562,-2.38E-06
-87.0562,-2.38E-06
-87.0563,-2.38E-06
-87.0563,-2.38E-06
-87.0563,-2.38E-06
-87.0564,-2.38E-06
-87.0564,-2.38E-06
-87.0564,-2.38E-06
-87.0565,-2.38E-06
-87.0565,-2.38E-06
-87.0565,-2.38E-06
-87.0566,-2.38E-06
-87.0566,-2.38E-06
-87.0566,-2.38E-06
-87.0567,-2.38E-06
-87.0567,-2.38E-06
-87.0568,-2.38E-06
-87.0568,-2.38E-06
-87.0568,-2.38E-06
-87.0569,-2.38E-06
-87.0569,-2.38E-06
-87.0569,-2.38E-06
-87.057,-2.38E-06
-87.057,-2.38E-06
-87.057,-2.38E-06
-87.0571,-2.37E-06
-87.0571,-2.37E-06
-87.0571,-2.37E-06
-87.0572,-2.37E-06
-87.0572,-2.37E-06
-87.0572,-2.37E-06
-87.0573,-2.37E-06
-87.0573,-2.37E-06
-87.0573,-2.37E-06
-87.0574,-2.37E-06
-87.0574,-2.37E-06
-87.0574,-2.37E-06
-87.0575,-2.37E-06
-87.0575,-2.37E-06
-87.0576,-2.37E-06
-87.0576,-2.37E-06
-87.0576,-2.37E-06
-87.0577,-2.37E-06
-87.0577,-2.37E-06
-87.0577,-2.37E-06
-87.0578,-2.37E-06
-87.0578,-2.37E-06
-87.0578,-2.37E-06
-87.0579,-2.37E-06
-87.0579,-2.37E-06
-87.0579,-2.37E-06
-87.058,-2.37E-06
-87.058,-2.37E-06
-87.058,-2.37E-06
-87.0581,-2.37E-06
-87.0581,-2.37E-06
-87.0581,-2.37E-06
-87.0582,-2.37E-06
-87.0582,-2.37E-06
-87.0582,-2.37E-06
-87.0583,-2.37E-06
-87.0583,-2.37E-06
-87.0583,-2.37E-06
-87.0584,-2.37E-06
-87.0584,-2.37E-06
-87.0585,-2.37E-06
-87.0585,-2.37E-06
-87.0585,-2.37E-06
-87.0586,-2.37E-06
-87.0586,-2.37E-06
-87.0586,-2.37E-06
-87.0587,-2.37E-06
-87.0587,-2.37E-06
-87.0587,-2.37E-06
-87.0588,-2.37E-06
-87.0588,-2.37E-06
-87.0588,-2.37E-06
-87.0589,-2.37E-06
-87.0589,-2.37E-06
-87.0589,-2.37E-06
-87.059,-2.37E-06
-87.059,-2.37E-06
-87.059,-2.37E-06
-87.0591,-2.37E-06
-87.0591,-2.37E-06
-87.0591,-2.37E-06
-87.0592,-2.37E-06
-87.0592,-2.37E-06
-87.0592,-2.37E-06
-87.0593,-2.37E-06
-87.0593,-2.37E-06
-87.0593,-2.37E-06
-87.0594,-2.37E-06
-87.0594,-2.37E-06
-87.0595,-2.37E-06
-87.0595,-2.37E-06
-87.0595,-2.37E-06
-87.0596,-2.37E-06
-87.0596,-2.37E-06
-87.0596,-2.37E-06
-87.0597,-2.37E-06
-87.0597,-2.37E-06
-87.0597,-2.37E-06
-87.0598,-2.37E-06
-87.0598,-2.37E-06
-87.0598,-2.37E-06
-87.0599,-2.37E-06
-87.0599,-2.37E-06
-87.0599,-2.37E-06
-87.06,-2.37E-06
-87.06,-2.37E-06
-87.06,-2.37E-06
-87.0601,-2.37E-06
-87.0601,-2.37E-06
-87.0601,-2.37E-06
-87.0602,-2.37E-06
-87.0602,-2.37E-06
-87.0602,-2.37E-06
-87.0603,-2.37E-06
-87.0603,-2.37E-06
-87.0603,-2.37E-06
-87.0604,-2.37E-06
-87.0604,-2.37E-06
-87.0604,-2.37E-06
-87.0605,-2.37E-06
-87.0605,-2.37E-06
-87.0605,-2.37E-06
-87.0606,-2.37E-06
-87.0606,-2.37E-06
-87.0607,-2.37E-06
-87.0607,-2.37E-06
-87.0607,-2.37E-06
-87.0608,-2.37E-06
-87.0608,-2.37E-06
-87.0608,-2.37E-06
-87.0609,-2.37E-06
-87.0609,-2.37E-06
-87.0609,-2.37E-06
-87.061,-2.37E-06
-87.061,-2.37E-06
-87.061,-2.37E-06
-87.0611,-2.37E-06
-87.0611,-2.37E-06
-87.0611,-2.37E-06
-87.0612,-2.37E-06
-87.0612,-2.37E-06
-87.0612,-2.37E-06
-87.0613,-2.37E-06
-87.0613,-2.37E-06
-87.0613,-2.37E-06
-87.0614,-2.37E-06
-87.0614,-2.37E-06
-87.0614,-2.37E-06
-87.0615,-2.37E-06
-87.0615,-2.37E-06
-87.0615,-2.37E-06
-87.0616,-2.37E-06
-87.0616,-2.37E-06
-87.0616,-2.37E-06
-87.0617,-2.37E-06
-87.0617,-2.37E-06
-87.0617,-2.37E-06
-87.0618,-2.37E-06
-87.0618,-2.37E-06
-87.0618,-2.37E-06
-87.0619,-2.37E-06
-87.0619,-2.37E-06
-87.0619,-2.37E-06
-87.062,-2.37E-06
-87.062,-2.37E-06
-87.062,-2.37E-06
-87.0621,-2.37E-06
-87.0621,-2.37E-06
-87.0622,-2.37E-06
-87.0622,-2.37E-06
-87.0622,-2.37E-06
-87.0623,-2.37E-06
-87.0623,-2.37E-06
-87.0623,-2.37E-06
-87.0624,-2.37E-06
-87.0624,-2.37E-06
-87.0624,-2.37E-06
-87.0625,-2.37E-06
-87.0625,-2.37E-06
-87.0625,-2.37E-06
-87.0626,-2.37E-06
-87.0626,-2.37E-06
-87.0626,-2.37E-06
-87.0627,-2.37E-06
-87.0627,-2.37E-06
-87.0627,-2.37E-06
-87.0628,-2.37E-06
-87.0628,-2.37E-06
-87.0628,-2.37E-06
-87.0629,-2.37E-06
-87.0629,-2.37E-06
-87.0629,-2.37E-06
-87.063,-2.37E-06
-87.063,-2.37E-06
-87.063,-2.37E-06
-87.0631,-2.37E-06
-87.0631,-2.37E-06
-87.0631,-2.37E-06
-87.0632,-2.37E-06
-87.0632,-2.37E-06
-87.0632,-2.37E-06
-87.0633,-2.37E-06
-87.0633,-2.37E-06
-87.0633,-2.37E-06
-87.0634,-2.37E-06
-87.0634,-2.37E-06
-87.0634,-2.37E-06
-87.0635,-2.37E-06
-87.0635,-2.37E-06
-87.0635,-2.37E-06
-87.0636,-2.37E-06
-87.0636,-2.37E-06
-87.0636,-2.37E-06
-87.0637,-2.37E-06
-87.0637,-2.37E-06
-87.0637,-2.37E-06
-87.0638,-2.37E-06
-87.0638,-2.37E-06
-87.0638,-2.37E-06
-87.0639,-2.37E-06
-87.0639,-2.37E-06
-87.0639,-2.37E-06
-87.064,-2.37E-06
-87.064,-2.37E-06
-87.064,-2.37E-06
-87.0641,-2.37E-06
-87.0641,-2.37E-06
-87.0641,-2.37E-06
-87.0642,-2.37E-06
-87.0642,-2.37E-06
-87.0642,-2.37E-06
-87.0643,-2.37E-06
-87.0643,-2.37E-06
-87.0644,-2.37E-06
-87.0644,-2.37E-06
-87.0644,-2.37E-06
-87.0645,-2.37E-06
-87.0645,-2.37E-06
-87.0645,-2.37E-06
-87.0646,-2.37E-06
-87.0646,-2.37E-06
-87.0646,-2.37E-06
-87.0647,-2.37E-06
-87.0647,-2.37E-06
-87.0647,-2.37E-06
-87.0648,-2.37E-06
-87.0648,-2.37E-06
-87.0648,-2.37E-06
-87.0649,-2.37E-06
-87.0649,-2.37E-06
-87.0649,-2.37E-06
-87.065,-2.37E-06
-87.065,-2.37E-06
-87.065,-2.37E-06
-87.0651,-2.37E-06
-87.0651,-2.37E-06
-87.0651,-2.37E-06
-87.0652,-2.37E-06
-87.0652,-2.37E-06
-87.0652,-2.37E-06
-87.0653,-2.37E-06
-87.0653,-2.37E-06
-87.0653,-2.37E-06
-87.0654,-2.37E-06
-87.0654,-2.37E-06
-87.0654,-2.37E-06
-87.0655,-2.37E-06
-87.0655,-2.37E-06
-87.0655,-2.37E-06
-87.0656,-2.37E-06
-87.0656,-2.37E-06
-87.0656,-2.36E-06
-87.0657,-2.36E-06
-87.0657,-2.36E-06
-87.0657,-2.36E-06
-87.0658,-2.36E-06
-87.0658,-2.36E-06
-87.0658,-2.36E-06
-87.0659,-2.36E-06
-87.0659,-2.36E-06
-87.0659,-2.36E-06
-87.066,-2.36E-06
-87.066,-2.36E-06
-87.066,-2.36E-06
-87.0661,-2.36E-06
-87.0661,-2.36E-06
-87.0661,-2.36E-06
-87.0662,-2.36E-06
-87.0662,-2.36E-06
-87.0662,-2.36E-06
-87.0663,-2.36E-06
-87.0663,-2.36E-06
-87.0663,-2.36E-06
-87.0664,-2.36E-06
-87.0664,-2.36E-06
-87.0664,-2.36E-06
-87.0665,-2.36E-06
-87.0665,-2.36E-06
-87.0665,-2.36E-06
-87.0666,-2.36E-06
-87.0666,-2.36E-06
-87.0666,-2.36E-06
-87.0667,-2.36E-06
-87.0667,-2.36E-06
-87.0667,-2.36E-06
-87.0668,-2.36E-06
-87.0668,-2.36E-06
-87.0668,-2.36E-06
-87.0669,-2.36E-06
-87.0669,-2.36E-06
-87.0669,-2.36E-06
-87.067,-2.36E-06
-87.067,-2.36E-06
-87.067,-2.36E-06
-87.0671,-2.36E-06
-87.0671,-2.36E-06
-87.0671,-2.36E-06
-87.0672,-2.36E-06
-87.0672,-2.36E-06
-87.0672,-2.36E-06
-87.0673,-2.36E-06
-87.0673,-2.36E-06
-87.0673,-2.36E-06
-87.0674,-2.36E-06
-87.0674,-2.36E-06
-87.0674,-2.36E-06
-87.0675,-2.36E-06
-87.0675,-2.36E-06
-87.0675,-2.36E-06
-87.0676,-2.36E-06
-87.0676,-2.36E-06
-87.0676,-2.36E-06
-87.0677,-2.36E-06
-87.0677,-2.36E-06
-87.0677,-2.36E-06
-87.0678,-2.36E-06
-87.0678,-2.36E-06
-87.0678,-2.36E-06
-87.0679,-2.36E-06
-87.0679,-2.36E-06
-87.0679,-2.36E-06
-87.068,-2.36E-06
-87.068,-2.36E-06
-87.068,-2.36E-06
-87.0681,-2.36E-06
-87.0681,-2.36E-06
-87.0681,-2.36E-06
-87.0682,-2.36E-06
-87.0682,-2.36E-06
-87.0682,-2.36E-06
-87.0683,-2.36E-06
-87.0683,-2.36E-06
-87.0683,-2.36E-06
-87.0684,-2.36E-06
-87.0684,-2.36E-06
-87.0684,-2.36E-06
-87.0685,-2.36E-06
-87.0685,-2.36E-06
-87.0685,-2.36E-06
-87.0686,-2.36E-06
-87.0686,-2.36E-06
-87.0686,-2.36E-06
-87.0687,-2.36E-06
-87.0687,-2.36E-06
-87.0687,-2.36E-06
-87.0688,-2.36E-06
-87.0688,-2.36E-06
-87.0688,-2.36E-06
-87.0689,-2.36E-06
-87.0689,-2.36E-06
-87.0689,-2.36E-06
-87.0689,-2.36E-06
-87.069,-2.36E-06
-87.069,-2.36E-06
-87.069,-2.36E-06
-87.0691,-2.36E-06
-87.0691,-2.36E-06
-87.0691,-2.36E-06
-87.0692,-2.36E-06
-87.0692,-2.36E-06
-87.0692,-2.36E-06
-87.0693,-2.36E-06
-87.0693,-2.36E-06
-87.0693,-2.36E-06
-87.0694,-2.36E-06
-87.0694,-2.36E-06
-87.0694,-2.36E-06
-87.0695,-2.36E-06
-87.0695,-2.36E-06
-87.0695,-2.36E-06
-87.0696,-2.36E-06
-87.0696,-2.36E-06
-87.0696,-2.36E-06
-87.0697,-2.36E-06
-87.0697,-2.36E-06
-87.0697,-2.36E-06
-87.0698,-2.36E-06
-87.0698,-2.36E-06
-87.0698,-2.36E-06
-87.0699,-2.36E-06
-87.0699,-2.36E-06
-87.0699,-2.36E-06
-87.07,-2.36E-06
-87.07,-2.36E-06
-87.07,-2.36E-06
-87.0701,-2.36E-06
-87.0701,-2.36E-06
-87.0701,-2.36E-06
-87.0702,-2.36E-06
-87.0702,-2.36E-06
-87.0702,-2.36E-06
-87.0703,-2.36E-06
-87.0703,-2.36E-06
-87.0703,-2.36E-06
-87.0704,-2.36E-06
-87.0704,-2.36E-06
-87.0704,-2.36E-06
-87.0705,-2.36E-06
-87.0705,-2.36E-06
-87.0705,-2.36E-06
-87.0706,-2.36E-06
-87.0706,-2.36E-06
-87.0706,-2.36E-06
-87.0707,-2.36E-06
-87.0707,-2.36E-06
-87.0707,-2.36E-06
-87.0708,-2.36E-06
-87.0708,-2.36E-06
-87.0708,-2.36E-06
-87.0709,-2.36E-06
-87.0709,-2.36E-06
-87.0709,-2.36E-06
-87.071,-2.36E-06
-87.071,-2.36E-06
-87.071,-2.36E-06
-87.0711,-2.36E-06
-87.0711,-2.36E-06
-87.0711,-2.36E-06
-87.0711,-2.36E-06
-87.0712,-2.36E-06
-87.0712,-2.36E-06
-87.0712,-2.36E-06
-87.0713,-2.36E-06
-87.0713,-2.36E-06
-87.0713,-2.36E-06
-87.0714,-2.36E-06
-87.0714,-2.36E-06
-87.0714,-2.36E-06
-87.0715,-2.36E-06
-87.0715,-2.36E-06
-87.0715,-2.36E-06
-87.0716,-2.36E-06
-87.0716,-2.36E-06
-87.0716,-2.36E-06
-87.0717,-2.36E-06
-87.0717,-2.36E-06
-87.0717,-2.36E-06
-87.0718,-2.36E-06
-87.0718,-2.36E-06
-87.0718,-2.36E-06
-87.0719,-2.36E-06
-87.0719,-2.36E-06
-87.0719,-2.36E-06
-87.072,-2.36E-06
-87.072,-2.36E-06
-87.072,-2.36E-06
-87.0721,-2.36E-06
-87.0721,-2.36E-06
-87.0721,-2.36E-06
-87.0722,-2.36E-06
-87.0722,-2.36E-06
-87.0722,-2.36E-06
-87.0723,-2.36E-06
-87.0723,-2.36E-06
-87.0723,-2.36E-06
-87.0724,-2.36E-06
-87.0724,-2.36E-06
-87.0724,-2.36E-06
-87.0725,-2.36E-06
-87.0725,-2.36E-06
-87.0725,-2.36E-06
-87.0725,-2.36E-06
-87.0726,-2.36E-06
-87.0726,-2.36E-06
-87.0726,-2.36E-06
-87.0727,-2.36E-06
-87.0727,-2.36E-06
-87.0727,-2.36E-06
-87.0728,-2.36E-06
-87.0728,-2.36E-06
-87.0728,-2.36E-06
-87.0729,-2.36E-06
-87.0729,-2.36E-06
-87.0729,-2.36E-06
-87.073,-2.36E-06
-87.073,-2.36E-06
-87.073,-2.36E-06
-87.0731,-2.36E-06
-87.0731,-2.36E-06
-87.0731,-2.36E-06
-87.0732,-2.36E-06
-87.0732,-2.36E-06
-87.0732,-2.36E-06
-87.0733,-2.36E-06
-87.0733,-2.36E-06
-87.0733,-2.36E-06
-87.0734,-2.36E-06
-87.0734,-2.36E-06
-87.0734,-2.36E-06
-87.0735,-2.36E-06
-87.0735,-2.36E-06
-87.0735,-2.36E-06
-87.0736,-2.36E-06
-87.0736,-2.36E-06
-87.0736,-2.36E-06
-87.0737,-2.36E-06
-87.0737,-2.36E-06
-87.0737,-2.36E-06
-87.0737,-2.36E-06
-87.0738,-2.36E-06
-87.0738,-2.36E-06
-87.0738,-2.36E-06
-87.0739,-2.36E-06
-87.0739,-2.36E-06
-87.0739,-2.36E-06
-87.074,-2.36E-06
-87.074,-2.36E-06
-87.074,-2.36E-06
-87.0741,-2.36E-06
-87.0741,-2.36E-06
-87.0741,-2.36E-06
-87.0742,-2.36E-06
-87.0742,-2.36E-06
-87.0742,-2.36E-06
-87.0743,-2.35E-06
-87.0743,-2.35E-06
-87.0743,-2.35E-06
-87.0744,-2.35E-06
-87.0744,-2.35E-06
-87.0744,-2.35E-06
-87.0745,-2.35E-06
-87.0745,-2.35E-06
-87.0745,-2.35E-06
-87.0746,-2.35E-06
-87.0746,-2.35E-06
-87.0746,-2.35E-06
-87.0747,-2.35E-06
-87.0747,-2.35E-06
-87.0747,-2.35E-06
-87.0747,-2.35E-06
-87.0748,-2.35E-06
-87.0748,-2.35E-06
-87.0748,-2.35E-06
-87.0749,-2.35E-06
-87.0749,-2.35E-06
-87.0749,-2.35E-06
-87.075,-2.35E-06
-87.075,-2.35E-06
-87.075,-2.35E-06
-87.0751,-2.35E-06
-87.0751,-2.35E-06
-87.0751,-2.35E-06
-87.0752,-2.35E-06
-87.0752,-2.35E-06
-87.0752,-2.35E-06
-87.0753,-2.35E-06
-87.0753,-2.35E-06
-87.0753,-2.35E-06
-87.0754,-2.35E-06
-87.0754,-2.35E-06
-87.0754,-2.35E-06
-87.0755,-2.35E-06
-87.0755,-2.35E-06
-87.0755,-2.35E-06
-87.0755,-2.35E-06
-87.0756,-2.35E-06
-87.0756,-2.35E-06
-87.0756,-2.35E-06
-87.0757,-2.35E-06
-87.0757,-2.35E-06
-87.0757,-2.35E-06
-87.0758,-2.35E-06
-87.0758,-2.35E-06
-87.0758,-2.35E-06
-87.0759,-2.35E-06
-87.0759,-2.35E-06
-87.0759,-2.35E-06
-87.076,-2.35E-06
-87.076,-2.35E-06
-87.076,-2.35E-06
-87.0761,-2.35E-06
-87.0761,-2.35E-06
-87.0761,-2.35E-06
-87.0762,-2.35E-06
-87.0762,-2.35E-06
-87.0762,-2.35E-06
-87.0763,-2.35E-06
-87.0763,-2.35E-06
-87.0763,-2.35E-06
-87.0763,-2.35E-06
-87.0764,-2.35E-06
-87.0764,-2.35E-06
-87.0764,-2.35E-06
-87.0765,-2.35E-06
-87.0765,-2.35E-06
-87.0765,-2.35E-06
-87.0766,-2.35E-06
-87.0766,-2.35E-06
-87.0766,-2.35E-06
-87.0767,-2.35E-06
-87.0767,-2.35E-06
-87.0767,-2.35E-06
-87.0768,-2.35E-06
-87.0768,-2.35E-06
-87.0768,-2.35E-06
-87.0769,-2.35E-06
-87.0769,-2.35E-06
-87.0769,-2.35E-06
-87.077,-2.35E-06
-87.077,-2.35E-06
-87.077,-2.35E-06
-87.077,-2.35E-06
-87.0771,-2.35E-06
-87.0771,-2.35E-06
-87.0771,-2.35E-06
-87.0772,-2.35E-06
-87.0772,-2.35E-06
-87.0772,-2.35E-06
-87.0773,-2.35E-06
-87.0773,-2.35E-06
-87.0773,-2.35E-06
-87.0774,-2.35E-06
-87.0774,-2.35E-06
-87.0774,-2.35E-06
-87.0775,-2.35E-06
-87.0775,-2.35E-06
-87.0775,-2.35E-06
-87.0776,-2.35E-06
-87.0776,-2.35E-06
-87.0776,-2.35E-06
-87.0777,-2.35E-06
-87.0777,-2.35E-06
-87.0777,-2.35E-06
-87.0777,-2.35E-06
-87.0778,-2.35E-06
-87.0778,-2.35E-06
-87.0778,-2.35E-06
-87.0779,-2.35E-06
-87.0779,-2.35E-06
-87.0779,-2.35E-06
-87.078,-2.35E-06
-87.078,-2.35E-06
-87.078,-2.35E-06
-87.0781,-2.35E-06
-87.0781,-2.35E-06
-87.0781,-2.35E-06
-87.0782,-2.35E-06
-87.0782,-2.35E-06
-87.0782,-2.35E-06
-87.0783,-2.35E-06
-87.0783,-2.35E-06
-87.0783,-2.35E-06
-87.0783,-2.35E-06
-87.0784,-2.35E-06
-87.0784,-2.35E-06
-87.0784,-2.35E-06
-87.0785,-2.35E-06
-87.0785,-2.35E-06
-87.0785,-2.35E-06
-87.0786,-2.35E-06
-87.0786,-2.35E-06
-87.0786,-2.35E-06
-87.0787,-2.35E-06
-87.0787,-2.35E-06
-87.0787,-2.35E-06
-87.0788,-2.35E-06
-87.0788,-2.35E-06
-87.0788,-2.35E-06
-87.0789,-2.35E-06
-87.0789,-2.35E-06
-87.0789,-2.35E-06
-87.0789,-2.35E-06
-87.079,-2.35E-06
-87.079,-2.35E-06
-87.079,-2.35E-06
-87.0791,-2.35E-06
-87.0791,-2.35E-06
-87.0791,-2.35E-06
-87.0792,-2.35E-06
-87.0792,-2.35E-06
-87.0792,-2.35E-06
-87.0793,-2.35E-06
-87.0793,-2.35E-06
-87.0793,-2.35E-06
-87.0794,-2.35E-06
-87.0794,-2.35E-06
-87.0794,-2.35E-06
-87.0795,-2.35E-06
-87.0795,-2.35E-06
-87.0795,-2.35E-06
-87.0795,-2.35E-06
-87.0796,-2.35E-06
-87.0796,-2.35E-06
-87.0796,-2.35E-06
-87.0797,-2.35E-06
-87.0797,-2.35E-06
-87.0797,-2.35E-06
-87.0798,-2.35E-06
-87.0798,-2.35E-06
-87.0798,-2.35E-06
-87.0799,-2.35E-06
-87.0799,-2.35E-06
-87.0799,-2.35E-06
-87.08,-2.35E-06
-87.08,-2.35E-06
-87.08,-2.35E-06
-87.0801,-2.35E-06
-87.0801,-2.35E-06
-87.0801,-2.35E-06
-87.0801,-2.35E-06
-87.0802,-2.35E-06
-87.0802,-2.35E-06
-87.0802,-2.35E-06
-87.0803,-2.35E-06
-87.0803,-2.35E-06
-87.0803,-2.35E-06
-87.0804,-2.35E-06
-87.0804,-2.35E-06
-87.0804,-2.35E-06
-87.0805,-2.35E-06
-87.0805,-2.35E-06
-87.0805,-2.35E-06
-87.0806,-2.35E-06
-87.0806,-2.35E-06
-87.0806,-2.35E-06
-87.0806,-2.35E-06
-87.0807,-2.35E-06
-87.0807,-2.35E-06
-87.0807,-2.35E-06
-87.0808,-2.35E-06
-87.0808,-2.35E-06
-87.0808,-2.35E-06
-87.0809,-2.35E-06
-87.0809,-2.35E-06
-87.0809,-2.35E-06
-87.081,-2.35E-06
-87.081,-2.35E-06
-87.081,-2.35E-06
-87.0811,-2.35E-06
-87.0811,-2.35E-06
-87.0811,-2.35E-06
-87.0811,-2.35E-06
-87.0812,-2.35E-06
-87.0812,-2.35E-06
-87.0812,-2.35E-06
-87.0813,-2.35E-06
-87.0813,-2.35E-06
-87.0813,-2.35E-06
-87.0814,-2.35E-06
-87.0814,-2.35E-06
-87.0814,-2.35E-06
-87.0815,-2.35E-06
-87.0815,-2.35E-06
-87.0815,-2.35E-06
-87.0816,-2.35E-06
-87.0816,-2.35E-06
-87.0816,-2.35E-06
-87.0816,-2.35E-06
-87.0817,-2.35E-06
-87.0817,-2.35E-06
-87.0817,-2.35E-06
-87.0818,-2.35E-06
-87.0818,-2.35E-06
-87.0818,-2.35E-06
-87.0819,-2.35E-06
-87.0819,-2.35E-06
-87.0819,-2.35E-06
-87.082,-2.35E-06
-87.082,-2.35E-06
-87.082,-2.35E-06
-87.0821,-2.35E-06
-87.0821,-2.35E-06
-87.0821,-2.35E-06
-87.0821,-2.35E-06
-87.0822,-2.35E-06
-87.0822,-2.35E-06
-87.0822,-2.35E-06
-87.0823,-2.35E-06
-87.0823,-2.35E-06
-87.0823,-2.35E-06
-87.0824,-2.35E-06
-87.0824,-2.35E-06
-87.0824,-2.35E-06
-87.0825,-2.35E-06
-87.0825,-2.35E-06
-87.0825,-2.35E-06
-87.0825,-2.35E-06
-87.0826,-2.35E-06
-87.0826,-2.35E-06
-87.0826,-2.35E-06
-87.0827,-2.35E-06
-87.0827,-2.35E-06
-87.0827,-2.35E-06
-87.0828,-2.35E-06
-87.0828,-2.35E-06
-87.0828,-2.35E-06
-87.0829,-2.35E-06
-87.0829,-2.34E-06
-87.0829,-2.34E-06
-87.0829,-2.34E-06
-87.083,-2.34E-06
-87.083,-2.34E-06
-87.083,-2.34E-06
-87.0831,-2.34E-06
-87.0831,-2.34E-06
-87.0831,-2.34E-06
-87.0832,-2.34E-06
-87.0832,-2.34E-06
-87.0832,-2.34E-06
-87.0833,-2.34E-06
-87.0833,-2.34E-06
-87.0833,-2.34E-06
-87.0834,-2.34E-06
-87.0834,-2.34E-06
-87.0834,-2.34E-06
-87.0834,-2.34E-06
-87.0835,-2.34E-06
-87.0835,-2.34E-06
-87.0835,-2.34E-06
-87.0836,-2.34E-06
-87.0836,-2.34E-06
-87.0836,-2.34E-06
-87.0837,-2.34E-06
-87.0837,-2.34E-06
-87.0837,-2.34E-06
-87.0838,-2.34E-06
-87.0838,-2.34E-06
-87.0838,-2.34E-06
-87.0838,-2.34E-06
-87.0839,-2.34E-06
-87.0839,-2.34E-06
-87.0839,-2.34E-06
-87.084,-2.34E-06
-87.084,-2.34E-06
-87.084,-2.34E-06
-87.0841,-2.34E-06
-87.0841,-2.34E-06
-87.0841,-2.34E-06
-87.0842,-2.34E-06
-87.0842,-2.34E-06
-87.0842,-2.34E-06
-87.0842,-2.34E-06
-87.0843,-2.34E-06
-87.0843,-2.34E-06
-87.0843,-2.34E-06
-87.0844,-2.34E-06
-87.0844,-2.34E-06
-87.0844,-2.34E-06
-87.0845,-2.34E-06
-87.0845,-2.34E-06
-87.0845,-2.34E-06
-87.0846,-2.34E-06
-87.0846,-2.34E-06
-87.0846,-2.34E-06
-87.0846,-2.34E-06
-87.0847,-2.34E-06
-87.0847,-2.34E-06
-87.0847,-2.34E-06
-87.0848,-2.34E-06
-87.0848,-2.34E-06
-87.0848,-2.34E-06
-87.0849,-2.34E-06
-87.0849,-2.34E-06
-87.0849,-2.34E-06
-87.085,-2.34E-06
-87.085,-2.34E-06
-87.085,-2.34E-06
-87.085,-2.34E-06
-87.0851,-2.34E-06
-87.0851,-2.34E-06
-87.0851,-2.34E-06
-87.0852,-2.34E-06
-87.0852,-2.34E-06
-87.0852,-2.34E-06
-87.0853,-2.34E-06
-87.0853,-2.34E-06
-87.0853,-2.34E-06
-87.0854,-2.34E-06
-87.0854,-2.34E-06
-87.0854,-2.34E-06
-87.0854,-2.34E-06
-87.0855,-2.34E-06
-87.0855,-2.34E-06
-87.0855,-2.34E-06
-87.0856,-2.34E-06
-87.0856,-2.34E-06
-87.0856,-2.34E-06
-87.0857,-2.34E-06
-87.0857,-2.34E-06
-87.0857,-2.34E-06
-87.0857,-2.34E-06
-87.0858,-2.34E-06
-87.0858,-2.34E-06
-87.0858,-2.34E-06
-87.0859,-2.34E-06
-87.0859,-2.34E-06
-87.0859,-2.34E-06
-87.086,-2.34E-06
-87.086,-2.34E-06
-87.086,-2.34E-06
-87.0861,-2.34E-06
-87.0861,-2.34E-06
-87.0861,-2.34E-06
-87.0861,-2.34E-06
-87.0862,-2.34E-06
-87.0862,-2.34E-06
-87.0862,-2.34E-06
-87.0863,-2.34E-06
-87.0863,-2.34E-06
-87.0863,-2.34E-06
-87.0864,-2.34E-06
-87.0864,-2.34E-06
-87.0864,-2.34E-06
-87.0865,-2.34E-06
-87.0865,-2.34E-06
-87.0865,-2.34E-06
-87.0865,-2.34E-06
-87.0866,-2.34E-06
-87.0866,-2.34E-06
-87.0866,-2.34E-06
-87.0867,-2.34E-06
-87.0867,-2.34E-06
-87.0867,-2.34E-06
-87.0868,-2.34E-06
-87.0868,-2.34E-06
-87.0868,-2.34E-06
-87.0868,-2.34E-06
-87.0869,-2.34E-06
-87.0869,-2.34E-06
-87.0869,-2.34E-06
-87.087,-2.34E-06
-87.087,-2.34E-06
-87.087,-2.34E-06
-87.0871,-2.34E-06
-87.0871,-2.34E-06
-87.0871,-2.34E-06
-87.0872,-2.34E-06
-87.0872,-2.34E-06
-87.0872,-2.34E-06
-87.0872,-2.34E-06
-87.0873,-2.34E-06
-87.0873,-2.34E-06
-87.0873,-2.34E-06
-87.0874,-2.34E-06
-87.0874,-2.34E-06
-87.0874,-2.34E-06
-87.0875,-2.34E-06
-87.0875,-2.34E-06
-87.0875,-2.34E-06
-87.0875,-2.34E-06
-87.0876,-2.34E-06
-87.0876,-2.34E-06
-87.0876,-2.34E-06
-87.0877,-2.34E-06
-87.0877,-2.34E-06
-87.0877,-2.34E-06
-87.0878,-2.34E-06
-87.0878,-2.34E-06
-87.0878,-2.34E-06
-87.0878,-2.34E-06
-87.0879,-2.34E-06
-87.0879,-2.34E-06
-87.0879,-2.34E-06
-87.088,-2.34E-06
-87.088,-2.34E-06
-87.088,-2.34E-06
-87.0881,-2.34E-06
-87.0881,-2.34E-06
-87.0881,-2.34E-06
-87.0881,-2.34E-06
-87.0882,-2.34E-06
-87.0882,-2.34E-06
-87.0882,-2.34E-06
-87.0883,-2.34E-06
-87.0883,-2.34E-06
-87.0883,-2.34E-06
-87.0884,-2.34E-06
-87.0884,-2.34E-06
-87.0884,-2.34E-06
-87.0885,-2.34E-06
-87.0885,-2.34E-06
-87.0885,-2.34E-06
-87.0885,-2.34E-06
-87.0886,-2.34E-06
-87.0886,-2.34E-06
-87.0886,-2.34E-06
-87.0887,-2.34E-06
-87.0887,-2.34E-06
-87.0887,-2.34E-06
-87.0888,-2.34E-06
-87.0888,-2.34E-06
-87.0888,-2.34E-06
-87.0888,-2.34E-06
-87.0889,-2.34E-06
-87.0889,-2.34E-06
-87.0889,-2.34E-06
-87.089,-2.34E-06
-87.089,-2.34E-06
-87.089,-2.34E-06
-87.0891,-2.34E-06
-87.0891,-2.34E-06
-87.0891,-2.34E-06
-87.0891,-2.34E-06
-87.0892,-2.34E-06
-87.0892,-2.34E-06
-87.0892,-2.34E-06
-87.0893,-2.34E-06
-87.0893,-2.34E-06
-87.0893,-2.34E-06
-87.0894,-2.34E-06
-87.0894,-2.34E-06
-87.0894,-2.34E-06
-87.0894,-2.34E-06
-87.0895,-2.34E-06
-87.0895,-2.34E-06
-87.0895,-2.34E-06
-87.0896,-2.34E-06
-87.0896,-2.34E-06
-87.0896,-2.34E-06
-87.0897,-2.34E-06
-87.0897,-2.34E-06
-87.0897,-2.34E-06
-87.0897,-2.34E-06
-87.0898,-2.34E-06
-87.0898,-2.34E-06
-87.0898,-2.34E-06
-87.0899,-2.34E-06
-87.0899,-2.34E-06
-87.0899,-2.34E-06
-87.09,-2.34E-06
-87.09,-2.34E-06
-87.09,-2.34E-06
-87.09,-2.34E-06
-87.0901,-2.34E-06
-87.0901,-2.34E-06
-87.0901,-2.34E-06
-87.0902,-2.34E-06
-87.0902,-2.34E-06
-87.0902,-2.34E-06
-87.0903,-2.34E-06
-87.0903,-2.34E-06
-87.0903,-2.34E-06
-87.0903,-2.34E-06
-87.0904,-2.34E-06
-87.0904,-2.34E-06
-87.0904,-2.34E-06
-87.0905,-2.34E-06
-87.0905,-2.34E-06
-87.0905,-2.34E-06
-87.0906,-2.34E-06
-87.0906,-2.34E-06
-87.0906,-2.34E-06
-87.0906,-2.34E-06
-87.0907,-2.34E-06
-87.0907,-2.34E-06
-87.0907,-2.34E-06
-87.0908,-2.34E-06
-87.0908,-2.34E-06
-87.0908,-2.34E-06
-87.0909,-2.34E-06
-87.0909,-2.34E-06
-87.0909,-2.34E-06
-87.0909,-2.34E-06
-87.091,-2.34E-06
-87.091,-2.34E-06
-87.091,-2.34E-06
-87.0911,-2.34E-06
-87.0911,-2.34E-06
-87.0911,-2.34E-06
-87.0912,-2.34E-06
-87.0912,-2.34E-06
-87.0912,-2.34E-06
-87.0912,-2.34E-06
-87.0913,-2.34E-06
-87.0913,-2.34E-06
-87.0913,-2.34E-06
-87.0914,-2.34E-06
-87.0914,-2.34E-06
-87.0914,-2.34E-06
-87.0914,-2.34E-06
-87.0915,-2.34E-06
-87.0915,-2.34E-06
-87.0915,-2.34E-06
-87.0916,-2.34E-06
-87.0916,-2.33E-06
-87.0916,-2.33E-06
-87.0917,-2.33E-06
-87.0917,-2.33E-06
-87.0917,-2.33E-06
-87.0917,-2.33E-06
-87.0918,-2.33E-06
-87.0918,-2.33E-06
-87.0918,-2.33E-06
-87.0919,-2.33E-06
-87.0919,-2.33E-06
-87.0919,-2.33E-06
-87.092,-2.33E-06
-87.092,-2.33E-06
-87.092,-2.33E-06
-87.092,-2.33E-06
-87.0921,-2.33E-06
-87.0921,-2.33E-06
-87.0921,-2.33E-06
-87.0922,-2.33E-06
-87.0922,-2.33E-06
-87.0922,-2.33E-06
-87.0922,-2.33E-06
-87.0923,-2.33E-06
-87.0923,-2.33E-06
-87.0923,-2.33E-06
-87.0924,-2.33E-06
-87.0924,-2.33E-06
-87.0924,-2.33E-06
-87.0925,-2.33E-06
-87.0925,-2.33E-06
-87.0925,-2.33E-06
-87.0925,-2.33E-06
-87.0926,-2.33E-06
-87.0926,-2.33E-06
-87.0926,-2.33E-06
-87.0927,-2.33E-06
-87.0927,-2.33E-06
-87.0927,-2.33E-06
-87.0928,-2.33E-06
-87.0928,-2.33E-06
-87.0928,-2.33E-06
-87.0928,-2.33E-06
-87.0929,-2.33E-06
-87.0929,-2.33E-06
-87.0929,-2.33E-06
-87.093,-2.33E-06
-87.093,-2.33E-06
-87.093,-2.33E-06
-87.093,-2.33E-06
-87.0931,-2.33E-06
-87.0931,-2.33E-06
-87.0931,-2.33E-06
-87.0932,-2.33E-06
-87.0932,-2.33E-06
-87.0932,-2.33E-06
-87.0933,-2.33E-06
-87.0933,-2.33E-06
-87.0933,-2.33E-06
-87.0933,-2.33E-06
-87.0934,-2.33E-06
-87.0934,-2.33E-06
-87.0934,-2.33E-06
-87.0935,-2.33E-06
-87.0935,-2.33E-06
-87.0935,-2.33E-06
-87.0935,-2.33E-06
-87.0936,-2.33E-06
-87.0936,-2.33E-06
-87.0936,-2.33E-06
-87.0937,-2.33E-06
-87.0937,-2.33E-06
-87.0937,-2.33E-06
-87.0938,-2.33E-06
-87.0938,-2.33E-06
-87.0938,-2.33E-06
-87.0938,-2.33E-06
-87.0939,-2.33E-06
-87.0939,-2.33E-06
-87.0939,-2.33E-06
-87.094,-2.33E-06
-87.094,-2.33E-06
-87.094,-2.33E-06
-87.094,-2.33E-06
-87.0941,-2.33E-06
-87.0941,-2.33E-06
-87.0941,-2.33E-06
-87.0942,-2.33E-06
-87.0942,-2.33E-06
-87.0942,-2.33E-06
-87.0943,-2.33E-06
-87.0943,-2.33E-06
-87.0943,-2.33E-06
-87.0943,-2.33E-06
-87.0944,-2.33E-06
-87.0944,-2.33E-06
-87.0944,-2.33E-06
-87.0945,-2.33E-06
-87.0945,-2.33E-06
-87.0945,-2.33E-06
-87.0945,-2.33E-06
-87.0946,-2.33E-06
-87.0946,-2.33E-06
-87.0946,-2.33E-06
-87.0947,-2.33E-06
-87.0947,-2.33E-06
-87.0947,-2.33E-06
-87.0948,-2.33E-06
-87.0948,-2.33E-06
-87.0948,-2.33E-06
-87.0948,-2.33E-06
-87.0949,-2.33E-06
-87.0949,-2.33E-06
-87.0949,-2.33E-06
-87.095,-2.33E-06
-87.095,-2.33E-06
-87.095,-2.33E-06
-87.095,-2.33E-06
-87.0951,-2.33E-06
-87.0951,-2.33E-06
-87.0951,-2.33E-06
-87.0952,-2.33E-06
-87.0952,-2.33E-06
-87.0952,-2.33E-06
-87.0953,-2.33E-06
-87.0953,-2.33E-06
-87.0953,-2.33E-06
-87.0953,-2.33E-06
-87.0954,-2.33E-06
-87.0954,-2.33E-06
-87.0954,-2.33E-06
-87.0955,-2.33E-06
-87.0955,-2.33E-06
-87.0955,-2.33E-06
-87.0955,-2.33E-06
-87.0956,-2.33E-06
-87.0956,-2.33E-06
-87.0956,-2.33E-06
-87.0957,-2.33E-06
-87.0957,-2.33E-06
-87.0957,-2.33E-06
-87.0957,-2.33E-06
-87.0958,-2.33E-06
-87.0958,-2.33E-06
-87.0958,-2.33E-06
-87.0959,-2.33E-06
-87.0959,-2.33E-06
-87.0959,-2.33E-06
-87.096,-2.33E-06
-87.096,-2.33E-06
-87.096,-2.33E-06
-87.096,-2.33E-06
-87.0961,-2.33E-06
-87.0961,-2.33E-06
-87.0961,-2.33E-06
-87.0962,-2.33E-06
-87.0962,-2.33E-06
-87.0962,-2.33E-06
-87.0962,-2.33E-06
-87.0963,-2.33E-06
-87.0963,-2.33E-06
-87.0963,-2.33E-06
-87.0964,-2.33E-06
-87.0964,-2.33E-06
-87.0964,-2.33E-06
-87.0964,-2.33E-06
-87.0965,-2.33E-06
-87.0965,-2.33E-06
-87.0965,-2.33E-06
-87.0966,-2.33E-06
-87.0966,-2.33E-06
-87.0966,-2.33E-06
-87.0966,-2.33E-06
-87.0967,-2.33E-06
-87.0967,-2.33E-06
-87.0967,-2.33E-06
-87.0968,-2.33E-06
-87.0968,-2.33E-06
-87.0968,-2.33E-06
-87.0969,-2.33E-06
-87.0969,-2.33E-06
-87.0969,-2.33E-06
-87.0969,-2.33E-06
-87.097,-2.33E-06
-87.097,-2.33E-06
-87.097,-2.33E-06
-87.0971,-2.33E-06
-87.0971,-2.33E-06
-87.0971,-2.33E-06
-87.0971,-2.33E-06
-87.0972,-2.33E-06
-87.0972,-2.33E-06
-87.0972,-2.33E-06
-87.0973,-2.33E-06
-87.0973,-2.33E-06
-87.0973,-2.33E-06
-87.0973,-2.33E-06
-87.0974,-2.33E-06
-87.0974,-2.33E-06
-87.0974,-2.33E-06
-87.0975,-2.33E-06
-87.0975,-2.33E-06
-87.0975,-2.33E-06
-87.0975,-2.33E-06
-87.0976,-2.33E-06
-87.0976,-2.33E-06
-87.0976,-2.33E-06
-87.0977,-2.33E-06
-87.0977,-2.33E-06
-87.0977,-2.33E-06
-87.0977,-2.33E-06
-87.0978,-2.33E-06
-87.0978,-2.33E-06
-87.0978,-2.33E-06
-87.0979,-2.33E-06
-87.0979,-2.33E-06
-87.0979,-2.33E-06
-87.0979,-2.33E-06
-87.098,-2.33E-06
-87.098,-2.33E-06
-87.098,-2.33E-06
-87.0981,-2.33E-06
-87.0981,-2.33E-06
-87.0981,-2.33E-06
-87.0982,-2.33E-06
-87.0982,-2.33E-06
-87.0982,-2.33E-06
-87.0982,-2.33E-06
-87.0983,-2.33E-06
-87.0983,-2.33E-06
-87.0983,-2.33E-06
-87.0984,-2.33E-06
-87.0984,-2.33E-06
-87.0984,-2.33E-06
-87.0984,-2.33E-06
-87.0985,-2.33E-06
-87.0985,-2.33E-06
-87.0985,-2.33E-06
-87.0986,-2.33E-06
-87.0986,-2.33E-06
-87.0986,-2.33E-06
-87.0986,-2.33E-06
-87.0987,-2.33E-06
-87.0987,-2.33E-06
-87.0987,-2.33E-06
-87.0988,-2.33E-06
-87.0988,-2.33E-06
-87.0988,-2.33E-06
-87.0988,-2.33E-06
-87.0989,-2.33E-06
-87.0989,-2.33E-06
-87.0989,-2.33E-06
-87.099,-2.33E-06
-87.099,-2.33E-06
-87.099,-2.33E-06
-87.099,-2.33E-06
-87.0991,-2.33E-06
-87.0991,-2.33E-06
-87.0991,-2.33E-06
-87.0992,-2.33E-06
-87.0992,-2.33E-06
-87.0992,-2.33E-06
-87.0992,-2.33E-06
-87.0993,-2.33E-06
-87.0993,-2.33E-06
-87.0993,-2.33E-06
-87.0994,-2.33E-06
-87.0994,-2.33E-06
-87.0994,-2.33E-06
-87.0994,-2.33E-06
-87.0995,-2.33E-06
-87.0995,-2.33E-06
-87.0995,-2.33E-06
-87.0996,-2.33E-06
-87.0996,-2.33E-06
-87.0996,-2.33E-06
-87.0996,-2.33E-06
-87.0997,-2.33E-06
-87.0997,-2.33E-06
-87.0997,-2.33E-06
-87.0998,-2.33E-06
-87.0998,-2.33E-06
-87.0998,-2.33E-06
-87.0998,-2.33E-06
-87.0999,-2.33E-06
-87.0999,-2.33E-06
-87.0999,-2.33E-06
-87.1,-2.33E-06
-87.1,-2.33E-06
-87.1,-2.33E-06
-87.1,-2.33E-06
-87.1001,-2.33E-06
-87.1001,-2.33E-06
-87.1001,-2.33E-06
-87.1002,-2.33E-06
-87.1002,-2.33E-06
-87.1002,-2.33E-06
-87.1002,-2.33E-06
-87.1003,-2.33E-06
-87.1003,-2.32E-06
-87.1003,-2.32E-06
-87.1004,-2.32E-06
-87.1004,-2.32E-06
-87.1004,-2.32E-06
-87.1004,-2.32E-06
-87.1005,-2.32E-06
-87.1005,-2.32E-06
-87.1005,-2.32E-06
-87.1006,-2.32E-06
-87.1006,-2.32E-06
-87.1006,-2.32E-06
-87.1006,-2.32E-06
-87.1007,-2.32E-06
-87.1007,-2.32E-06
-87.1007,-2.32E-06
-87.1008,-2.32E-06
-87.1008,-2.32E-06
-87.1008,-2.32E-06
-87.1008,-2.32E-06
-87.1009,-2.32E-06
-87.1009,-2.32E-06
-87.1009,-2.32E-06
-87.101,-2.32E-06
-87.101,-2.32E-06
-87.101,-2.32E-06
-87.101,-2.32E-06
-87.1011,-2.32E-06
-87.1011,-2.32E-06
-87.1011,-2.32E-06
-87.1012,-2.32E-06
-87.1012,-2.32E-06
-87.1012,-2.32E-06
-87.1012,-2.32E-06
-87.1013,-2.32E-06
-87.1013,-2.32E-06
-87.1013,-2.32E-06
-87.1014,-2.32E-06
-87.1014,-2.32E-06
-87.1014,-2.32E-06
-87.1014,-2.32E-06
-87.1015,-2.32E-06
-87.1015,-2.32E-06
-87.1015,-2.32E-06
-87.1015,-2.32E-06
-87.1016,-2.32E-06
-87.1016,-2.32E-06
-87.1016,-2.32E-06
-87.1017,-2.32E-06
-87.1017,-2.32E-06
-87.1017,-2.32E-06
-87.1017,-2.32E-06
-87.1018,-2.32E-06
-87.1018,-2.32E-06
-87.1018,-2.32E-06
-87.1019,-2.32E-06
-87.1019,-2.32E-06
-87.1019,-2.32E-06
-87.1019,-2.32E-06
-87.102,-2.32E-06
-87.102,-2.32E-06
-87.102,-2.32E-06
-87.1021,-2.32E-06
-87.1021,-2.32E-06
-87.1021,-2.32E-06
-87.1021,-2.32E-06
-87.1022,-2.32E-06
-87.1022,-2.32E-06
-87.1022,-2.32E-06
-87.1023,-2.32E-06
-87.1023,-2.32E-06
-87.1023,-2.32E-06
-87.1023,-2.32E-06
-87.1024,-2.32E-06
-87.1024,-2.32E-06
-87.1024,-2.32E-06
-87.1025,-2.32E-06
-87.1025,-2.32E-06
-87.1025,-2.32E-06
-87.1025,-2.32E-06
-87.1026,-2.32E-06
-87.1026,-2.32E-06
-87.1026,-2.32E-06
-87.1027,-2.32E-06
-87.1027,-2.32E-06
-87.1027,-2.32E-06
-87.1027,-2.32E-06
-87.1028,-2.32E-06
-87.1028,-2.32E-06
-87.1028,-2.32E-06
-87.1028,-2.32E-06
-87.1029,-2.32E-06
-87.1029,-2.32E-06
-87.1029,-2.32E-06
-87.103,-2.32E-06
-87.103,-2.32E-06
-87.103,-2.32E-06
-87.103,-2.32E-06
-87.1031,-2.32E-06
-87.1031,-2.32E-06
-87.1031,-2.32E-06
-87.1032,-2.32E-06
-87.1032,-2.32E-06
-87.1032,-2.32E-06
-87.1032,-2.32E-06
-87.1033,-2.32E-06
-87.1033,-2.32E-06
-87.1033,-2.32E-06
-87.1034,-2.32E-06
-87.1034,-2.32E-06
-87.1034,-2.32E-06
-87.1034,-2.32E-06
-87.1035,-2.32E-06
-87.1035,-2.32E-06
-87.1035,-2.32E-06
-87.1036,-2.32E-06
-87.1036,-2.32E-06
-87.1036,-2.32E-06
-87.1036,-2.32E-06
-87.1037,-2.32E-06
-87.1037,-2.32E-06
-87.1037,-2.32E-06
-87.1037,-2.32E-06
-87.1038,-2.32E-06
-87.1038,-2.32E-06
-87.1038,-2.32E-06
-87.1039,-2.32E-06
-87.1039,-2.32E-06
-87.1039,-2.32E-06
-87.1039,-2.32E-06
-87.104,-2.32E-06
-87.104,-2.32E-06
-87.104,-2.32E-06
-87.1041,-2.32E-06
-87.1041,-2.32E-06
-87.1041,-2.32E-06
-87.1041,-2.32E-06
-87.1042,-2.32E-06
-87.1042,-2.32E-06
-87.1042,-2.32E-06
-87.1043,-2.32E-06
-87.1043,-2.32E-06
-87.1043,-2.32E-06
-87.1043,-2.32E-06
-87.1044,-2.32E-06
-87.1044,-2.32E-06
-87.1044,-2.32E-06
-87.1044,-2.32E-06
-87.1045,-2.32E-06
-87.1045,-2.32E-06
-87.1045,-2.32E-06
-87.1046,-2.32E-06
-87.1046,-2.32E-06
-87.1046,-2.32E-06
-87.1046,-2.32E-06
-87.1047,-2.32E-06
-87.1047,-2.32E-06
-87.1047,-2.32E-06
-87.1048,-2.32E-06
-87.1048,-2.32E-06
-87.1048,-2.32E-06
-87.1048,-2.32E-06
-87.1049,-2.32E-06
-87.1049,-2.32E-06
-87.1049,-2.32E-06
-87.1049,-2.32E-06
-87.105,-2.32E-06
-87.105,-2.32E-06
-87.105,-2.32E-06
-87.1051,-2.32E-06
-87.1051,-2.32E-06
-87.1051,-2.32E-06
-87.1051,-2.32E-06
-87.1052,-2.32E-06
-87.1052,-2.32E-06
-87.1052,-2.32E-06
-87.1053,-2.32E-06
-87.1053,-2.32E-06
-87.1053,-2.32E-06
-87.1053,-2.32E-06
-87.1054,-2.32E-06
-87.1054,-2.32E-06
-87.1054,-2.32E-06
-87.1054,-2.32E-06
-87.1055,-2.32E-06
-87.1055,-2.32E-06
-87.1055,-2.32E-06
-87.1056,-2.32E-06
-87.1056,-2.32E-06
-87.1056,-2.32E-06
-87.1056,-2.32E-06
-87.1057,-2.32E-06
-87.1057,-2.32E-06
-87.1057,-2.32E-06
-87.1058,-2.32E-06
-87.1058,-2.32E-06
-87.1058,-2.32E-06
-87.1058,-2.32E-06
-87.1059,-2.32E-06
-87.1059,-2.32E-06
-87.1059,-2.32E-06
-87.1059,-2.32E-06
-87.106,-2.32E-06
-87.106,-2.32E-06
-87.106,-2.32E-06
-87.1061,-2.32E-06
-87.1061,-2.32E-06
-87.1061,-2.32E-06
-87.1061,-2.32E-06
-87.1062,-2.32E-06
-87.1062,-2.32E-06
-87.1062,-2.32E-06
-87.1063,-2.32E-06
-87.1063,-2.32E-06
-87.1063,-2.32E-06
-87.1063,-2.32E-06
-87.1064,-2.32E-06
-87.1064,-2.32E-06
-87.1064,-2.32E-06
-87.1064,-2.32E-06
-87.1065,-2.32E-06
-87.1065,-2.32E-06
-87.1065,-2.32E-06
-87.1066,-2.32E-06
-87.1066,-2.32E-06
-87.1066,-2.32E-06
-87.1066,-2.32E-06
-87.1067,-2.32E-06
-87.1067,-2.32E-06
-87.1067,-2.32E-06
-87.1067,-2.32E-06
-87.1068,-2.32E-06
-87.1068,-2.32E-06
-87.1068,-2.32E-06
-87.1069,-2.32E-06
-87.1069,-2.32E-06
-87.1069,-2.32E-06
-87.1069,-2.32E-06
-87.107,-2.32E-06
-87.107,-2.32E-06
-87.107,-2.32E-06
-87.1071,-2.32E-06
-87.1071,-2.32E-06
-87.1071,-2.32E-06
-87.1071,-2.32E-06
-87.1072,-2.32E-06
-87.1072,-2.32E-06
-87.1072,-2.32E-06
-87.1072,-2.32E-06
-87.1073,-2.32E-06
-87.1073,-2.32E-06
-87.1073,-2.32E-06
-87.1074,-2.32E-06
-87.1074,-2.32E-06
-87.1074,-2.32E-06
-87.1074,-2.32E-06
-87.1075,-2.32E-06
-87.1075,-2.32E-06
-87.1075,-2.32E-06
-87.1075,-2.32E-06
-87.1076,-2.32E-06
-87.1076,-2.32E-06
-87.1076,-2.32E-06
-87.1077,-2.32E-06
-87.1077,-2.32E-06
-87.1077,-2.32E-06
-87.1077,-2.32E-06
-87.1078,-2.32E-06
-87.1078,-2.32E-06
-87.1078,-2.32E-06
-87.1078,-2.32E-06
-87.1079,-2.32E-06
-87.1079,-2.32E-06
-87.1079,-2.32E-06
-87.108,-2.32E-06
-87.108,-2.32E-06
-87.108,-2.32E-06
-87.108,-2.32E-06
-87.1081,-2.32E-06
-87.1081,-2.32E-06
-87.1081,-2.32E-06
-87.1082,-2.32E-06
-87.1082,-2.32E-06
-87.1082,-2.32E-06
-87.1082,-2.32E-06
-87.1083,-2.32E-06
-87.1083,-2.32E-06
-87.1083,-2.32E-06
-87.1083,-2.32E-06
-87.1084,-2.32E-06
-87.1084,-2.32E-06
-87.1084,-2.32E-06
-87.1085,-2.32E-06
-87.1085,-2.32E-06
-87.1085,-2.32E-06
-87.1085,-2.32E-06
-87.1086,-2.32E-06
-87.1086,-2.32E-06
-87.1086,-2.32E-06
-87.1086,-2.32E-06
-87.1087,-2.32E-06
-87.1087,-2.32E-06
-87.1087,-2.32E-06
-87.1088,-2.32E-06
-87.1088,-2.32E-06
-87.1088,-2.32E-06
-87.1088,-2.32E-06
-87.1089,-2.32E-06
-87.1089,-2.32E-06
-87.1089,-2.32E-06
-87.1089,-2.32E-06
-87.109,-2.32E-06
-87.109,-2.32E-06
-87.109,-2.32E-06
-87.1091,-2.31E-06
-87.1091,-2.31E-06
-87.1091,-2.31E-06
-87.1091,-2.31E-06
-87.1092,-2.31E-06
-87.1092,-2.31E-06
-87.1092,-2.31E-06
-87.1092,-2.31E-06
-87.1093,-2.31E-06
-87.1093,-2.31E-06
-87.1093,-2.31E-06
-87.1094,-2.31E-06
-87.1094,-2.31E-06
-87.1094,-2.31E-06
-87.1094,-2.31E-06
-87.1095,-2.31E-06
-87.1095,-2.31E-06
-87.1095,-2.31E-06
-87.1095,-2.31E-06
-87.1096,-2.31E-06
-87.1096,-2.31E-06
-87.1096,-2.31E-06
-87.1097,-2.31E-06
-87.1097,-2.31E-06
-87.1097,-2.31E-06
-87.1097,-2.31E-06
-87.1098,-2.31E-06
-87.1098,-2.31E-06
-87.1098,-2.31E-06
-87.1098,-2.31E-06
-87.1099,-2.31E-06
-87.1099,-2.31E-06
-87.1099,-2.31E-06
-87.11,-2.31E-06
-87.11,-2.31E-06
-87.11,-2.31E-06
-87.11,-2.31E-06
-87.1101,-2.31E-06
-87.1101,-2.31E-06
-87.1101,-2.31E-06
-87.1101,-2.31E-06
-87.1102,-2.31E-06
-87.1102,-2.31E-06
-87.1102,-2.31E-06
-87.1103,-2.31E-06
-87.1103,-2.31E-06
-87.1103,-2.31E-06
-87.1103,-2.31E-06
-87.1104,-2.31E-06
-87.1104,-2.31E-06
-87.1104,-2.31E-06
-87.1104,-2.31E-06
-87.1105,-2.31E-06
-87.1105,-2.31E-06
-87.1105,-2.31E-06
-87.1105,-2.31E-06
-87.1106,-2.31E-06
-87.1106,-2.31E-06
-87.1106,-2.31E-06
-87.1107,-2.31E-06
-87.1107,-2.31E-06
-87.1107,-2.31E-06
-87.1107,-2.31E-06
-87.1108,-2.31E-06
-87.1108,-2.31E-06
-87.1108,-2.31E-06
-87.1108,-2.31E-06
-87.1109,-2.31E-06
-87.1109,-2.31E-06
-87.1109,-2.31E-06
-87.111,-2.31E-06
-87.111,-2.31E-06
-87.111,-2.31E-06
-87.111,-2.31E-06
-87.1111,-2.31E-06
-87.1111,-2.31E-06
-87.1111,-2.31E-06
-87.1111,-2.31E-06
-87.1112,-2.31E-06
-87.1112,-2.31E-06
-87.1112,-2.31E-06
-87.1113,-2.31E-06
-87.1113,-2.31E-06
-87.1113,-2.31E-06
-87.1113,-2.31E-06
-87.1114,-2.31E-06
-87.1114,-2.31E-06
-87.1114,-2.31E-06
-87.1114,-2.31E-06
-87.1115,-2.31E-06
-87.1115,-2.31E-06
-87.1115,-2.31E-06
-87.1115,-2.31E-06
-87.1116,-2.31E-06
-87.1116,-2.31E-06
-87.1116,-2.31E-06
-87.1117,-2.31E-06
-87.1117,-2.31E-06
-87.1117,-2.31E-06
-87.1117,-2.31E-06
-87.1118,-2.31E-06
-87.1118,-2.31E-06
-87.1118,-2.31E-06
-87.1118,-2.31E-06
-87.1119,-2.31E-06
-87.1119,-2.31E-06
-87.1119,-2.31E-06
-87.112,-2.31E-06
-87.112,-2.31E-06
-87.112,-2.31E-06
-87.112,-2.31E-06
-87.1121,-2.31E-06
-87.1121,-2.31E-06
-87.1121,-2.31E-06
-87.1121,-2.31E-06
-87.1122,-2.31E-06
-87.1122,-2.31E-06
-87.1122,-2.31E-06
-87.1122,-2.31E-06
-87.1123,-2.31E-06
-87.1123,-2.31E-06
-87.1123,-2.31E-06
-87.1124,-2.31E-06
-87.1124,-2.31E-06
-87.1124,-2.31E-06
-87.1124,-2.31E-06
-87.1125,-2.31E-06
-87.1125,-2.31E-06
-87.1125,-2.31E-06
-87.1125,-2.31E-06
-87.1126,-2.31E-06
-87.1126,-2.31E-06
-87.1126,-2.31E-06
-87.1126,-2.31E-06
-87.1127,-2.31E-06
-87.1127,-2.31E-06
-87.1127,-2.31E-06
-87.1128,-2.31E-06
-87.1128,-2.31E-06
-87.1128,-2.31E-06
-87.1128,-2.31E-06
-87.1129,-2.31E-06
-87.1129,-2.31E-06
-87.1129,-2.31E-06
-87.1129,-2.31E-06
-87.113,-2.31E-06
-87.113,-2.31E-06
-87.113,-2.31E-06
-87.113,-2.31E-06
-87.1131,-2.31E-06
-87.1131,-2.31E-06
-87.1131,-2.31E-06
-87.1132,-2.31E-06
-87.1132,-2.31E-06
-87.1132,-2.31E-06
-87.1132,-2.31E-06
-87.1133,-2.31E-06
-87.1133,-2.31E-06
-87.1133,-2.31E-06
-87.1133,-2.31E-06
-87.1134,-2.31E-06
-87.1134,-2.31E-06
-87.1134,-2.31E-06
-87.1134,-2.31E-06
-87.1135,-2.31E-06
-87.1135,-2.31E-06
-87.1135,-2.31E-06
-87.1136,-2.31E-06
-87.1136,-2.31E-06
-87.1136,-2.31E-06
-87.1136,-2.31E-06
-87.1137,-2.31E-06
-87.1137,-2.31E-06
-87.1137,-2.31E-06
-87.1137,-2.31E-06
-87.1138,-2.31E-06
-87.1138,-2.31E-06
-87.1138,-2.31E-06
-87.1138,-2.31E-06
-87.1139,-2.31E-06
-87.1139,-2.31E-06
-87.1139,-2.31E-06
-87.114,-2.31E-06
-87.114,-2.31E-06
-87.114,-2.31E-06
-87.114,-2.31E-06
-87.1141,-2.31E-06
-87.1141,-2.31E-06
-87.1141,-2.31E-06
-87.1141,-2.31E-06
-87.1142,-2.31E-06
-87.1142,-2.31E-06
-87.1142,-2.31E-06
-87.1142,-2.31E-06
-87.1143,-2.31E-06
-87.1143,-2.31E-06
-87.1143,-2.31E-06
-87.1144,-2.31E-06
-87.1144,-2.31E-06
-87.1144,-2.31E-06
-87.1144,-2.31E-06
-87.1145,-2.31E-06
-87.1145,-2.31E-06
-87.1145,-2.31E-06
-87.1145,-2.31E-06
-87.1146,-2.31E-06
-87.1146,-2.31E-06
-87.1146,-2.31E-06
-87.1146,-2.31E-06
-87.1147,-2.31E-06
-87.1147,-2.31E-06
-87.1147,-2.31E-06
-87.1148,-2.31E-06
-87.1148,-2.31E-06
-87.1148,-2.31E-06
-87.1148,-2.31E-06
-87.1149,-2.31E-06
-87.1149,-2.31E-06
-87.1149,-2.31E-06
-87.1149,-2.31E-06
-87.115,-2.31E-06
-87.115,-2.31E-06
-87.115,-2.31E-06
-87.115,-2.31E-06
-87.1151,-2.31E-06
-87.1151,-2.31E-06
-87.1151,-2.31E-06
-87.1151,-2.31E-06
-87.1152,-2.31E-06
-87.1152,-2.31E-06
-87.1152,-2.31E-06
-87.1153,-2.31E-06
-87.1153,-2.31E-06
-87.1153,-2.31E-06
-87.1153,-2.31E-06
-87.1154,-2.31E-06
-87.1154,-2.31E-06
-87.1154,-2.31E-06
-87.1154,-2.31E-06
-87.1155,-2.31E-06
-87.1155,-2.31E-06
-87.1155,-2.31E-06
-87.1155,-2.31E-06
-87.1156,-2.31E-06
-87.1156,-2.31E-06
-87.1156,-2.31E-06
-87.1156,-2.31E-06
-87.1157,-2.31E-06
-87.1157,-2.31E-06
-87.1157,-2.31E-06
-87.1158,-2.31E-06
-87.1158,-2.31E-06
-87.1158,-2.31E-06
-87.1158,-2.31E-06
-87.1159,-2.31E-06
-87.1159,-2.31E-06
-87.1159,-2.31E-06
-87.1159,-2.31E-06
-87.116,-2.31E-06
-87.116,-2.31E-06
-87.116,-2.31E-06
-87.116,-2.31E-06
-87.1161,-2.31E-06
-87.1161,-2.31E-06
-87.1161,-2.31E-06
-87.1162,-2.31E-06
-87.1162,-2.31E-06
-87.1162,-2.31E-06
-87.1162,-2.31E-06
-87.1163,-2.31E-06
-87.1163,-2.31E-06
-87.1163,-2.31E-06
-87.1163,-2.31E-06
-87.1164,-2.31E-06
-87.1164,-2.31E-06
-87.1164,-2.31E-06
-87.1164,-2.31E-06
-87.1165,-2.31E-06
-87.1165,-2.31E-06
-87.1165,-2.31E-06
-87.1165,-2.31E-06
-87.1166,-2.31E-06
-87.1166,-2.31E-06
-87.1166,-2.31E-06
-87.1166,-2.31E-06
-87.1167,-2.31E-06
-87.1167,-2.31E-06
-87.1167,-2.31E-06
-87.1168,-2.31E-06
-87.1168,-2.31E-06
-87.1168,-2.31E-06
-87.1168,-2.31E-06
-87.1169,-2.31E-06
-87.1169,-2.31E-06
-87.1169,-2.31E-06
-87.1169,-2.31E-06
-87.117,-2.31E-06
-87.117,-2.31E-06
-87.117,-2.31E-06
-87.117,-2.31E-06
-87.1171,-2.31E-06
-87.1171,-2.31E-06
-87.1171,-2.31E-06
-87.1171,-2.31E-06
-87.1172,-2.31E-06
-87.1172,-2.31E-06
-87.1172,-2.31E-06
-87.1173,-2.31E-06
-87.1173,-2.31E-06
-87.1173,-2.31E-06
-87.1173,-2.31E-06
-87.1174,-2.31E-06
-87.1174,-2.31E-06
-87.1174,-2.31E-06
-87.1174,-2.31E-06
-87.1175,-2.31E-06
-87.1175,-2.31E-06
-87.1175,-2.31E-06
-87.1175,-2.31E-06
-87.1176,-2.31E-06
-87.1176,-2.31E-06
-87.1176,-2.31E-06
-87.1176,-2.31E-06
-87.1177,-2.31E-06
-87.1177,-2.31E-06
-87.1177,-2.31E-06
-87.1177,-2.31E-06
-87.1178,-2.31E-06
-87.1178,-2.31E-06
-87.1178,-2.31E-06
-87.1179,-2.30E-06
-87.1179,-2.30E-06
-87.1179,-2.30E-06
-87.1179,-2.30E-06
-87.118,-2.30E-06
-87.118,-2.30E-06
-87.118,-2.30E-06
-87.118,-2.30E-06
-87.1181,-2.30E-06
-87.1181,-2.30E-06
-87.1181,-2.30E-06
-87.1181,-2.30E-06
-87.1182,-2.30E-06
-87.1182,-2.30E-06
-87.1182,-2.30E-06
-87.1182,-2.30E-06
-87.1183,-2.30E-06
-87.1183,-2.30E-06
-87.1183,-2.30E-06
-87.1183,-2.30E-06
-87.1184,-2.30E-06
-87.1184,-2.30E-06
-87.1184,-2.30E-06
-87.1184,-2.30E-06
-87.1185,-2.30E-06
-87.1185,-2.30E-06
-87.1185,-2.30E-06
-87.1186,-2.30E-06
-87.1186,-2.30E-06
-87.1186,-2.30E-06
-87.1186,-2.30E-06
-87.1187,-2.30E-06
-87.1187,-2.30E-06
-87.1187,-2.30E-06
-87.1187,-2.30E-06
-87.1188,-2.30E-06
-87.1188,-2.30E-06
-87.1188,-2.30E-06
-87.1188,-2.30E-06
-87.1189,-2.30E-06
-87.1189,-2.30E-06
-87.1189,-2.30E-06
-87.1189,-2.30E-06
-87.119,-2.30E-06
-87.119,-2.30E-06
-87.119,-2.30E-06
-87.119,-2.30E-06
-87.1191,-2.30E-06
-87.1191,-2.30E-06
-87.1191,-2.30E-06
-87.1191,-2.30E-06
-87.1192,-2.30E-06
-87.1192,-2.30E-06
-87.1192,-2.30E-06
-87.1193,-2.30E-06
-87.1193,-2.30E-06
-87.1193,-2.30E-06
-87.1193,-2.30E-06
-87.1194,-2.30E-06
-87.1194,-2.30E-06
-87.1194,-2.30E-06
-87.1194,-2.30E-06
-87.1195,-2.30E-06
-87.1195,-2.30E-06
-87.1195,-2.30E-06
-87.1195,-2.30E-06
-87.1196,-2.30E-06
-87.1196,-2.30E-06
-87.1196,-2.30E-06
-87.1196,-2.30E-06
-87.1197,-2.30E-06
-87.1197,-2.30E-06
-87.1197,-2.30E-06
-87.1197,-2.30E-06
-87.1198,-2.30E-06
-87.1198,-2.30E-06
-87.1198,-2.30E-06
-87.1198,-2.30E-06
-87.1199,-2.30E-06
-87.1199,-2.30E-06
-87.1199,-2.30E-06
-87.12,-2.30E-06
-87.12,-2.30E-06
-87.12,-2.30E-06
-87.12,-2.30E-06
-87.1201,-2.30E-06
-87.1201,-2.30E-06
-87.1201,-2.30E-06
-87.1201,-2.30E-06
-87.1202,-2.30E-06
-87.1202,-2.30E-06
-87.1202,-2.30E-06
-87.1202,-2.30E-06
-87.1203,-2.30E-06
-87.1203,-2.30E-06
-87.1203,-2.30E-06
-87.1203,-2.30E-06
-87.1204,-2.30E-06
-87.1204,-2.30E-06
-87.1204,-2.30E-06
-87.1204,-2.30E-06
-87.1205,-2.30E-06
-87.1205,-2.30E-06
-87.1205,-2.30E-06
-87.1205,-2.30E-06
-87.1206,-2.30E-06
-87.1206,-2.30E-06
-87.1206,-2.30E-06
-87.1206,-2.30E-06
-87.1207,-2.30E-06
-87.1207,-2.30E-06
-87.1207,-2.30E-06
-87.1207,-2.30E-06
-87.1208,-2.30E-06
-87.1208,-2.30E-06
-87.1208,-2.30E-06
-87.1209,-2.30E-06
-87.1209,-2.30E-06
-87.1209,-2.30E-06
-87.1209,-2.30E-06
-87.121,-2.30E-06
-87.121,-2.30E-06
-87.121,-2.30E-06
-87.121,-2.30E-06
-87.1211,-2.30E-06
-87.1211,-2.30E-06
-87.1211,-2.30E-06
-87.1211,-2.30E-06
-87.1212,-2.30E-06
-87.1212,-2.30E-06
-87.1212,-2.30E-06
-87.1212,-2.30E-06
-87.1213,-2.30E-06
-87.1213,-2.30E-06
-87.1213,-2.30E-06
-87.1213,-2.30E-06
-87.1214,-2.30E-06
-87.1214,-2.30E-06
-87.1214,-2.30E-06
-87.1214,-2.30E-06
-87.1215,-2.30E-06
-87.1215,-2.30E-06
-87.1215,-2.30E-06
-87.1215,-2.30E-06
-87.1216,-2.30E-06
-87.1216,-2.30E-06
-87.1216,-2.30E-06
-87.1216,-2.30E-06
-87.1217,-2.30E-06
-87.1217,-2.30E-06
-87.1217,-2.30E-06
-87.1217,-2.30E-06
-87.1218,-2.30E-06
-87.1218,-2.30E-06
-87.1218,-2.30E-06
-87.1218,-2.30E-06
-87.1219,-2.30E-06
-87.1219,-2.30E-06
-87.1219,-2.30E-06
-87.1219,-2.30E-06
-87.122,-2.30E-06
-87.122,-2.30E-06
-87.122,-2.30E-06
-87.1221,-2.30E-06
-87.1221,-2.30E-06
-87.1221,-2.30E-06
-87.1221,-2.30E-06
-87.1222,-2.30E-06
-87.1222,-2.30E-06
-87.1222,-2.30E-06
-87.1222,-2.30E-06
-87.1223,-2.30E-06
-87.1223,-2.30E-06
-87.1223,-2.30E-06
-87.1223,-2.30E-06
-87.1224,-2.30E-06
-87.1224,-2.30E-06
-87.1224,-2.30E-06
-87.1224,-2.30E-06
-87.1225,-2.30E-06
-87.1225,-2.30E-06
-87.1225,-2.30E-06
-87.1225,-2.30E-06
-87.1226,-2.30E-06
-87.1226,-2.30E-06
-87.1226,-2.30E-06
-87.1226,-2.30E-06
-87.1227,-2.30E-06
-87.1227,-2.30E-06
-87.1227,-2.30E-06
-87.1227,-2.30E-06
-87.1228,-2.30E-06
-87.1228,-2.30E-06
-87.1228,-2.30E-06
-87.1228,-2.30E-06
-87.1229,-2.30E-06
-87.1229,-2.30E-06
-87.1229,-2.30E-06
-87.1229,-2.30E-06
-87.123,-2.30E-06
-87.123,-2.30E-06
-87.123,-2.30E-06
-87.123,-2.30E-06
-87.1231,-2.30E-06
-87.1231,-2.30E-06
-87.1231,-2.30E-06
-87.1231,-2.30E-06
-87.1232,-2.30E-06
-87.1232,-2.30E-06
-87.1232,-2.30E-06
-87.1232,-2.30E-06
-87.1233,-2.30E-06
-87.1233,-2.30E-06
-87.1233,-2.30E-06
-87.1233,-2.30E-06
-87.1234,-2.30E-06
-87.1234,-2.30E-06
-87.1234,-2.30E-06
-87.1234,-2.30E-06
-87.1235,-2.30E-06
-87.1235,-2.30E-06
-87.1235,-2.30E-06
-87.1235,-2.30E-06
-87.1236,-2.30E-06
-87.1236,-2.30E-06
-87.1236,-2.30E-06
-87.1237,-2.30E-06
-87.1237,-2.30E-06
-87.1237,-2.30E-06
-87.1237,-2.30E-06
-87.1238,-2.30E-06
-87.1238,-2.30E-06
-87.1238,-2.30E-06
-87.1238,-2.30E-06
-87.1239,-2.30E-06
-87.1239,-2.30E-06
-87.1239,-2.30E-06
-87.1239,-2.30E-06
-87.124,-2.30E-06
-87.124,-2.30E-06
-87.124,-2.30E-06
-87.124,-2.30E-06
-87.1241,-2.30E-06
-87.1241,-2.30E-06
-87.1241,-2.30E-06
-87.1241,-2.30E-06
-87.1242,-2.30E-06
-87.1242,-2.30E-06
-87.1242,-2.30E-06
-87.1242,-2.30E-06
-87.1243,-2.30E-06
-87.1243,-2.30E-06
-87.1243,-2.30E-06
-87.1243,-2.30E-06
-87.1244,-2.30E-06
-87.1244,-2.30E-06
-87.1244,-2.30E-06
-87.1244,-2.30E-06
-87.1245,-2.30E-06
-87.1245,-2.30E-06
-87.1245,-2.30E-06
-87.1245,-2.30E-06
-87.1246,-2.30E-06
-87.1246,-2.30E-06
-87.1246,-2.30E-06
-87.1246,-2.30E-06
-87.1247,-2.30E-06
-87.1247,-2.30E-06
-87.1247,-2.30E-06
-87.1247,-2.30E-06
-87.1248,-2.30E-06
-87.1248,-2.30E-06
-87.1248,-2.30E-06
-87.1248,-2.30E-06
-87.1249,-2.30E-06
-87.1249,-2.30E-06
-87.1249,-2.30E-06
-87.1249,-2.30E-06
-87.125,-2.30E-06
-87.125,-2.30E-06
-87.125,-2.30E-06
-87.125,-2.30E-06
-87.1251,-2.30E-06
-87.1251,-2.30E-06
-87.1251,-2.30E-06
-87.1251,-2.30E-06
-87.1252,-2.30E-06
-87.1252,-2.30E-06
-87.1252,-2.30E-06
-87.1252,-2.30E-06
-87.1253,-2.30E-06
-87.1253,-2.30E-06
-87.1253,-2.30E-06
-87.1253,-2.30E-06
-87.1254,-2.30E-06
-87.1254,-2.30E-06
-87.1254,-2.30E-06
-87.1254,-2.30E-06
-87.1255,-2.30E-06
-87.1255,-2.30E-06
-87.1255,-2.30E-06
-87.1255,-2.30E-06
-87.1256,-2.30E-06
-87.1256,-2.30E-06
-87.1256,-2.30E-06
-87.1256,-2.30E-06
-87.1257,-2.30E-06
-87.1257,-2.30E-06
-87.1257,-2.30E-06
-87.1257,-2.30E-06
-87.1258,-2.30E-06
-87.1258,-2.30E-06
-87.1258,-2.30E-06
-87.1258,-2.30E-06
-87.1259,-2.30E-06
-87.1259,-2.30E-06
-87.1259,-2.30E-06
-87.1259,-2.30E-06
-87.126,-2.30E-06
-87.126,-2.30E-06
-87.126,-2.30E-06
-87.126,-2.30E-06
-87.1261,-2.30E-06
-87.1261,-2.30E-06
-87.1261,-2.30E-06
-87.1261,-2.30E-06
-87.1262,-2.30E-06
-87.1262,-2.30E-06
-87.1262,-2.30E-06
-87.1262,-2.30E-06
-87.1263,-2.30E-06
-87.1263,-2.30E-06
-87.1263,-2.30E-06
-87.1263,-2.30E-06
-87.1264,-2.30E-06
-87.1264,-2.30E-06
-87.1264,-2.30E-06
-87.1264,-2.30E-06
-87.1265,-2.30E-06
-87.1265,-2.30E-06
-87.1265,-2.30E-06
-87.1265,-2.30E-06
-87.1266,-2.30E-06
-87.1266,-2.30E-06
-87.1266,-2.30E-06
-87.1266,-2.30E-06
-87.1267,-2.30E-06
-87.1267,-2.30E-06
-87.1267,-2.29E-06
-87.1267,-2.29E-06
-87.1268,-2.29E-06
-87.1268,-2.29E-06
-87.1268,-2.29E-06
-87.1268,-2.29E-06
-87.1269,-2.29E-06
-87.1269,-2.29E-06
-87.1269,-2.29E-06
-87.1269,-2.29E-06
-87.127,-2.29E-06
-87.127,-2.29E-06
-87.127,-2.29E-06
-87.127,-2.29E-06
-87.1271,-2.29E-06
-87.1271,-2.29E-06
-87.1271,-2.29E-06
-87.1271,-2.29E-06
-87.1272,-2.29E-06
-87.1272,-2.29E-06
-87.1272,-2.29E-06
-87.1272,-2.29E-06
-87.1273,-2.29E-06
-87.1273,-2.29E-06
-87.1273,-2.29E-06
-87.1273,-2.29E-06
-87.1274,-2.29E-06
-87.1274,-2.29E-06
-87.1274,-2.29E-06
-87.1274,-2.29E-06
-87.1275,-2.29E-06
-87.1275,-2.29E-06
-87.1275,-2.29E-06
-87.1275,-2.29E-06
-87.1276,-2.29E-06
-87.1276,-2.29E-06
-87.1276,-2.29E-06
-87.1276,-2.29E-06
-87.1276,-2.29E-06
-87.1277,-2.29E-06
-87.1277,-2.29E-06
-87.1277,-2.29E-06
-87.1277,-2.29E-06
-87.1278,-2.29E-06
-87.1278,-2.29E-06
-87.1278,-2.29E-06
-87.1278,-2.29E-06
-87.1279,-2.29E-06
-87.1279,-2.29E-06
-87.1279,-2.29E-06
-87.1279,-2.29E-06
-87.128,-2.29E-06
-87.128,-2.29E-06
-87.128,-2.29E-06
-87.128,-2.29E-06
-87.1281,-2.29E-06
-87.1281,-2.29E-06
-87.1281,-2.29E-06
-87.1281,-2.29E-06
-87.1282,-2.29E-06
-87.1282,-2.29E-06
-87.1282,-2.29E-06
-87.1282,-2.29E-06
-87.1283,-2.29E-06
-87.1283,-2.29E-06
-87.1283,-2.29E-06
-87.1283,-2.29E-06
-87.1284,-2.29E-06
-87.1284,-2.29E-06
-87.1284,-2.29E-06
-87.1284,-2.29E-06
-87.1285,-2.29E-06
-87.1285,-2.29E-06
-87.1285,-2.29E-06
-87.1285,-2.29E-06
-87.1286,-2.29E-06
-87.1286,-2.29E-06
-87.1286,-2.29E-06
-87.1286,-2.29E-06
-87.1287,-2.29E-06
-87.1287,-2.29E-06
-87.1287,-2.29E-06
-87.1287,-2.29E-06
-87.1288,-2.29E-06
-87.1288,-2.29E-06
-87.1288,-2.29E-06
-87.1288,-2.29E-06
-87.1289,-2.29E-06
-87.1289,-2.29E-06
-87.1289,-2.29E-06
-87.1289,-2.29E-06
-87.129,-2.29E-06
-87.129,-2.29E-06
-87.129,-2.29E-06
-87.129,-2.29E-06
-87.1291,-2.29E-06
-87.1291,-2.29E-06
-87.1291,-2.29E-06
-87.1291,-2.29E-06
-87.1292,-2.29E-06
-87.1292,-2.29E-06
-87.1292,-2.29E-06
-87.1292,-2.29E-06
-87.1292,-2.29E-06
-87.1293,-2.29E-06
-87.1293,-2.29E-06
-87.1293,-2.29E-06
-87.1293,-2.29E-06
-87.1294,-2.29E-06
-87.1294,-2.29E-06
-87.1294,-2.29E-06
-87.1294,-2.29E-06
-87.1295,-2.29E-06
-87.1295,-2.29E-06
-87.1295,-2.29E-06
-87.1295,-2.29E-06
-87.1296,-2.29E-06
-87.1296,-2.29E-06
-87.1296,-2.29E-06
-87.1296,-2.29E-06
-87.1297,-2.29E-06
-87.1297,-2.29E-06
-87.1297,-2.29E-06
-87.1297,-2.29E-06
-87.1298,-2.29E-06
-87.1298,-2.29E-06
-87.1298,-2.29E-06
-87.1298,-2.29E-06
-87.1299,-2.29E-06
-87.1299,-2.29E-06
-87.1299,-2.29E-06
-87.1299,-2.29E-06
-87.13,-2.29E-06
-87.13,-2.29E-06
-87.13,-2.29E-06
-87.13,-2.29E-06
-87.1301,-2.29E-06
-87.1301,-2.29E-06
-87.1301,-2.29E-06
-87.1301,-2.29E-06
-87.1302,-2.29E-06
-87.1302,-2.29E-06
-87.1302,-2.29E-06
-87.1302,-2.29E-06
-87.1303,-2.29E-06
-87.1303,-2.29E-06
-87.1303,-2.29E-06
-87.1303,-2.29E-06
-87.1303,-2.29E-06
-87.1304,-2.29E-06
-87.1304,-2.29E-06
-87.1304,-2.29E-06
-87.1304,-2.29E-06
-87.1305,-2.29E-06
-87.1305,-2.29E-06
-87.1305,-2.29E-06
-87.1305,-2.29E-06
-87.1306,-2.29E-06
-87.1306,-2.29E-06
-87.1306,-2.29E-06
-87.1306,-2.29E-06
-87.1307,-2.29E-06
-87.1307,-2.29E-06
-87.1307,-2.29E-06
-87.1307,-2.29E-06
-87.1308,-2.29E-06
-87.1308,-2.29E-06
-87.1308,-2.29E-06
-87.1308,-2.29E-06
-87.1309,-2.29E-06
-87.1309,-2.29E-06
-87.1309,-2.29E-06
-87.1309,-2.29E-06
-87.131,-2.29E-06
-87.131,-2.29E-06
-87.131,-2.29E-06
-87.131,-2.29E-06
-87.1311,-2.29E-06
-87.1311,-2.29E-06
-87.1311,-2.29E-06
-87.1311,-2.29E-06
-87.1312,-2.29E-06
-87.1312,-2.29E-06
-87.1312,-2.29E-06
-87.1312,-2.29E-06
-87.1312,-2.29E-06
-87.1313,-2.29E-06
-87.1313,-2.29E-06
-87.1313,-2.29E-06
-87.1313,-2.29E-06
-87.1314,-2.29E-06
-87.1314,-2.29E-06
-87.1314,-2.29E-06
-87.1314,-2.29E-06
-87.1315,-2.29E-06
-87.1315,-2.29E-06
-87.1315,-2.29E-06
-87.1315,-2.29E-06
-87.1316,-2.29E-06
-87.1316,-2.29E-06
-87.1316,-2.29E-06
-87.1316,-2.29E-06
-87.1317,-2.29E-06
-87.1317,-2.29E-06
-87.1317,-2.29E-06
-87.1317,-2.29E-06
-87.1318,-2.29E-06
-87.1318,-2.29E-06
-87.1318,-2.29E-06
-87.1318,-2.29E-06
-87.1319,-2.29E-06
-87.1319,-2.29E-06
-87.1319,-2.29E-06
-87.1319,-2.29E-06
-87.1319,-2.29E-06
-87.132,-2.29E-06
-87.132,-2.29E-06
-87.132,-2.29E-06
-87.132,-2.29E-06
-87.1321,-2.29E-06
-87.1321,-2.29E-06
-87.1321,-2.29E-06
-87.1321,-2.29E-06
-87.1322,-2.29E-06
-87.1322,-2.29E-06
-87.1322,-2.29E-06
-87.1322,-2.29E-06
-87.1323,-2.29E-06
-87.1323,-2.29E-06
-87.1323,-2.29E-06
-87.1323,-2.29E-06
-87.1324,-2.29E-06
-87.1324,-2.29E-06
-87.1324,-2.29E-06
-87.1324,-2.29E-06
-87.1325,-2.29E-06
-87.1325,-2.29E-06
-87.1325,-2.29E-06
-87.1325,-2.29E-06
-87.1326,-2.29E-06
-87.1326,-2.29E-06
-87.1326,-2.29E-06
-87.1326,-2.29E-06
-87.1326,-2.29E-06
-87.1327,-2.29E-06
-87.1327,-2.29E-06
-87.1327,-2.29E-06
-87.1327,-2.29E-06
-87.1328,-2.29E-06
-87.1328,-2.29E-06
-87.1328,-2.29E-06
-87.1328,-2.29E-06
-87.1329,-2.29E-06
-87.1329,-2.29E-06
-87.1329,-2.29E-06
-87.1329,-2.29E-06
-87.133,-2.29E-06
-87.133,-2.29E-06
-87.133,-2.29E-06
-87.133,-2.29E-06
-87.1331,-2.29E-06
-87.1331,-2.29E-06
-87.1331,-2.29E-06
-87.1331,-2.29E-06
-87.1332,-2.29E-06
-87.1332,-2.29E-06
-87.1332,-2.29E-06
-87.1332,-2.29E-06
-87.1332,-2.29E-06
-87.1333,-2.29E-06
-87.1333,-2.29E-06
-87.1333,-2.29E-06
-87.1333,-2.29E-06
-87.1334,-2.29E-06
-87.1334,-2.29E-06
-87.1334,-2.29E-06
-87.1334,-2.29E-06
-87.1335,-2.29E-06
-87.1335,-2.29E-06
-87.1335,-2.29E-06
-87.1335,-2.29E-06
-87.1336,-2.29E-06
-87.1336,-2.29E-06
-87.1336,-2.29E-06
-87.1336,-2.29E-06
-87.1337,-2.29E-06
-87.1337,-2.29E-06
-87.1337,-2.29E-06
-87.1337,-2.29E-06
-87.1338,-2.29E-06
-87.1338,-2.29E-06
-87.1338,-2.29E-06
-87.1338,-2.29E-06
-87.1338,-2.29E-06
-87.1339,-2.29E-06
-87.1339,-2.29E-06
-87.1339,-2.29E-06
-87.1339,-2.29E-06
-87.134,-2.29E-06
-87.134,-2.29E-06
-87.134,-2.29E-06
-87.134,-2.29E-06
-87.1341,-2.29E-06
-87.1341,-2.29E-06
-87.1341,-2.29E-06
-87.1341,-2.29E-06
-87.1342,-2.29E-06
-87.1342,-2.29E-06
-87.1342,-2.29E-06
-87.1342,-2.29E-06
-87.1343,-2.29E-06
-87.1343,-2.29E-06
-87.1343,-2.29E-06
-87.1343,-2.29E-06
-87.1343,-2.29E-06
-87.1344,-2.29E-06
-87.1344,-2.29E-06
-87.1344,-2.29E-06
-87.1344,-2.29E-06
-87.1345,-2.29E-06
-87.1345,-2.29E-06
-87.1345,-2.29E-06
-87.1345,-2.29E-06
-87.1346,-2.29E-06
-87.1346,-2.29E-06
-87.1346,-2.29E-06
-87.1346,-2.29E-06
-87.1347,-2.29E-06
-87.1347,-2.29E-06
-87.1347,-2.29E-06
-87.1347,-2.29E-06
-87.1348,-2.29E-06
-87.1348,-2.29E-06
-87.1348,-2.29E-06
-87.1348,-2.29E-06
-87.1348,-2.29E-06
-87.1349,-2.29E-06
-87.1349,-2.29E-06
-87.1349,-2.29E-06
-87.1349,-2.29E-06
-87.135,-2.29E-06
-87.135,-2.29E-06
-87.135,-2.29E-06
-87.135,-2.29E-06
-87.1351,-2.29E-06
-87.1351,-2.29E-06
-87.1351,-2.29E-06
-87.1351,-2.29E-06
-87.1352,-2.29E-06
-87.1352,-2.29E-06
-87.1352,-2.29E-06
-87.1352,-2.29E-06
-87.1352,-2.29E-06
-87.1353,-2.29E-06
-87.1353,-2.29E-06
-87.1353,-2.29E-06
-87.1353,-2.29E-06
-87.1354,-2.29E-06
-87.1354,-2.29E-06
-87.1354,-2.29E-06
-87.1354,-2.29E-06
-87.1355,-2.29E-06
-87.1355,-2.29E-06
-87.1355,-2.29E-06
-87.1355,-2.29E-06
-87.1356,-2.29E-06
-87.1356,-2.28E-06
-87.1356,-2.28E-06
-87.1356,-2.28E-06
-87.1357,-2.28E-06
-87.1357,-2.28E-06
-87.1357,-2.28E-06
-87.1357,-2.28E-06
-87.1357,-2.28E-06
-87.1358,-2.28E-06
-87.1358,-2.28E-06
-87.1358,-2.28E-06
-87.1358,-2.28E-06
-87.1359,-2.28E-06
-87.1359,-2.28E-06
-87.1359,-2.28E-06
-87.1359,-2.28E-06
-87.136,-2.28E-06
-87.136,-2.28E-06
-87.136,-2.28E-06
-87.136,-2.28E-06
-87.1361,-2.28E-06
-87.1361,-2.28E-06
-87.1361,-2.28E-06
-87.1361,-2.28E-06
-87.1361,-2.28E-06
-87.1362,-2.28E-06
-87.1362,-2.28E-06
-87.1362,-2.28E-06
-87.1362,-2.28E-06
-87.1363,-2.28E-06
-87.1363,-2.28E-06
-87.1363,-2.28E-06
-87.1363,-2.28E-06
-87.1364,-2.28E-06
-87.1364,-2.28E-06
-87.1364,-2.28E-06
-87.1364,-2.28E-06
-87.1365,-2.28E-06
-87.1365,-2.28E-06
-87.1365,-2.28E-06
-87.1365,-2.28E-06
-87.1365,-2.28E-06
-87.1366,-2.28E-06
-87.1366,-2.28E-06
-87.1366,-2.28E-06
-87.1366,-2.28E-06
-87.1367,-2.28E-06
-87.1367,-2.28E-06
-87.1367,-2.28E-06
-87.1367,-2.28E-06
-87.1368,-2.28E-06
-87.1368,-2.28E-06
-87.1368,-2.28E-06
-87.1368,-2.28E-06
-87.1369,-2.28E-06
-87.1369,-2.28E-06
-87.1369,-2.28E-06
-87.1369,-2.28E-06
-87.1369,-2.28E-06
-87.137,-2.28E-06
-87.137,-2.28E-06
-87.137,-2.28E-06
-87.137,-2.28E-06
-87.1371,-2.28E-06
-87.1371,-2.28E-06
-87.1371,-2.28E-06
-87.1371,-2.28E-06
-87.1372,-2.28E-06
-87.1372,-2.28E-06
-87.1372,-2.28E-06
-87.1372,-2.28E-06
-87.1373,-2.28E-06
-87.1373,-2.28E-06
-87.1373,-2.28E-06
-87.1373,-2.28E-06
-87.1373,-2.28E-06
-87.1374,-2.28E-06
-87.1374,-2.28E-06
-87.1374,-2.28E-06
-87.1374,-2.28E-06
-87.1375,-2.28E-06
-87.1375,-2.28E-06
-87.1375,-2.28E-06
-87.1375,-2.28E-06
-87.1376,-2.28E-06
-87.1376,-2.28E-06
-87.1376,-2.28E-06
-87.1376,-2.28E-06
-87.1377,-2.28E-06
-87.1377,-2.28E-06
-87.1377,-2.28E-06
-87.1377,-2.28E-06
-87.1377,-2.28E-06
-87.1378,-2.28E-06
-87.1378,-2.28E-06
-87.1378,-2.28E-06
-87.1378,-2.28E-06
-87.1379,-2.28E-06
-87.1379,-2.28E-06
-87.1379,-2.28E-06
-87.1379,-2.28E-06
-87.138,-2.28E-06
-87.138,-2.28E-06
-87.138,-2.28E-06
-87.138,-2.28E-06
-87.138,-2.28E-06
-87.1381,-2.28E-06
-87.1381,-2.28E-06
-87.1381,-2.28E-06
-87.1381,-2.28E-06
-87.1382,-2.28E-06
-87.1382,-2.28E-06
-87.1382,-2.28E-06
-87.1382,-2.28E-06
-87.1383,-2.28E-06
-87.1383,-2.28E-06
-87.1383,-2.28E-06
-87.1383,-2.28E-06
-87.1383,-2.28E-06
-87.1384,-2.28E-06
-87.1384,-2.28E-06
-87.1384,-2.28E-06
-87.1384,-2.28E-06
-87.1385,-2.28E-06
-87.1385,-2.28E-06
-87.1385,-2.28E-06
-87.1385,-2.28E-06
-87.1386,-2.28E-06
-87.1386,-2.28E-06
-87.1386,-2.28E-06
-87.1386,-2.28E-06
-87.1387,-2.28E-06
-87.1387,-2.28E-06
-87.1387,-2.28E-06
-87.1387,-2.28E-06
-87.1387,-2.28E-06
-87.1388,-2.28E-06
-87.1388,-2.28E-06
-87.1388,-2.28E-06
-87.1388,-2.28E-06
-87.1389,-2.28E-06
-87.1389,-2.28E-06
-87.1389,-2.28E-06
-87.1389,-2.28E-06
-87.139,-2.28E-06
-87.139,-2.28E-06
-87.139,-2.28E-06
-87.139,-2.28E-06
-87.139,-2.28E-06
-87.1391,-2.28E-06
-87.1391,-2.28E-06
-87.1391,-2.28E-06
-87.1391,-2.28E-06
-87.1392,-2.28E-06
-87.1392,-2.28E-06
-87.1392,-2.28E-06
-87.1392,-2.28E-06
-87.1393,-2.28E-06
-87.1393,-2.28E-06
-87.1393,-2.28E-06
-87.1393,-2.28E-06
-87.1393,-2.28E-06
-87.1394,-2.28E-06
-87.1394,-2.28E-06
-87.1394,-2.28E-06
-87.1394,-2.28E-06
-87.1395,-2.28E-06
-87.1395,-2.28E-06
-87.1395,-2.28E-06
-87.1395,-2.28E-06
-87.1396,-2.28E-06
-87.1396,-2.28E-06
-87.1396,-2.28E-06
-87.1396,-2.28E-06
-87.1396,-2.28E-06
-87.1397,-2.28E-06
-87.1397,-2.28E-06
-87.1397,-2.28E-06
-87.1397,-2.28E-06
-87.1398,-2.28E-06
-87.1398,-2.28E-06
-87.1398,-2.28E-06
-87.1398,-2.28E-06
-87.1399,-2.28E-06
-87.1399,-2.28E-06
-87.1399,-2.28E-06
-87.1399,-2.28E-06
-87.1399,-2.28E-06
-87.14,-2.28E-06
-87.14,-2.28E-06
-87.14,-2.28E-06
-87.14,-2.28E-06
-87.1401,-2.28E-06
-87.1401,-2.28E-06
-87.1401,-2.28E-06
-87.1401,-2.28E-06
-87.1402,-2.28E-06
-87.1402,-2.28E-06
-87.1402,-2.28E-06
-87.1402,-2.28E-06
-87.1402,-2.28E-06
-87.1403,-2.28E-06
-87.1403,-2.28E-06
-87.1403,-2.28E-06
-87.1403,-2.28E-06
-87.1404,-2.28E-06
-87.1404,-2.28E-06
-87.1404,-2.28E-06
-87.1404,-2.28E-06
-87.1405,-2.28E-06
-87.1405,-2.28E-06
-87.1405,-2.28E-06
-87.1405,-2.28E-06
-87.1405,-2.28E-06
-87.1406,-2.28E-06
-87.1406,-2.28E-06
-87.1406,-2.28E-06
-87.1406,-2.28E-06
-87.1407,-2.28E-06
-87.1407,-2.28E-06
-87.1407,-2.28E-06
-87.1407,-2.28E-06
-87.1408,-2.28E-06
-87.1408,-2.28E-06
-87.1408,-2.28E-06
-87.1408,-2.28E-06
-87.1408,-2.28E-06
-87.1409,-2.28E-06
-87.1409,-2.28E-06
-87.1409,-2.28E-06
-87.1409,-2.28E-06
-87.141,-2.28E-06
-87.141,-2.28E-06
-87.141,-2.28E-06
-87.141,-2.28E-06
-87.1411,-2.28E-06
-87.1411,-2.28E-06
-87.1411,-2.28E-06
-87.1411,-2.28E-06
-87.1411,-2.28E-06
-87.1412,-2.28E-06
-87.1412,-2.28E-06
-87.1412,-2.28E-06
-87.1412,-2.28E-06
-87.1413,-2.28E-06
-87.1413,-2.28E-06
-87.1413,-2.28E-06
-87.1413,-2.28E-06
-87.1414,-2.28E-06
-87.1414,-2.28E-06
-87.1414,-2.28E-06
-87.1414,-2.28E-06
-87.1414,-2.28E-06
-87.1415,-2.28E-06
-87.1415,-2.28E-06
-87.1415,-2.28E-06
-87.1415,-2.28E-06
-87.1416,-2.28E-06
-87.1416,-2.28E-06
-87.1416,-2.28E-06
-87.1416,-2.28E-06
-87.1416,-2.28E-06
-87.1417,-2.28E-06
-87.1417,-2.28E-06
-87.1417,-2.28E-06
-87.1417,-2.28E-06
-87.1418,-2.28E-06
-87.1418,-2.28E-06
-87.1418,-2.28E-06
-87.1418,-2.28E-06
-87.1419,-2.28E-06
-87.1419,-2.28E-06
-87.1419,-2.28E-06
-87.1419,-2.28E-06
-87.1419,-2.28E-06
-87.142,-2.28E-06
-87.142,-2.28E-06
-87.142,-2.28E-06
-87.142,-2.28E-06
-87.1421,-2.28E-06
-87.1421,-2.28E-06
-87.1421,-2.28E-06
-87.1421,-2.28E-06
-87.1421,-2.28E-06
-87.1422,-2.28E-06
-87.1422,-2.28E-06
-87.1422,-2.28E-06
-87.1422,-2.28E-06
-87.1423,-2.28E-06
-87.1423,-2.28E-06
-87.1423,-2.28E-06
-87.1423,-2.28E-06
-87.1424,-2.28E-06
-87.1424,-2.28E-06
-87.1424,-2.28E-06
-87.1424,-2.28E-06
-87.1424,-2.28E-06
-87.1425,-2.28E-06
-87.1425,-2.28E-06
-87.1425,-2.28E-06
-87.1425,-2.28E-06
-87.1426,-2.28E-06
-87.1426,-2.28E-06
-87.1426,-2.28E-06
-87.1426,-2.28E-06
-87.1426,-2.28E-06
-87.1427,-2.28E-06
-87.1427,-2.28E-06
-87.1427,-2.28E-06
-87.1427,-2.28E-06
-87.1428,-2.28E-06
-87.1428,-2.28E-06
-87.1428,-2.28E-06
-87.1428,-2.28E-06
-87.1429,-2.28E-06
-87.1429,-2.28E-06
-87.1429,-2.28E-06
-87.1429,-2.28E-06
-87.1429,-2.28E-06
-87.143,-2.28E-06
-87.143,-2.28E-06
-87.143,-2.28E-06
-87.143,-2.28E-06
-87.1431,-2.28E-06
-87.1431,-2.28E-06
-87.1431,-2.28E-06
-87.1431,-2.28E-06
-87.1431,-2.28E-06
-87.1432,-2.28E-06
-87.1432,-2.28E-06
-87.1432,-2.28E-06
-87.1432,-2.28E-06
-87.1433,-2.28E-06
-87.1433,-2.28E-06
-87.1433,-2.28E-06
-87.1433,-2.28E-06
-87.1434,-2.28E-06
-87.1434,-2.28E-06
-87.1434,-2.28E-06
-87.1434,-2.28E-06
-87.1434,-2.28E-06
-87.1435,-2.28E-06
-87.1435,-2.28E-06
-87.1435,-2.28E-06
-87.1435,-2.28E-06
-87.1436,-2.28E-06
-87.1436,-2.28E-06
-87.1436,-2.28E-06
-87.1436,-2.28E-06
-87.1436,-2.28E-06
-87.1437,-2.28E-06
-87.1437,-2.28E-06
-87.1437,-2.28E-06
-87.1437,-2.28E-06
-87.1438,-2.28E-06
-87.1438,-2.28E-06
-87.1438,-2.28E-06
-87.1438,-2.28E-06
-87.1438,-2.28E-06
-87.1439,-2.28E-06
-87.1439,-2.28E-06
-87.1439,-2.28E-06
-87.1439,-2.28E-06
-87.144,-2.28E-06
-87.144,-2.28E-06
-87.144,-2.28E-06
-87.144,-2.28E-06
-87.1441,-2.28E-06
-87.1441,-2.28E-06
-87.1441,-2.28E-06
-87.1441,-2.28E-06
-87.1441,-2.28E-06
-87.1442,-2.28E-06
-87.1442,-2.28E-06
-87.1442,-2.28E-06
-87.1442,-2.28E-06
-87.1443,-2.28E-06
-87.1443,-2.28E-06
-87.1443,-2.28E-06
-87.1443,-2.28E-06
-87.1443,-2.28E-06
-87.1444,-2.28E-06
-87.1444,-2.28E-06
-87.1444,-2.28E-06
-87.1444,-2.28E-06
-87.1445,-2.28E-06
-87.1445,-2.27E-06
-87.1445,-2.27E-06
-87.1445,-2.27E-06
-87.1445,-2.27E-06
-87.1446,-2.27E-06
-87.1446,-2.27E-06
-87.1446,-2.27E-06
-87.1446,-2.27E-06
-87.1447,-2.27E-06
-87.1447,-2.27E-06
-87.1447,-2.27E-06
-87.1447,-2.27E-06
-87.1447,-2.27E-06
-87.1448,-2.27E-06
-87.1448,-2.27E-06
-87.1448,-2.27E-06
-87.1448,-2.27E-06
-87.1449,-2.27E-06
-87.1449,-2.27E-06
-87.1449,-2.27E-06
-87.1449,-2.27E-06
-87.145,-2.27E-06
-87.145,-2.27E-06
-87.145,-2.27E-06
-87.145,-2.27E-06
-87.145,-2.27E-06
-87.1451,-2.27E-06
-87.1451,-2.27E-06
-87.1451,-2.27E-06
-87.1451,-2.27E-06
-87.1452,-2.27E-06
-87.1452,-2.27E-06
-87.1452,-2.27E-06
-87.1452,-2.27E-06
-87.1452,-2.27E-06
-87.1453,-2.27E-06
-87.1453,-2.27E-06
-87.1453,-2.27E-06
-87.1453,-2.27E-06
-87.1454,-2.27E-06
-87.1454,-2.27E-06
-87.1454,-2.27E-06
-87.1454,-2.27E-06
-87.1454,-2.27E-06
-87.1455,-2.27E-06
-87.1455,-2.27E-06
-87.1455,-2.27E-06
-87.1455,-2.27E-06
-87.1456,-2.27E-06
-87.1456,-2.27E-06
-87.1456,-2.27E-06
-87.1456,-2.27E-06
-87.1456,-2.27E-06
-87.1457,-2.27E-06
-87.1457,-2.27E-06
-87.1457,-2.27E-06
-87.1457,-2.27E-06
-87.1458,-2.27E-06
-87.1458,-2.27E-06
-87.1458,-2.27E-06
-87.1458,-2.27E-06
-87.1458,-2.27E-06
-87.1459,-2.27E-06
-87.1459,-2.27E-06
-87.1459,-2.27E-06
-87.1459,-2.27E-06
-87.146,-2.27E-06
-87.146,-2.27E-06
-87.146,-2.27E-06
-87.146,-2.27E-06
-87.146,-2.27E-06
-87.1461,-2.27E-06
-87.1461,-2.27E-06
-87.1461,-2.27E-06
-87.1461,-2.27E-06
-87.1462,-2.27E-06
-87.1462,-2.27E-06
-87.1462,-2.27E-06
-87.1462,-2.27E-06
-87.1462,-2.27E-06
-87.1463,-2.27E-06
-87.1463,-2.27E-06
-87.1463,-2.27E-06
-87.1463,-2.27E-06
-87.1464,-2.27E-06
-87.1464,-2.27E-06
-87.1464,-2.27E-06
-87.1464,-2.27E-06
-87.1464,-2.27E-06
-87.1465,-2.27E-06
-87.1465,-2.27E-06
-87.1465,-2.27E-06
-87.1465,-2.27E-06
-87.1466,-2.27E-06
-87.1466,-2.27E-06
-87.1466,-2.27E-06
-87.1466,-2.27E-06
-87.1466,-2.27E-06
-87.1467,-2.27E-06
-87.1467,-2.27E-06
-87.1467,-2.27E-06
-87.1467,-2.27E-06
-87.1468,-2.27E-06
-87.1468,-2.27E-06
-87.1468,-2.27E-06
-87.1468,-2.27E-06
-87.1468,-2.27E-06
-87.1469,-2.27E-06
-87.1469,-2.27E-06
-87.1469,-2.27E-06
-87.1469,-2.27E-06
-87.147,-2.27E-06
-87.147,-2.27E-06
-87.147,-2.27E-06
-87.147,-2.27E-06
-87.147,-2.27E-06
-87.1471,-2.27E-06
-87.1471,-2.27E-06
-87.1471,-2.27E-06
-87.1471,-2.27E-06
-87.1472,-2.27E-06
-87.1472,-2.27E-06
-87.1472,-2.27E-06
-87.1472,-2.27E-06
-87.1472,-2.27E-06
-87.1473,-2.27E-06
-87.1473,-2.27E-06
-87.1473,-2.27E-06
-87.1473,-2.27E-06
-87.1474,-2.27E-06
-87.1474,-2.27E-06
-87.1474,-2.27E-06
-87.1474,-2.27E-06
-87.1474,-2.27E-06
-87.1475,-2.27E-06
-87.1475,-2.27E-06
-87.1475,-2.27E-06
-87.1475,-2.27E-06
-87.1476,-2.27E-06
-87.1476,-2.27E-06
-87.1476,-2.27E-06
-87.1476,-2.27E-06
-87.1476,-2.27E-06
-87.1477,-2.27E-06
-87.1477,-2.27E-06
-87.1477,-2.27E-06
-87.1477,-2.27E-06
-87.1478,-2.27E-06
-87.1478,-2.27E-06
-87.1478,-2.27E-06
-87.1478,-2.27E-06
-87.1478,-2.27E-06
-87.1479,-2.27E-06
-87.1479,-2.27E-06
-87.1479,-2.27E-06
-87.1479,-2.27E-06
-87.1479,-2.27E-06
-87.148,-2.27E-06
-87.148,-2.27E-06
-87.148,-2.27E-06
-87.148,-2.27E-06
-87.1481,-2.27E-06
-87.1481,-2.27E-06
-87.1481,-2.27E-06
-87.1481,-2.27E-06
-87.1481,-2.27E-06
-87.1482,-2.27E-06
-87.1482,-2.27E-06
-87.1482,-2.27E-06
-87.1482,-2.27E-06
-87.1483,-2.27E-06
-87.1483,-2.27E-06
-87.1483,-2.27E-06
-87.1483,-2.27E-06
-87.1483,-2.27E-06
-87.1484,-2.27E-06
-87.1484,-2.27E-06
-87.1484,-2.27E-06
-87.1484,-2.27E-06
-87.1485,-2.27E-06
-87.1485,-2.27E-06
-87.1485,-2.27E-06
-87.1485,-2.27E-06
-87.1485,-2.27E-06
-87.1486,-2.27E-06
-87.1486,-2.27E-06
-87.1486,-2.27E-06
-87.1486,-2.27E-06
-87.1487,-2.27E-06
-87.1487,-2.27E-06
-87.1487,-2.27E-06
-87.1487,-2.27E-06
-87.1487,-2.27E-06
-87.1488,-2.27E-06
-87.1488,-2.27E-06
-87.1488,-2.27E-06
-87.1488,-2.27E-06
-87.1488,-2.27E-06
-87.1489,-2.27E-06
-87.1489,-2.27E-06
-87.1489,-2.27E-06
-87.1489,-2.27E-06
-87.149,-2.27E-06
-87.149,-2.27E-06
-87.149,-2.27E-06
-87.149,-2.27E-06
-87.149,-2.27E-06
-87.1491,-2.27E-06
-87.1491,-2.27E-06
-87.1491,-2.27E-06
-87.1491,-2.27E-06
-87.1492,-2.27E-06
-87.1492,-2.27E-06
-87.1492,-2.27E-06
-87.1492,-2.27E-06
-87.1492,-2.27E-06
-87.1493,-2.27E-06
-87.1493,-2.27E-06
-87.1493,-2.27E-06
-87.1493,-2.27E-06
-87.1494,-2.27E-06
-87.1494,-2.27E-06
-87.1494,-2.27E-06
-87.1494,-2.27E-06
-87.1494,-2.27E-06
-87.1495,-2.27E-06
-87.1495,-2.27E-06
-87.1495,-2.27E-06
-87.1495,-2.27E-06
-87.1495,-2.27E-06
-87.1496,-2.27E-06
-87.1496,-2.27E-06
-87.1496,-2.27E-06
-87.1496,-2.27E-06
-87.1497,-2.27E-06
-87.1497,-2.27E-06
-87.1497,-2.27E-06
-87.1497,-2.27E-06
-87.1497,-2.27E-06
-87.1498,-2.27E-06
-87.1498,-2.27E-06
-87.1498,-2.27E-06
-87.1498,-2.27E-06
-87.1499,-2.27E-06
-87.1499,-2.27E-06
-87.1499,-2.27E-06
-87.1499,-2.27E-06
-87.1499,-2.27E-06
-87.15,-2.27E-06
-87.15,-2.27E-06
-87.15,-2.27E-06
-87.15,-2.27E-06
-87.15,-2.27E-06
-87.1501,-2.27E-06
-87.1501,-2.27E-06
-87.1501,-2.27E-06
-87.1501,-2.27E-06
-87.1502,-2.27E-06
-87.1502,-2.27E-06
-87.1502,-2.27E-06
-87.1502,-2.27E-06
-87.1502,-2.27E-06
-87.1503,-2.27E-06
-87.1503,-2.27E-06
-87.1503,-2.27E-06
-87.1503,-2.27E-06
-87.1504,-2.27E-06
-87.1504,-2.27E-06
-87.1504,-2.27E-06
-87.1504,-2.27E-06
-87.1504,-2.27E-06
-87.1505,-2.27E-06
-87.1505,-2.27E-06
-87.1505,-2.27E-06
-87.1505,-2.27E-06
-87.1505,-2.27E-06
-87.1506,-2.27E-06
-87.1506,-2.27E-06
-87.1506,-2.27E-06
-87.1506,-2.27E-06
-87.1507,-2.27E-06
-87.1507,-2.27E-06
-87.1507,-2.27E-06
-87.1507,-2.27E-06
-87.1507,-2.27E-06
-87.1508,-2.27E-06
-87.1508,-2.27E-06
-87.1508,-2.27E-06
-87.1508,-2.27E-06
-87.1509,-2.27E-06
-87.1509,-2.27E-06
-87.1509,-2.27E-06
-87.1509,-2.27E-06
-87.1509,-2.27E-06
-87.151,-2.27E-06
-87.151,-2.27E-06
-87.151,-2.27E-06
-87.151,-2.27E-06
-87.151,-2.27E-06
-87.1511,-2.27E-06
-87.1511,-2.27E-06
-87.1511,-2.27E-06
-87.1511,-2.27E-06
-87.1512,-2.27E-06
-87.1512,-2.27E-06
-87.1512,-2.27E-06
-87.1512,-2.27E-06
-87.1512,-2.27E-06
-87.1513,-2.27E-06
-87.1513,-2.27E-06
-87.1513,-2.27E-06
-87.1513,-2.27E-06
-87.1513,-2.27E-06
-87.1514,-2.27E-06
-87.1514,-2.27E-06
-87.1514,-2.27E-06
-87.1514,-2.27E-06
-87.1515,-2.27E-06
-87.1515,-2.27E-06
-87.1515,-2.27E-06
-87.1515,-2.27E-06
-87.1515,-2.27E-06
-87.1516,-2.27E-06
-87.1516,-2.27E-06
-87.1516,-2.27E-06
-87.1516,-2.27E-06
-87.1516,-2.27E-06
-87.1517,-2.27E-06
-87.1517,-2.27E-06
-87.1517,-2.27E-06
-87.1517,-2.27E-06
-87.1518,-2.27E-06
-87.1518,-2.27E-06
-87.1518,-2.27E-06
-87.1518,-2.27E-06
-87.1518,-2.27E-06
-87.1519,-2.27E-06
-87.1519,-2.27E-06
-87.1519,-2.27E-06
-87.1519,-2.27E-06
-87.1519,-2.27E-06
-87.152,-2.27E-06
-87.152,-2.27E-06
-87.152,-2.27E-06
-87.152,-2.27E-06
-87.1521,-2.27E-06
-87.1521,-2.27E-06
-87.1521,-2.27E-06
-87.1521,-2.27E-06
-87.1521,-2.27E-06
-87.1522,-2.27E-06
-87.1522,-2.27E-06
-87.1522,-2.27E-06
-87.1522,-2.27E-06
-87.1523,-2.27E-06
-87.1523,-2.27E-06
-87.1523,-2.27E-06
-87.1523,-2.27E-06
-87.1523,-2.27E-06
-87.1524,-2.27E-06
-87.1524,-2.27E-06
-87.1524,-2.27E-06
-87.1524,-2.27E-06
-87.1524,-2.27E-06
-87.1525,-2.27E-06
-87.1525,-2.27E-06
-87.1525,-2.27E-06
-87.1525,-2.27E-06
-87.1526,-2.27E-06
-87.1526,-2.27E-06
-87.1526,-2.27E-06
-87.1526,-2.27E-06
-87.1526,-2.27E-06
-87.1527,-2.27E-06
-87.1527,-2.27E-06
-87.1527,-2.27E-06
-87.1527,-2.27E-06
-87.1527,-2.27E-06
-87.1528,-2.27E-06
-87.1528,-2.27E-06
-87.1528,-2.27E-06
-87.1528,-2.27E-06
-87.1528,-2.27E-06
-87.1529,-2.27E-06
-87.1529,-2.27E-06
-87.1529,-2.27E-06
-87.1529,-2.27E-06
-87.153,-2.27E-06
-87.153,-2.27E-06
-87.153,-2.27E-06
-87.153,-2.27E-06
-87.153,-2.27E-06
-87.1531,-2.27E-06
-87.1531,-2.27E-06
-87.1531,-2.27E-06
-87.1531,-2.27E-06
-87.1531,-2.27E-06
-87.1532,-2.27E-06
-87.1532,-2.27E-06
-87.1532,-2.27E-06
-87.1532,-2.27E-06
-87.1533,-2.27E-06
-87.1533,-2.27E-06
-87.1533,-2.27E-06
-87.1533,-2.27E-06
-87.1533,-2.27E-06
-87.1534,-2.27E-06
-87.1534,-2.27E-06
-87.1534,-2.27E-06
-87.1534,-2.26E-06
-87.1534,-2.26E-06
-87.1535,-2.26E-06
-87.1535,-2.26E-06
-87.1535,-2.26E-06
-87.1535,-2.26E-06
-87.1536,-2.26E-06
-87.1536,-2.26E-06
-87.1536,-2.26E-06
-87.1536,-2.26E-06
-87.1536,-2.26E-06
-87.1537,-2.26E-06
-87.1537,-2.26E-06
-87.1537,-2.26E-06
-87.1537,-2.26E-06
-87.1537,-2.26E-06
-87.1538,-2.26E-06
-87.1538,-2.26E-06
-87.1538,-2.26E-06
-87.1538,-2.26E-06
-87.1539,-2.26E-06
-87.1539,-2.26E-06
-87.1539,-2.26E-06
-87.1539,-2.26E-06
-87.1539,-2.26E-06
-87.154,-2.26E-06
-87.154,-2.26E-06
-87.154,-2.26E-06
-87.154,-2.26E-06
-87.154,-2.26E-06
-87.1541,-2.26E-06
-87.1541,-2.26E-06
-87.1541,-2.26E-06
-87.1541,-2.26E-06
-87.1541,-2.26E-06
-87.1542,-2.26E-06
-87.1542,-2.26E-06
-87.1542,-2.26E-06
-87.1542,-2.26E-06
-87.1543,-2.26E-06
-87.1543,-2.26E-06
-87.1543,-2.26E-06
-87.1543,-2.26E-06
-87.1543,-2.26E-06
-87.1544,-2.26E-06
-87.1544,-2.26E-06
-87.1544,-2.26E-06
-87.1544,-2.26E-06
-87.1544,-2.26E-06
-87.1545,-2.26E-06
-87.1545,-2.26E-06
-87.1545,-2.26E-06
-87.1545,-2.26E-06
-87.1546,-2.26E-06
-87.1546,-2.26E-06
-87.1546,-2.26E-06
-87.1546,-2.26E-06
-87.1546,-2.26E-06
-87.1547,-2.26E-06
-87.1547,-2.26E-06
-87.1547,-2.26E-06
-87.1547,-2.26E-06
-87.1547,-2.26E-06
-87.1548,-2.26E-06
-87.1548,-2.26E-06
-87.1548,-2.26E-06
-87.1548,-2.26E-06
-87.1548,-2.26E-06
-87.1549,-2.26E-06
-87.1549,-2.26E-06
-87.1549,-2.26E-06
-87.1549,-2.26E-06
-87.155,-2.26E-06
-87.155,-2.26E-06
-87.155,-2.26E-06
-87.155,-2.26E-06
-87.155,-2.26E-06
-87.1551,-2.26E-06
-87.1551,-2.26E-06
-87.1551,-2.26E-06
-87.1551,-2.26E-06
-87.1551,-2.26E-06
-87.1552,-2.26E-06
-87.1552,-2.26E-06
-87.1552,-2.26E-06
-87.1552,-2.26E-06
-87.1552,-2.26E-06
-87.1553,-2.26E-06
-87.1553,-2.26E-06
-87.1553,-2.26E-06
-87.1553,-2.26E-06
-87.1554,-2.26E-06
-87.1554,-2.26E-06
-87.1554,-2.26E-06
-87.1554,-2.26E-06
-87.1554,-2.26E-06
-87.1555,-2.26E-06
-87.1555,-2.26E-06
-87.1555,-2.26E-06
-87.1555,-2.26E-06
-87.1555,-2.26E-06
-87.1556,-2.26E-06
-87.1556,-2.26E-06
-87.1556,-2.26E-06
-87.1556,-2.26E-06
-87.1556,-2.26E-06
-87.1557,-2.26E-06
-87.1557,-2.26E-06
-87.1557,-2.26E-06
-87.1557,-2.26E-06
-87.1558,-2.26E-06
-87.1558,-2.26E-06
-87.1558,-2.26E-06
-87.1558,-2.26E-06
-87.1558,-2.26E-06
-87.1559,-2.26E-06
-87.1559,-2.26E-06
-87.1559,-2.26E-06
-87.1559,-2.26E-06
-87.1559,-2.26E-06
-87.156,-2.26E-06
-87.156,-2.26E-06
-87.156,-2.26E-06
-87.156,-2.26E-06
-87.156,-2.26E-06
-87.1561,-2.26E-06
-87.1561,-2.26E-06
-87.1561,-2.26E-06
-87.1561,-2.26E-06
-87.1561,-2.26E-06
-87.1562,-2.26E-06
-87.1562,-2.26E-06
-87.1562,-2.26E-06
-87.1562,-2.26E-06
-87.1563,-2.26E-06
-87.1563,-2.26E-06
-87.1563,-2.26E-06
-87.1563,-2.26E-06
-87.1563,-2.26E-06
-87.1564,-2.26E-06
-87.1564,-2.26E-06
-87.1564,-2.26E-06
-87.1564,-2.26E-06
-87.1564,-2.26E-06
-87.1565,-2.26E-06
-87.1565,-2.26E-06
-87.1565,-2.26E-06
-87.1565,-2.26E-06
-87.1565,-2.26E-06
-87.1566,-2.26E-06
-87.1566,-2.26E-06
-87.1566,-2.26E-06
-87.1566,-2.26E-06
-87.1567,-2.26E-06
-87.1567,-2.26E-06
-87.1567,-2.26E-06
-87.1567,-2.26E-06
-87.1567,-2.26E-06
-87.1568,-2.26E-06
-87.1568,-2.26E-06
-87.1568,-2.26E-06
-87.1568,-2.26E-06
-87.1568,-2.26E-06
-87.1569,-2.26E-06
-87.1569,-2.26E-06
-87.1569,-2.26E-06
-87.1569,-2.26E-06
-87.1569,-2.26E-06
-87.157,-2.26E-06
-87.157,-2.26E-06
-87.157,-2.26E-06
-87.157,-2.26E-06
-87.157,-2.26E-06
-87.1571,-2.26E-06
-87.1571,-2.26E-06
-87.1571,-2.26E-06
-87.1571,-2.26E-06
-87.1572,-2.26E-06
-87.1572,-2.26E-06
-87.1572,-2.26E-06
-87.1572,-2.26E-06
-87.1572,-2.26E-06
-87.1573,-2.26E-06
-87.1573,-2.26E-06
-87.1573,-2.26E-06
-87.1573,-2.26E-06
-87.1573,-2.26E-06
-87.1574,-2.26E-06
-87.1574,-2.26E-06
-87.1574,-2.26E-06
-87.1574,-2.26E-06
-87.1574,-2.26E-06
-87.1575,-2.26E-06
-87.1575,-2.26E-06
-87.1575,-2.26E-06
-87.1575,-2.26E-06
-87.1575,-2.26E-06
-87.1576,-2.26E-06
-87.1576,-2.26E-06
-87.1576,-2.26E-06
-87.1576,-2.26E-06
-87.1576,-2.26E-06
-87.1577,-2.26E-06
-87.1577,-2.26E-06
-87.1577,-2.26E-06
-87.1577,-2.26E-06
-87.1578,-2.26E-06
-87.1578,-2.26E-06
-87.1578,-2.26E-06
-87.1578,-2.26E-06
-87.1578,-2.26E-06
-87.1579,-2.26E-06
-87.1579,-2.26E-06
-87.1579,-2.26E-06
-87.1579,-2.26E-06
-87.1579,-2.26E-06
-87.158,-2.26E-06
-87.158,-2.26E-06
-87.158,-2.26E-06
-87.158,-2.26E-06
-87.158,-2.26E-06
-87.1581,-2.26E-06
-87.1581,-2.26E-06
-87.1581,-2.26E-06
-87.1581,-2.26E-06
-87.1581,-2.26E-06
-87.1582,-2.26E-06
-87.1582,-2.26E-06
-87.1582,-2.26E-06
-87.1582,-2.26E-06
-87.1582,-2.26E-06
-87.1583,-2.26E-06
-87.1583,-2.26E-06
-87.1583,-2.26E-06
-87.1583,-2.26E-06
-87.1584,-2.26E-06
-87.1584,-2.26E-06
-87.1584,-2.26E-06
-87.1584,-2.26E-06
-87.1584,-2.26E-06
-87.1585,-2.26E-06
-87.1585,-2.26E-06
-87.1585,-2.26E-06
-87.1585,-2.26E-06
-87.1585,-2.26E-06
-87.1586,-2.26E-06
-87.1586,-2.26E-06
-87.1586,-2.26E-06
-87.1586,-2.26E-06
-87.1586,-2.26E-06
-87.1587,-2.26E-06
-87.1587,-2.26E-06
-87.1587,-2.26E-06
-87.1587,-2.26E-06
-87.1587,-2.26E-06
-87.1588,-2.26E-06
-87.1588,-2.26E-06
-87.1588,-2.26E-06
-87.1588,-2.26E-06
-87.1588,-2.26E-06
-87.1589,-2.26E-06
-87.1589,-2.26E-06
-87.1589,-2.26E-06
-87.1589,-2.26E-06
-87.159,-2.26E-06
-87.159,-2.26E-06
-87.159,-2.26E-06
-87.159,-2.26E-06
-87.159,-2.26E-06
-87.1591,-2.26E-06
-87.1591,-2.26E-06
-87.1591,-2.26E-06
-87.1591,-2.26E-06
-87.1591,-2.26E-06
-87.1592,-2.26E-06
-87.1592,-2.26E-06
-87.1592,-2.26E-06
-87.1592,-2.26E-06
-87.1592,-2.26E-06
-87.1593,-2.26E-06
-87.1593,-2.26E-06
-87.1593,-2.26E-06
-87.1593,-2.26E-06
-87.1593,-2.26E-06
-87.1594,-2.26E-06
-87.1594,-2.26E-06
-87.1594,-2.26E-06
-87.1594,-2.26E-06
-87.1594,-2.26E-06
-87.1595,-2.26E-06
-87.1595,-2.26E-06
-87.1595,-2.26E-06
-87.1595,-2.26E-06
-87.1595,-2.26E-06
-87.1596,-2.26E-06
-87.1596,-2.26E-06
-87.1596,-2.26E-06
-87.1596,-2.26E-06
-87.1596,-2.26E-06
-87.1597,-2.26E-06
-87.1597,-2.26E-06
-87.1597,-2.26E-06
-87.1597,-2.26E-06
-87.1598,-2.26E-06
-87.1598,-2.26E-06
-87.1598,-2.26E-06
-87.1598,-2.26E-06
-87.1598,-2.26E-06
-87.1599,-2.26E-06
-87.1599,-2.26E-06
-87.1599,-2.26E-06
-87.1599,-2.26E-06
-87.1599,-2.26E-06
-87.16,-2.26E-06
-87.16,-2.26E-06
-87.16,-2.26E-06
-87.16,-2.26E-06
-87.16,-2.26E-06
-87.1601,-2.26E-06
-87.1601,-2.26E-06
-87.1601,-2.26E-06
-87.1601,-2.26E-06
-87.1601,-2.26E-06
-87.1602,-2.26E-06
-87.1602,-2.26E-06
-87.1602,-2.26E-06
-87.1602,-2.26E-06
-87.1602,-2.26E-06
-87.1603,-2.26E-06
-87.1603,-2.26E-06
-87.1603,-2.26E-06
-87.1603,-2.26E-06
-87.1603,-2.26E-06
-87.1604,-2.26E-06
-87.1604,-2.26E-06
-87.1604,-2.26E-06
-87.1604,-2.26E-06
-87.1604,-2.26E-06
-87.1605,-2.26E-06
-87.1605,-2.26E-06
-87.1605,-2.26E-06
-87.1605,-2.26E-06
-87.1605,-2.26E-06
-87.1606,-2.26E-06
-87.1606,-2.26E-06
-87.1606,-2.26E-06
-87.1606,-2.26E-06
-87.1606,-2.26E-06
-87.1607,-2.26E-06
-87.1607,-2.26E-06
-87.1607,-2.26E-06
-87.1607,-2.26E-06
-87.1608,-2.26E-06
-87.1608,-2.26E-06
-87.1608,-2.26E-06
-87.1608,-2.26E-06
-87.1608,-2.26E-06
-87.1609,-2.26E-06
-87.1609,-2.26E-06
-87.1609,-2.26E-06
-87.1609,-2.26E-06
-87.1609,-2.26E-06
-87.161,-2.26E-06
-87.161,-2.26E-06
-87.161,-2.26E-06
-87.161,-2.26E-06
-87.161,-2.26E-06
-87.1611,-2.26E-06
-87.1611,-2.26E-06
-87.1611,-2.26E-06
-87.1611,-2.26E-06
-87.1611,-2.26E-06
-87.1612,-2.26E-06
-87.1612,-2.26E-06
-87.1612,-2.26E-06
-87.1612,-2.26E-06
-87.1612,-2.26E-06
-87.1613,-2.26E-06
-87.1613,-2.26E-06
-87.1613,-2.26E-06
-87.1613,-2.26E-06
-87.1613,-2.26E-06
-87.1614,-2.26E-06
-87.1614,-2.26E-06
-87.1614,-2.26E-06
-87.1614,-2.26E-06
-87.1614,-2.26E-06
-87.1615,-2.26E-06
-87.1615,-2.26E-06
-87.1615,-2.26E-06
-87.1615,-2.26E-06
-87.1615,-2.26E-06
-87.1616,-2.26E-06
-87.1616,-2.26E-06
-87.1616,-2.26E-06
-87.1616,-2.26E-06
-87.1616,-2.26E-06
-87.1617,-2.26E-06
-87.1617,-2.26E-06
-87.1617,-2.26E-06
-87.1617,-2.26E-06
-87.1617,-2.26E-06
-87.1618,-2.26E-06
-87.1618,-2.26E-06
-87.1618,-2.26E-06
-87.1618,-2.26E-06
-87.1618,-2.26E-06
-87.1619,-2.26E-06
-87.1619,-2.26E-06
-87.1619,-2.26E-06
-87.1619,-2.26E-06
-87.1619,-2.26E-06
-87.162,-2.26E-06
-87.162,-2.26E-06
-87.162,-2.26E-06
-87.162,-2.26E-06
-87.162,-2.26E-06
-87.1621,-2.26E-06
-87.1621,-2.26E-06
-87.1621,-2.26E-06
-87.1621,-2.26E-06
-87.1621,-2.26E-06
-87.1622,-2.26E-06
-87.1622,-2.26E-06
-87.1622,-2.26E-06
-87.1622,-2.26E-06
-87.1622,-2.26E-06
-87.1623,-2.26E-06
-87.1623,-2.26E-06
-87.1623,-2.26E-06
-87.1623,-2.26E-06
-87.1623,-2.26E-06
-87.1624,-2.26E-06
-87.1624,-2.26E-06
-87.1624,-2.26E-06
-87.1624,-2.25E-06
-87.1625,-2.25E-06
-87.1625,-2.25E-06
-87.1625,-2.25E-06
-87.1625,-2.25E-06
-87.1625,-2.25E-06
-87.1626,-2.25E-06
-87.1626,-2.25E-06
-87.1626,-2.25E-06
-87.1626,-2.25E-06
-87.1626,-2.25E-06
-87.1627,-2.25E-06
-87.1627,-2.25E-06
-87.1627,-2.25E-06
-87.1627,-2.25E-06
-87.1627,-2.25E-06
-87.1628,-2.25E-06
-87.1628,-2.25E-06
-87.1628,-2.25E-06
-87.1628,-2.25E-06
-87.1628,-2.25E-06
-87.1629,-2.25E-06
-87.1629,-2.25E-06
-87.1629,-2.25E-06
-87.1629,-2.25E-06
-87.1629,-2.25E-06
-87.163,-2.25E-06
-87.163,-2.25E-06
-87.163,-2.25E-06
-87.163,-2.25E-06
-87.163,-2.25E-06
-87.1631,-2.25E-06
-87.1631,-2.25E-06
-87.1631,-2.25E-06
-87.1631,-2.25E-06
-87.1631,-2.25E-06
-87.1632,-2.25E-06
-87.1632,-2.25E-06
-87.1632,-2.25E-06
-87.1632,-2.25E-06
-87.1632,-2.25E-06
-87.1633,-2.25E-06
-87.1633,-2.25E-06
-87.1633,-2.25E-06
-87.1633,-2.25E-06
-87.1633,-2.25E-06
-87.1634,-2.25E-06
-87.1634,-2.25E-06
-87.1634,-2.25E-06
-87.1634,-2.25E-06
-87.1634,-2.25E-06
-87.1635,-2.25E-06
-87.1635,-2.25E-06
-87.1635,-2.25E-06
-87.1635,-2.25E-06
-87.1635,-2.25E-06
-87.1636,-2.25E-06
-87.1636,-2.25E-06
-87.1636,-2.25E-06
-87.1636,-2.25E-06
-87.1636,-2.25E-06
-87.1637,-2.25E-06
-87.1637,-2.25E-06
-87.1637,-2.25E-06
-87.1637,-2.25E-06
-87.1637,-2.25E-06
-87.1638,-2.25E-06
-87.1638,-2.25E-06
-87.1638,-2.25E-06
-87.1638,-2.25E-06
-87.1638,-2.25E-06
-87.1639,-2.25E-06
-87.1639,-2.25E-06
-87.1639,-2.25E-06
-87.1639,-2.25E-06
-87.1639,-2.25E-06
-87.164,-2.25E-06
-87.164,-2.25E-06
-87.164,-2.25E-06
-87.164,-2.25E-06
-87.164,-2.25E-06
-87.1641,-2.25E-06
-87.1641,-2.25E-06
-87.1641,-2.25E-06
-87.1641,-2.25E-06
-87.1641,-2.25E-06
-87.1642,-2.25E-06
-87.1642,-2.25E-06
-87.1642,-2.25E-06
-87.1642,-2.25E-06
-87.1642,-2.25E-06
-87.1643,-2.25E-06
-87.1643,-2.25E-06
-87.1643,-2.25E-06
-87.1643,-2.25E-06
-87.1643,-2.25E-06
-87.1643,-2.25E-06
-87.1644,-2.25E-06
-87.1644,-2.25E-06
-87.1644,-2.25E-06
-87.1644,-2.25E-06
-87.1644,-2.25E-06
-87.1645,-2.25E-06
-87.1645,-2.25E-06
-87.1645,-2.25E-06
-87.1645,-2.25E-06
-87.1645,-2.25E-06
-87.1646,-2.25E-06
-87.1646,-2.25E-06
-87.1646,-2.25E-06
-87.1646,-2.25E-06
-87.1646,-2.25E-06
-87.1647,-2.25E-06
-87.1647,-2.25E-06
-87.1647,-2.25E-06
-87.1647,-2.25E-06
-87.1647,-2.25E-06
-87.1648,-2.25E-06
-87.1648,-2.25E-06
-87.1648,-2.25E-06
-87.1648,-2.25E-06
-87.1648,-2.25E-06
-87.1649,-2.25E-06
-87.1649,-2.25E-06
-87.1649,-2.25E-06
-87.1649,-2.25E-06
-87.1649,-2.25E-06
-87.165,-2.25E-06
-87.165,-2.25E-06
-87.165,-2.25E-06
-87.165,-2.25E-06
-87.165,-2.25E-06
-87.1651,-2.25E-06
-87.1651,-2.25E-06
-87.1651,-2.25E-06
-87.1651,-2.25E-06
-87.1651,-2.25E-06
-87.1652,-2.25E-06
-87.1652,-2.25E-06
-87.1652,-2.25E-06
-87.1652,-2.25E-06
-87.1652,-2.25E-06
-87.1653,-2.25E-06
-87.1653,-2.25E-06
-87.1653,-2.25E-06
-87.1653,-2.25E-06
-87.1653,-2.25E-06
-87.1654,-2.25E-06
-87.1654,-2.25E-06
-87.1654,-2.25E-06
-87.1654,-2.25E-06
-87.1654,-2.25E-06
-87.1655,-2.25E-06
-87.1655,-2.25E-06
-87.1655,-2.25E-06
-87.1655,-2.25E-06
-87.1655,-2.25E-06
-87.1656,-2.25E-06
-87.1656,-2.25E-06
-87.1656,-2.25E-06
-87.1656,-2.25E-06
-87.1656,-2.25E-06
-87.1657,-2.25E-06
-87.1657,-2.25E-06
-87.1657,-2.25E-06
-87.1657,-2.25E-06
-87.1657,-2.25E-06
-87.1658,-2.25E-06
-87.1658,-2.25E-06
-87.1658,-2.25E-06
-87.1658,-2.25E-06
-87.1658,-2.25E-06
-87.1659,-2.25E-06
-87.1659,-2.25E-06
-87.1659,-2.25E-06
-87.1659,-2.25E-06
-87.1659,-2.25E-06
-87.166,-2.25E-06
-87.166,-2.25E-06
-87.166,-2.25E-06
-87.166,-2.25E-06
-87.166,-2.25E-06
-87.166,-2.25E-06
-87.1661,-2.25E-06
-87.1661,-2.25E-06
-87.1661,-2.25E-06
-87.1661,-2.25E-06
-87.1661,-2.25E-06
-87.1662,-2.25E-06
-87.1662,-2.25E-06
-87.1662,-2.25E-06
-87.1662,-2.25E-06
-87.1662,-2.25E-06
-87.1663,-2.25E-06
-87.1663,-2.25E-06
-87.1663,-2.25E-06
-87.1663,-2.25E-06
-87.1663,-2.25E-06
-87.1664,-2.25E-06
-87.1664,-2.25E-06
-87.1664,-2.25E-06
-87.1664,-2.25E-06
-87.1664,-2.25E-06
-87.1665,-2.25E-06
-87.1665,-2.25E-06
-87.1665,-2.25E-06
-87.1665,-2.25E-06
-87.1665,-2.25E-06
-87.1666,-2.25E-06
-87.1666,-2.25E-06
-87.1666,-2.25E-06
-87.1666,-2.25E-06
-87.1666,-2.25E-06
-87.1667,-2.25E-06
-87.1667,-2.25E-06
-87.1667,-2.25E-06
-87.1667,-2.25E-06
-87.1667,-2.25E-06
-87.1668,-2.25E-06
-87.1668,-2.25E-06
-87.1668,-2.25E-06
-87.1668,-2.25E-06
-87.1668,-2.25E-06
-87.1669,-2.25E-06
-87.1669,-2.25E-06
-87.1669,-2.25E-06
-87.1669,-2.25E-06
-87.1669,-2.25E-06
-87.167,-2.25E-06
-87.167,-2.25E-06
-87.167,-2.25E-06
-87.167,-2.25E-06
-87.167,-2.25E-06
-87.167,-2.25E-06
-87.1671,-2.25E-06
-87.1671,-2.25E-06
-87.1671,-2.25E-06
-87.1671,-2.25E-06
-87.1671,-2.25E-06
-87.1672,-2.25E-06
-87.1672,-2.25E-06
-87.1672,-2.25E-06
-87.1672,-2.25E-06
-87.1672,-2.25E-06
-87.1673,-2.25E-06
-87.1673,-2.25E-06
-87.1673,-2.25E-06
-87.1673,-2.25E-06
-87.1673,-2.25E-06
-87.1674,-2.25E-06
-87.1674,-2.25E-06
-87.1674,-2.25E-06
-87.1674,-2.25E-06
-87.1674,-2.25E-06
-87.1675,-2.25E-06
-87.1675,-2.25E-06
-87.1675,-2.25E-06
-87.1675,-2.25E-06
-87.1675,-2.25E-06
-87.1676,-2.25E-06
-87.1676,-2.25E-06
-87.1676,-2.25E-06
-87.1676,-2.25E-06
-87.1676,-2.25E-06
-87.1677,-2.25E-06
-87.1677,-2.25E-06
-87.1677,-2.25E-06
-87.1677,-2.25E-06
-87.1677,-2.25E-06
-87.1678,-2.25E-06
-87.1678,-2.25E-06
-87.1678,-2.25E-06
-87.1678,-2.25E-06
-87.1678,-2.25E-06
-87.1678,-2.25E-06
-87.1679,-2.25E-06
-87.1679,-2.25E-06
-87.1679,-2.25E-06
-87.1679,-2.25E-06
-87.1679,-2.25E-06
-87.168,-2.25E-06
-87.168,-2.25E-06
-87.168,-2.25E-06
-87.168,-2.25E-06
-87.168,-2.25E-06
-87.1681,-2.25E-06
-87.1681,-2.25E-06
-87.1681,-2.25E-06
-87.1681,-2.25E-06
-87.1681,-2.25E-06
-87.1682,-2.25E-06
-87.1682,-2.25E-06
-87.1682,-2.25E-06
-87.1682,-2.25E-06
-87.1682,-2.25E-06
-87.1683,-2.25E-06
-87.1683,-2.25E-06
-87.1683,-2.25E-06
-87.1683,-2.25E-06
-87.1683,-2.25E-06
-87.1684,-2.25E-06
-87.1684,-2.25E-06
-87.1684,-2.25E-06
-87.1684,-2.25E-06
-87.1684,-2.25E-06
-87.1684,-2.25E-06
-87.1685,-2.25E-06
-87.1685,-2.25E-06
-87.1685,-2.25E-06
-87.1685,-2.25E-06
-87.1685,-2.25E-06
-87.1686,-2.25E-06
-87.1686,-2.25E-06
-87.1686,-2.25E-06
-87.1686,-2.25E-06
-87.1686,-2.25E-06
-87.1687,-2.25E-06
-87.1687,-2.25E-06
-87.1687,-2.25E-06
-87.1687,-2.25E-06
-87.1687,-2.25E-06
-87.1688,-2.25E-06
-87.1688,-2.25E-06
-87.1688,-2.25E-06
-87.1688,-2.25E-06
-87.1688,-2.25E-06
-87.1689,-2.25E-06
-87.1689,-2.25E-06
-87.1689,-2.25E-06
-87.1689,-2.25E-06
-87.1689,-2.25E-06
-87.169,-2.25E-06
-87.169,-2.25E-06
-87.169,-2.25E-06
-87.169,-2.25E-06
-87.169,-2.25E-06
-87.169,-2.25E-06
-87.1691,-2.25E-06
-87.1691,-2.25E-06
-87.1691,-2.25E-06
-87.1691,-2.25E-06
-87.1691,-2.25E-06
-87.1692,-2.25E-06
-87.1692,-2.25E-06
-87.1692,-2.25E-06
-87.1692,-2.25E-06
-87.1692,-2.25E-06
-87.1693,-2.25E-06
-87.1693,-2.25E-06
-87.1693,-2.25E-06
-87.1693,-2.25E-06
-87.1693,-2.25E-06
-87.1694,-2.25E-06
-87.1694,-2.25E-06
-87.1694,-2.25E-06
-87.1694,-2.25E-06
-87.1694,-2.25E-06
-87.1695,-2.25E-06
-87.1695,-2.25E-06
-87.1695,-2.25E-06
-87.1695,-2.25E-06
-87.1695,-2.25E-06
-87.1695,-2.25E-06
-87.1696,-2.25E-06
-87.1696,-2.25E-06
-87.1696,-2.25E-06
-87.1696,-2.25E-06
-87.1696,-2.25E-06
-87.1697,-2.25E-06
-87.1697,-2.25E-06
-87.1697,-2.25E-06
-87.1697,-2.25E-06
-87.1697,-2.25E-06
-87.1698,-2.25E-06
-87.1698,-2.25E-06
-87.1698,-2.25E-06
-87.1698,-2.25E-06
-87.1698,-2.25E-06
-87.1699,-2.25E-06
-87.1699,-2.25E-06
-87.1699,-2.25E-06
-87.1699,-2.25E-06
-87.1699,-2.25E-06
-87.17,-2.25E-06
-87.17,-2.25E-06
-87.17,-2.25E-06
-87.17,-2.25E-06
-87.17,-2.25E-06
-87.17,-2.25E-06
-87.1701,-2.25E-06
-87.1701,-2.25E-06
-87.1701,-2.25E-06
-87.1701,-2.25E-06
-87.1701,-2.25E-06
-87.1702,-2.25E-06
-87.1702,-2.25E-06
-87.1702,-2.25E-06
-87.1702,-2.25E-06
-87.1702,-2.25E-06
-87.1703,-2.25E-06
-87.1703,-2.25E-06
-87.1703,-2.25E-06
-87.1703,-2.25E-06
-87.1703,-2.25E-06
-87.1704,-2.25E-06
-87.1704,-2.25E-06
-87.1704,-2.25E-06
-87.1704,-2.25E-06
-87.1704,-2.25E-06
-87.1704,-2.25E-06
-87.1705,-2.25E-06
-87.1705,-2.25E-06
-87.1705,-2.25E-06
-87.1705,-2.25E-06
-87.1705,-2.25E-06
-87.1706,-2.25E-06
-87.1706,-2.25E-06
-87.1706,-2.25E-06
-87.1706,-2.25E-06
-87.1706,-2.25E-06
-87.1707,-2.25E-06
-87.1707,-2.25E-06
-87.1707,-2.25E-06
-87.1707,-2.25E-06
-87.1707,-2.25E-06
-87.1708,-2.25E-06
-87.1708,-2.25E-06
-87.1708,-2.25E-06
-87.1708,-2.25E-06
-87.1708,-2.25E-06
-87.1708,-2.25E-06
-87.1709,-2.25E-06
-87.1709,-2.25E-06
-87.1709,-2.25E-06
-87.1709,-2.25E-06
-87.1709,-2.25E-06
-87.171,-2.25E-06
-87.171,-2.25E-06
-87.171,-2.25E-06
-87.171,-2.25E-06
-87.171,-2.25E-06
-87.1711,-2.25E-06
-87.1711,-2.25E-06
-87.1711,-2.25E-06
-87.1711,-2.25E-06
-87.1711,-2.25E-06
-87.1712,-2.25E-06
-87.1712,-2.25E-06
-87.1712,-2.25E-06
-87.1712,-2.25E-06
-87.1712,-2.25E-06
-87.1712,-2.25E-06
-87.1713,-2.25E-06
-87.1713,-2.25E-06
-87.1713,-2.25E-06
-87.1713,-2.25E-06
-87.1713,-2.25E-06
-87.1714,-2.25E-06
-87.1714,-2.25E-06
-87.1714,-2.25E-06
-87.1714,-2.25E-06
-87.1714,-2.25E-06
-87.1715,-2.24E-06
-87.1715,-2.24E-06
-87.1715,-2.24E-06
-87.1715,-2.24E-06
-87.1715,-2.24E-06
-87.1716,-2.24E-06
-87.1716,-2.24E-06
-87.1716,-2.24E-06
-87.1716,-2.24E-06
-87.1716,-2.24E-06
-87.1716,-2.24E-06
-87.1717,-2.24E-06
-87.1717,-2.24E-06
-87.1717,-2.24E-06
-87.1717,-2.24E-06
-87.1717,-2.24E-06
-87.1718,-2.24E-06
-87.1718,-2.24E-06
-87.1718,-2.24E-06
-87.1718,-2.24E-06
-87.1718,-2.24E-06
-87.1719,-2.24E-06
-87.1719,-2.24E-06
-87.1719,-2.24E-06
-87.1719,-2.24E-06
-87.1719,-2.24E-06
-87.1719,-2.24E-06
-87.172,-2.24E-06
-87.172,-2.24E-06
-87.172,-2.24E-06
-87.172,-2.24E-06
-87.172,-2.24E-06
-87.1721,-2.24E-06
-87.1721,-2.24E-06
-87.1721,-2.24E-06
-87.1721,-2.24E-06
-87.1721,-2.24E-06
-87.1722,-2.24E-06
-87.1722,-2.24E-06
-87.1722,-2.24E-06
-87.1722,-2.24E-06
-87.1722,-2.24E-06
-87.1723,-2.24E-06
-87.1723,-2.24E-06
-87.1723,-2.24E-06
-87.1723,-2.24E-06
-87.1723,-2.24E-06
-87.1723,-2.24E-06
-87.1724,-2.24E-06
-87.1724,-2.24E-06
-87.1724,-2.24E-06
-87.1724,-2.24E-06
-87.1724,-2.24E-06
-87.1725,-2.24E-06
-87.1725,-2.24E-06
-87.1725,-2.24E-06
-87.1725,-2.24E-06
-87.1725,-2.24E-06
-87.1726,-2.24E-06
-87.1726,-2.24E-06
-87.1726,-2.24E-06
-87.1726,-2.24E-06
-87.1726,-2.24E-06
-87.1726,-2.24E-06
-87.1727,-2.24E-06
-87.1727,-2.24E-06
-87.1727,-2.24E-06
-87.1727,-2.24E-06
-87.1727,-2.24E-06
-87.1728,-2.24E-06
-87.1728,-2.24E-06
-87.1728,-2.24E-06
-87.1728,-2.24E-06
-87.1728,-2.24E-06
-87.1729,-2.24E-06
-87.1729,-2.24E-06
-87.1729,-2.24E-06
-87.1729,-2.24E-06
-87.1729,-2.24E-06
-87.1729,-2.24E-06
-87.173,-2.24E-06
-87.173,-2.24E-06
-87.173,-2.24E-06
-87.173,-2.24E-06
-87.173,-2.24E-06
-87.1731,-2.24E-06
-87.1731,-2.24E-06
-87.1731,-2.24E-06
-87.1731,-2.24E-06
-87.1731,-2.24E-06
-87.1732,-2.24E-06
-87.1732,-2.24E-06
-87.1732,-2.24E-06
-87.1732,-2.24E-06
-87.1732,-2.24E-06
-87.1732,-2.24E-06
-87.1733,-2.24E-06
-87.1733,-2.24E-06
-87.1733,-2.24E-06
-87.1733,-2.24E-06
-87.1733,-2.24E-06
-87.1734,-2.24E-06
-87.1734,-2.24E-06
-87.1734,-2.24E-06
-87.1734,-2.24E-06
-87.1734,-2.24E-06
-87.1735,-2.24E-06
-87.1735,-2.24E-06
-87.1735,-2.24E-06
-87.1735,-2.24E-06
-87.1735,-2.24E-06
-87.1735,-2.24E-06
-87.1736,-2.24E-06
-87.1736,-2.24E-06
-87.1736,-2.24E-06
-87.1736,-2.24E-06
-87.1736,-2.24E-06
-87.1737,-2.24E-06
-87.1737,-2.24E-06
-87.1737,-2.24E-06
-87.1737,-2.24E-06
-87.1737,-2.24E-06
-87.1738,-2.24E-06
-87.1738,-2.24E-06
-87.1738,-2.24E-06
-87.1738,-2.24E-06
-87.1738,-2.24E-06
-87.1738,-2.24E-06
-87.1739,-2.24E-06
-87.1739,-2.24E-06
-87.1739,-2.24E-06
-87.1739,-2.24E-06
-87.1739,-2.24E-06
-87.174,-2.24E-06
-87.174,-2.24E-06
-87.174,-2.24E-06
-87.174,-2.24E-06
-87.174,-2.24E-06
-87.1741,-2.24E-06
-87.1741,-2.24E-06
-87.1741,-2.24E-06
-87.1741,-2.24E-06
-87.1741,-2.24E-06
-87.1741,-2.24E-06
-87.1742,-2.24E-06
-87.1742,-2.24E-06
-87.1742,-2.24E-06
-87.1742,-2.24E-06
-87.1742,-2.24E-06
-87.1743,-2.24E-06
-87.1743,-2.24E-06
-87.1743,-2.24E-06
-87.1743,-2.24E-06
-87.1743,-2.24E-06
-87.1743,-2.24E-06
-87.1744,-2.24E-06
-87.1744,-2.24E-06
-87.1744,-2.24E-06
-87.1744,-2.24E-06
-87.1744,-2.24E-06
-87.1745,-2.24E-06
-87.1745,-2.24E-06
-87.1745,-2.24E-06
-87.1745,-2.24E-06
-87.1745,-2.24E-06
-87.1744,-2.24E-06
-87.0251,-2.34E-06
-86.8757,-2.51E-06
-86.7263,-2.70E-06
-86.5774,-2.91E-06
-86.4287,-3.13E-06
-86.2803,-3.37E-06
-86.1322,-3.62E-06
-85.9843,-3.90E-06
-85.8367,-4.19E-06
-85.6894,-4.50E-06
-85.5423,-4.84E-06
-85.3955,-5.20E-06
-85.2489,-5.59E-06
-85.1026,-6.01E-06
-84.9565,-6.45E-06
-84.8106,-6.93E-06
-84.665,-7.44E-06
-84.5196,-7.99E-06
-84.3745,-8.58E-06
-84.2295,-9.21E-06
-84.0848,-9.88E-06
-83.9403,-1.06E-05
-83.796,-1.14E-05
-83.652,-1.22E-05
-83.5081,-1.31E-05
-83.3645,-1.40E-05
-83.221,-1.51E-05
-83.0778,-1.61E-05
-82.9348,-1.73E-05
-82.7919,-1.85E-05
-82.6493,-1.99E-05
-82.5068,-2.13E-05
-82.3645,-2.28E-05
-82.2225,-2.44E-05
-82.0805,-2.62E-05
-81.9388,-2.80E-05
-81.7973,-3.00E-05
-81.6559,-3.22E-05
-81.5147,-3.44E-05
-81.3737,-3.69E-05
-81.2328,-3.94E-05
-81.0921,-4.22E-05
-80.9516,-4.52E-05
-80.8112,-4.83E-05
-80.671,-5.17E-05
-80.5309,-5.53E-05
-80.391,-5.92E-05
-80.2512,-6.33E-05
-80.1116,-6.77E-05
-79.9722,-7.23E-05
-79.8328,-7.73E-05
-79.6936,-8.27E-05
-79.5546,-8.83E-05
-79.4157,-9.44E-05
-79.2769,-0.00010089
-79.1382,-0.000107798
-78.9997,-0.000115166
-78.8613,-0.000123025
-78.7231,-0.000131407
-78.5849,-0.000140345
-78.4469,-0.000149877
-78.309,-0.00016004
-78.1712,-0.000170875
-78.0335,-0.000182425
-77.8959,-0.000194736
-77.7585,-0.000207855
-77.6211,-0.000221834
-77.4838,-0.000236728
-77.3467,-0.000252595
-77.2097,-0.000269498
-77.0727,-0.000287501
-76.9358,-0.000306673
-76.7991,-0.000327094
-76.6624,-0.000348843
-76.5258,-0.000372006
-76.3894,-0.000396677
-76.253,-0.000422949
-76.1166,-0.000450927
-75.9804,-0.000480721
-75.8442,-0.000512451
-75.7082,-0.000546238
-75.5722,-0.000582188
-75.4363,-0.000620442
-75.3004,-0.000661131
-75.1646,-0.000704394
-75.0289,-0.00075041
-74.8933,-0.00079933
-74.7577,-0.000851321
-74.6222,-0.000906562
-74.4867,-0.000965297
-74.3514,-0.00102779
-74.216,-0.00109429
-74.0808,-0.0011651
-73.9455,-0.00124051
-73.8104,-0.00132076
-73.6753,-0.00140616
-73.5402,-0.00149701
-73.4052,-0.00159357
-73.2702,-0.00169608
-73.1353,-0.00180476
-73.0004,-0.00192018
-72.8656,-0.00204263
-72.7308,-0.00217254
-72.5961,-0.00231051
-72.4614,-0.00245717
-72.3267,-0.00261331
-72.192,-0.00277954
-72.0574,-0.00295643
-71.9229,-0.00314452
-71.7883,-0.00334408
-71.6538,-0.0035554
-71.5193,-0.00377935
-71.3848,-0.0040165
-71.2504,-0.00426806
-71.116,-0.00453559
-70.9816,-0.00482001
-70.8472,-0.00512309
-70.7128,-0.00544556
-70.5785,-0.00578763
-70.4442,-0.0061495
-70.3099,-0.00653181
-70.1756,-0.00693618
-70.0413,-0.00736532
-69.907,-0.00782239
-69.7727,-0.00830913
-69.6385,-0.0088259
-69.5042,-0.00937247
-69.3699,-0.00994908
-69.2357,-0.0105606
-69.1014,-0.0112118
-68.9672,-0.011903
-68.8329,-0.0126324
-68.6987,-0.0134044
-68.5644,-0.0142252
-68.4302,-0.0150982
-68.2959,-0.0160218
-68.1616,-0.0169964
-68.0273,-0.0180321
-67.893,-0.0191338
-67.7587,-0.0202955
-67.6243,-0.0215241
-67.49,-0.0228296
-67.3556,-0.0242112
-67.2212,-0.0256714
-67.0868,-0.0272218
-66.9524,-0.0288678
-66.8179,-0.0306016
-66.6834,-0.0324336
-66.5489,-0.0343816
-66.4144,-0.0364417
-66.2798,-0.0386164
-66.1452,-0.0409288
-66.0105,-0.0433777
-65.8758,-0.04596
-65.7411,-0.0486897
-65.6063,-0.0515815
-65.4715,-0.0546419
-65.3366,-0.0578775
-65.2017,-0.0612996
-65.0667,-0.0649201
-64.9317,-0.0687491
-64.7966,-0.0727975
-64.6614,-0.077077
-64.5262,-0.0816013
-64.3909,-0.0863811
-64.2556,-0.0914381
-64.1201,-0.0967867
-63.9846,-0.102441
-63.849,-0.108416
-63.7133,-0.114728
-63.5776,-0.121397
-63.4417,-0.128445
-63.3058,-0.135892
-63.1697,-0.143759
-63.0335,-0.152068
-62.8972,-0.160845
-62.7608,-0.170116
-62.6243,-0.179908
-62.4876,-0.190249
-62.3509,-0.201171
-62.2139,-0.212703
-62.0768,-0.224881
-61.9396,-0.237739
-61.8022,-0.251312
-61.6646,-0.265639
-61.5269,-0.280757
-61.3889,-0.296714
-61.2508,-0.313557
-61.1125,-0.331335
-60.9739,-0.350103
-60.8351,-0.369916
-60.6961,-0.390828
-60.5568,-0.412899
-60.4173,-0.436189
-60.2775,-0.46076
-60.1374,-0.486684
-59.997,-0.514035
-59.8563,-0.542894
-59.7152,-0.57335
-59.5738,-0.605489
-59.432,-0.639405
-59.2899,-0.675198
-59.1473,-0.712971
-59.0043,-0.75283
-58.8609,-0.794892
-58.717,-0.839278
-58.5726,-0.886115
-58.4277,-0.935547
-58.2822,-0.987721
-58.1362,-1.04279
-57.9895,-1.10094
-57.8422,-1.16233
-57.6943,-1.22716
-57.5456,-1.29562
-57.3962,-1.36792
-57.246,-1.44429
-57.095,-1.52495
-56.9431,-1.61017
-56.7902,-1.70022
-56.6365,-1.7954
-56.4816,-1.89602
-56.3258,-2.00244
-56.1687,-2.11499
-56.0105,-2.23406
-55.851,-2.36007
-55.6902,-2.49345
-55.5279,-2.63466
-55.3641,-2.78424
-55.1988,-2.94271
-55.0318,-3.11068
-54.863,-3.28879
-54.6923,-3.47772
-54.5196,-3.67822
-54.3448,-3.89113
-54.1678,-4.11731
-53.9884,-4.35772
-53.8064,-4.61342
-53.6218,-4.88552
-53.4343,-5.17526
-53.2437,-5.48399
-53.0499,-5.81317
-52.8527,-6.16441
-52.6517,-6.53948
-52.4469,-6.94032
-52.2378,-7.36906
-52.0243,-7.82807
-51.8059,-8.31995
-51.5824,-8.84757
-51.3533,-9.41413
-51.1183,-10.0232
-50.8769,-10.6786
-50.6287,-11.3849
-50.373,-12.1469
-50.1094,-12.9701
-49.8371,-13.8606
-49.5554,-14.8254
-49.2637,-15.872
-48.961,-17.0092
-48.6463,-18.2469
-48.3186,-19.5961
-47.9768,-21.0695
-47.6194,-22.6814
-47.2451,-24.4479
-46.8522,-26.3876
-46.4388,-28.5214
-46.0029,-30.8732
-45.5422,-33.4702
-45.0541,-36.3436
-44.5356,-39.5284
-43.9835,-43.0647
-43.3939,-46.9974
-42.7627,-51.3769
-42.085,-56.2591
-41.3557,-61.7044
-40.5687,-67.7765
-39.7175,-74.5154
-38.7952,-81.9812
-37.7939,-90.3096
-36.7044,-99.5835
-35.517,-109.88
-34.221,-121.262
-32.8054,-133.769
-31.2589,-147.399
-29.5705,-162.09
-27.7302,-177.7
-25.73,-193.979
-23.565,-210.546
-21.2351,-226.882
-18.7457,-242.332
-16.1095,-256.138
-13.347,-267.512
-10.4863,-275.728
-7.56183,-280.237
-4.61247,-280.755
-1.67824,-277.305
1.20255,-270.206
3.99594,-259.999
6.67419,-247.362
9.21655,-233.008
11.6093,-217.617
13.6982,-202.359
15.6336,-187.084
17.4175,-172.165
19.0547,-157.866
20.5524,-144.363
21.9192,-131.756
23.1642,-120.089
24.2968,-109.364
25.3265,-99.5545
26.2621,-90.6163
27.1121,-82.4935
27.8842,-75.1247
28.5858,-68.4474
29.2235,-62.4001
29.8031,-56.9242
30.3303,-51.9648
30.8098,-47.4712
31.2462,-43.3973
31.6433,-39.7012
32.0048,-36.3451
32.3339,-33.295
32.6335,-30.5205
32.9062,-27.9945
33.1545,-25.6925
33.3803,-23.5928
33.5857,-21.676
33.7725,-19.9247
33.942,-18.3233
34.0959,-16.8578
34.2355,-15.5157
34.3618,-14.2859
34.4759,-13.1581
34.5789,-12.1233
34.6716,-11.1733
34.7549,-10.3006
34.8295,-9.49862
34.896,-8.76119
34.9552,-8.08285
35.0075,-7.45861
35.0535,-6.88393
35.0936,-6.3547
35.1284,-5.86716
35.1582,-5.41788
35.1833,-5.00374
35.2042,-4.62189
35.2211,-4.26972
35.2344,-3.94484
35.2442,-3.64509
35.2509,-3.36846
35.2546,-3.11312
35.2556,-2.87739
35.254,-2.65974
35.2501,-2.45874
35.244,-2.2731
35.2359,-2.10162
35.2258,-1.94319
35.214,-1.79682
35.2005,-1.66156
35.1855,-1.53656
35.169,-1.42104
35.1512,-1.31426
35.1321,-1.21556
35.1119,-1.12431
35.0905,-1.03996
35.0681,-0.961966
35.0447,-0.889853
35.0204,-0.823172
34.9952,-0.76151
34.9693,-0.704488
34.9425,-0.651753
34.9151,-0.602983
34.887,-0.557878
34.8582,-0.516158
34.8289,-0.477573
34.7989,-0.441886
34.7685,-0.408873
34.7375,-0.378333
34.7061,-0.350088
34.6742,-0.323955
34.6418,-0.299773
34.6091,-0.277406
34.5759,-0.25671
34.5424,-0.237558
34.5085,-0.219838
34.4743,-0.203443
34.4398,-0.188271
34.4049,-0.174233
34.3697,-0.161244
34.3343,-0.149225
34.2986,-0.138103
34.2626,-0.127813
34.2264,-0.118291
34.1899,-0.109479
34.1532,-0.101326
34.1162,-0.0937811
34.0791,-0.0867979
34.0417,-0.0803359
34.0042,-0.074356
33.9664,-0.0688212
33.9285,-0.0636986
33.8903,-0.0589581
33.852,-0.0545706
33.8135,-0.0505099
33.7749,-0.0467532
33.7361,-0.0432772
33.6971,-0.0400604
33.658,-0.0370828
33.6187,-0.034327
33.5793,-0.0317806
33.5397,-0.0294247
33.5,-0.027244
33.4602,-0.0252236
33.4203,-0.023353
33.3802,-0.021626
33.34,-0.0200276
33.2997,-0.018547
33.2592,-0.0171737
33.2187,-0.0159018
33.178,-0.0147266
33.1373,-0.013638
33.0964,-0.0126292
33.0554,-0.0116937
33.0144,-0.010827
32.9732,-0.0100251
32.9319,-0.0092823
32.8906,-0.00859415
32.8491,-0.00795657
32.8076,-0.00736629
32.766,-0.00681999
32.7243,-0.00631425
32.6825,-0.00584601
32.6407,-0.00541234
32.5988,-0.00501132
32.5568,-0.00464051
32.5147,-0.00429735
32.4725,-0.00397956
32.4303,-0.00368491
32.3881,-0.00341271
32.3457,-0.00316103
32.3033,-0.00292798
32.2609,-0.00271195
32.2183,-0.00251141
32.1758,-0.00232609
32.1331,-0.0021545
32.0905,-0.00199548
32.0477,-0.00184804
32.0049,-0.00171125
31.9621,-0.00158463
31.9192,-0.0014673
31.8763,-0.00135859
31.8334,-0.00125788
31.7904,-0.00116462
31.7473,-0.00107825
31.7043,-0.000998301
31.6612,-0.000924295
31.618,-0.000855795
31.5749,-0.000792387
31.5316,-0.000733808
31.4884,-0.000679625
31.4452,-0.000629484
31.4019,-0.000583034
31.3586,-0.000539978
31.3153,-0.000500274
31.2719,-0.000463522
31.2285,-0.000429468
31.1852,-0.000397867
31.1418,-0.000368531
31.0983,-0.000341432
31.0549,-0.000316307
31.0115,-0.000293003
30.968,-0.000271376
30.9246,-0.000251316
30.8811,-0.000232742
30.8377,-0.000215526
30.7942,-0.000199575
30.7507,-0.0001848
30.7072,-0.000171118
30.6638,-0.000158451
30.6203,-0.000146727
30.5768,-0.000135897
30.5333,-0.000125925
30.4899,-0.000116725
30.4464,-0.000108234
30.403,-0.00010039
30.3595,-9.31E-05
30.3161,-8.64E-05
30.2727,-8.01E-05
30.2293,-7.43E-05
30.1859,-6.91E-05
30.1425,-6.44E-05
30.0992,-6.00E-05
30.0558,-5.59E-05
30.0125,-5.21E-05
29.9692,-4.85E-05
29.9259,-4.51E-05
29.8827,-4.19E-05
29.8395,-3.91E-05
29.7963,-3.66E-05
29.7531,-3.42E-05
29.7099,-3.19E-05
29.6668,-2.98E-05
29.6237,-2.77E-05
29.5807,-2.58E-05
29.5376,-2.40E-05
29.4946,-2.23E-05
29.4517,-2.07E-05
29.4087,-1.93E-05
29.3658,-1.79E-05
29.323,-1.66E-05
29.2802,-1.54E-05
29.2374,-1.43E-05
29.1946,-1.32E-05
29.1519,-1.22E-05
29.1093,-1.13E-05
29.0667,-1.04E-05
29.0241,-9.60E-06
28.9816,-8.86E-06
28.9391,-8.18E-06
28.8966,-7.56E-06
28.8543,-7.00E-06
28.8119,-6.47E-06
28.7696,-5.99E-06
28.7274,-5.56E-06
28.6852,-5.16E-06
28.643,-4.80E-06
28.601,-4.46E-06
28.5589,-4.14E-06
28.5169,-3.86E-06
28.475,-3.63E-06
28.4331,-3.41E-06
28.3913,-3.21E-06
28.3496,-3.03E-06
28.3079,-2.85E-06
28.2662,-2.67E-06
28.2246,-2.50E-06
28.1831,-2.34E-06
28.1416,-2.21E-06
28.1002,-2.08E-06
28.0589,-1.95E-06
28.0176,-1.83E-06
27.9764,-1.71E-06
27.9352,-1.60E-06
27.8941,-1.49E-06
27.8531,-1.38E-06
27.8122,-1.27E-06
27.7713,-1.17E-06
27.7304,-1.07E-06
27.6897,-9.73E-07
27.649,-8.87E-07
27.6084,-8.11E-07
27.5678,-7.45E-07
27.5273,-6.75E-07
27.4869,-6.07E-07
27.4466,-5.45E-07
27.4063,-4.89E-07
27.3661,-4.38E-07
27.3259,-3.95E-07
27.2859,-3.58E-07
27.2459,-3.29E-07
27.206,-3.03E-07
27.1662,-2.80E-07
27.1264,-2.62E-07
27.0867,-2.47E-07
27.0471,-2.34E-07
27.0076,-2.22E-07
26.9681,-2.11E-07
26.9287,-1.98E-07
26.8894,-1.93E-07
26.8502,-1.90E-07
26.811,-1.88E-07
26.772,-1.86E-07
26.733,-1.83E-07
26.694,-1.78E-07
26.6552,-1.71E-07
26.6165,-1.60E-07
26.5778,-1.54E-07
26.5392,-1.47E-07
26.5007,-1.40E-07
26.4622,-1.31E-07
26.4239,-1.22E-07
26.3856,-1.14E-07
26.3474,-1.05E-07
26.3093,-9.66E-08
26.2713,-8.58E-08
26.2333,-7.48E-08
26.1955,-6.40E-08
26.1577,-5.38E-08
26.12,-4.45E-08
26.0824,-3.67E-08
26.0449,-3.08E-08
26.0075,-2.72E-08
25.9701,-2.11E-08
25.9328,-1.58E-08
25.8957,-1.14E-08
25.8586,-7.96E-09
25.8215,-5.40E-09
25.7846,-3.70E-09
25.7478,-2.78E-09
25.711,-2.57E-09
25.6744,-3.34E-09
25.6378,-4.68E-09
25.6013,-6.41E-09
25.5649,-8.32E-09
25.5286,-1.01E-08
25.4923,-1.16E-08
25.4562,-1.23E-08
25.4201,-1.23E-08
25.3842,-1.41E-08
25.3483,-1.57E-08
25.3125,-1.71E-08
25.2768,-1.81E-08
25.2412,-1.87E-08
25.2056,-1.88E-08
25.1702,-1.82E-08
25.1348,-1.71E-08
25.0996,-1.62E-08
25.0644,-1.50E-08
25.0293,-1.36E-08
24.9943,-1.20E-08
24.9594,-1.04E-08
24.9246,-8.87E-09
24.8899,-7.66E-09
24.8552,-6.31E-09
24.8207,-2.96E-09
24.7862,7.62E-10
24.7519,4.79E-09
24.7176,9.03E-09
24.6834,1.33E-08
24.6493,1.76E-08
24.6153,2.16E-08
24.5814,2.51E-08
24.5475,2.79E-08
24.5138,2.96E-08
24.4801,3.00E-08
24.4466,2.87E-08
24.4131,3.26E-08
24.3797,3.68E-08
24.3464,4.09E-08
24.3132,4.50E-08
24.2801,4.87E-08
24.2471,5.22E-08
24.2142,5.51E-08
24.1813,5.73E-08
24.1486,5.87E-08
24.1159,5.89E-08
24.0834,5.79E-08
24.0509,5.53E-08
24.0185,5.47E-08
23.9862,5.55E-08
23.954,5.60E-08
23.9219,5.62E-08
23.8898,5.61E-08
23.8579,5.57E-08
23.826,5.50E-08
23.7943,5.39E-08
23.7626,5.23E-08
23.731,5.03E-08
23.6995,4.78E-08
23.6681,4.47E-08
23.6368,4.17E-08
23.6056,3.92E-08
23.5745,3.67E-08
23.5434,3.40E-08
23.5125,3.14E-08
23.4816,2.87E-08
23.4508,2.60E-08
23.4201,2.34E-08
23.3895,2.10E-08
23.359,1.87E-08
23.3286,1.67E-08
23.2983,1.50E-08
23.268,1.36E-08
23.2379,1.15E-08
23.2078,9.57E-09
23.1778,7.77E-09
23.148,6.12E-09
23.1182,4.64E-09
23.0884,3.34E-09
23.0588,2.23E-09
23.0293,1.32E-09
22.9998,6.14E-10
22.9705,1.28E-10
22.9412,-1.38E-10
22.912,-1.80E-10
22.8829,-2.10E-10
22.8539,-1.42E-10
22.825,4.82E-11
22.7961,3.42E-10
22.7674,7.17E-10
22.7387,1.15E-09
22.7101,1.60E-09
22.6816,2.05E-09
22.6532,2.46E-09
22.6249,2.78E-09
22.5967,2.97E-09
22.5685,3.00E-09
22.5405,3.23E-09
22.5125,3.80E-09
22.4846,4.34E-09
22.4568,4.86E-09
22.4291,5.33E-09
22.4015,5.73E-09
22.3739,6.06E-09
22.3464,6.30E-09
22.3191,6.43E-09
22.2918,6.43E-09
22.2646,6.29E-09
22.2374,6.00E-09
22.2104,5.62E-09
22.1834,5.41E-09
22.1566,5.15E-09
22.1298,4.83E-09
22.1031,4.46E-09
22.0764,4.06E-09
22.0499,3.63E-09
22.0234,3.19E-09
21.9971,2.76E-09
21.9708,2.34E-09
21.9446,1.97E-09
21.9184,1.67E-09
21.8924,1.46E-09
21.8664,9.38E-10
21.8405,4.07E-10
21.8147,-1.12E-10
21.789,-6.12E-10
21.7634,-1.08E-09
21.7378,-1.50E-09
21.7124,-1.88E-09
21.687,-2.18E-09
21.6616,-2.40E-09
21.6364,-2.53E-09
21.6113,-2.54E-09
21.5862,-2.43E-09
21.5612,-2.42E-09
21.5363,-2.46E-09
21.5115,-2.46E-09
21.4867,-2.42E-09
21.462,-2.35E-09
21.4374,-2.24E-09
21.4129,-2.11E-09
21.3885,-1.96E-09
21.3641,-1.79E-09
21.3398,-1.62E-09
21.3156,-1.44E-09
21.2915,-1.28E-09
21.2675,-1.09E-09
21.2435,-8.07E-10
21.2196,-5.16E-10
21.1958,-2.23E-10
21.1721,6.45E-11
21.1484,3.39E-10
21.1248,5.94E-10
21.1013,8.19E-10
21.0779,1.01E-09
21.0545,1.15E-09
21.0313,1.23E-09
21.0081,1.24E-09
20.9849,1.19E-09
20.9619,1.28E-09
20.9389,1.36E-09
20.916,1.41E-09
20.8932,1.44E-09
20.8704,1.45E-09
20.8478,1.43E-09
20.8252,1.40E-09
20.8026,1.35E-09
20.7802,1.28E-09
20.7578,1.19E-09
20.7355,1.10E-09
20.7133,9.96E-10
20.6911,8.60E-10
20.669,7.07E-10
20.647,5.47E-10
20.6251,3.82E-10
20.6032,2.17E-10
20.5814,5.75E-11
20.5597,-9.28E-11
20.538,-2.28E-10
20.5164,-3.41E-10
20.4949,-4.27E-10
20.4735,-4.78E-10
20.4521,-4.86E-10
20.4308,-5.77E-10
20.4096,-7.80E-10
20.3885,-9.92E-10
20.3674,-1.21E-09
20.3464,-1.44E-09
20.3254,-1.67E-09
20.3045,-1.89E-09
20.2837,-2.12E-09
20.263,-2.34E-09
20.2423,-2.54E-09
20.2218,-2.73E-09
20.2012,-2.90E-09
20.1808,-3.04E-09
20.1604,-3.15E-09
20.1401,-3.22E-09
20.1198,-3.23E-09
20.0996,-3.19E-09
20.0795,-3.08E-09
20.0594,-2.89E-09
20.0395,-2.82E-09
20.0195,-2.99E-09
19.9997,-3.15E-09
19.9799,-3.32E-09
19.9602,-3.48E-09
19.9406,-3.65E-09
19.921,-3.80E-09
19.9015,-3.95E-09
19.882,-4.09E-09
19.8626,-4.21E-09
19.8433,-4.31E-09
19.824,-4.40E-09
19.8049,-4.45E-09
19.7857,-4.48E-09
19.7667,-4.47E-09
19.7477,-4.42E-09
19.7287,-4.33E-09
19.7099,-4.18E-09
19.6911,-3.97E-09
19.6723,-3.81E-09
19.6537,-3.84E-09
19.6351,-3.87E-09
19.6165,-3.89E-09
19.598,-3.91E-09
19.5796,-3.92E-09
19.5612,-3.92E-09
19.5429,-3.92E-09
19.5247,-3.90E-09
19.5065,-3.88E-09
19.4884,-3.85E-09
19.4704,-3.80E-09
19.4524,-3.74E-09
19.4345,-3.67E-09
19.4166,-3.58E-09
19.3988,-3.47E-09
19.381,-3.33E-09
19.3634,-3.18E-09
19.3457,-3.00E-09
19.3282,-2.82E-09
19.3107,-2.73E-09
19.2932,-2.63E-09
19.2758,-2.53E-09
19.2585,-2.43E-09
19.2413,-2.32E-09
19.2241,-2.21E-09
19.2069,-2.10E-09
19.1898,-1.99E-09
19.1728,-1.88E-09
19.1558,-1.77E-09
19.1389,-1.66E-09
19.1221,-1.55E-09
19.1053,-1.44E-09
19.0885,-1.33E-09
19.0719,-1.22E-09
19.0552,-1.12E-09
19.0387,-1.01E-09
19.0222,-9.12E-10
19.0057,-8.14E-10
18.9893,-7.14E-10
18.973,-6.17E-10
18.9567,-5.24E-10
18.9405,-4.34E-10
18.9243,-3.49E-10
18.9082,-2.67E-10
18.8921,-1.91E-10
18.8761,-1.20E-10
18.8602,-5.43E-11
18.8443,5.20E-12
18.8285,5.84E-11
18.8127,1.05E-10
18.797,1.44E-10
18.7813,1.75E-10
18.7657,1.99E-10
18.7501,2.14E-10
18.7346,2.20E-10
18.7192,2.18E-10
18.7038,2.07E-10
18.6884,2.14E-10
18.6731,2.17E-10
18.6579,2.16E-10
18.6427,2.11E-10
18.6275,2.03E-10
18.6125,1.92E-10
18.5974,1.78E-10
18.5824,1.61E-10
18.5675,1.43E-10
18.5526,1.23E-10
18.5378,1.02E-10
18.5231,8.02E-11
18.5083,5.85E-11
18.4937,3.74E-11
18.4791,1.76E-11
18.4645,-4.25E-13
18.45,-1.58E-11
18.4355,-2.79E-11
18.4211,-3.59E-11
18.4067,-6.57E-11
18.3924,-9.60E-11
18.3782,-1.26E-10
18.3639,-1.56E-10
18.3498,-1.84E-10
18.3357,-2.11E-10
18.3216,-2.37E-10
18.3076,-2.61E-10
18.2936,-2.82E-10
18.2797,-3.01E-10
18.2658,-3.16E-10
18.252,-3.28E-10
18.2382,-3.37E-10
18.2245,-3.40E-10
18.2108,-3.40E-10
18.1972,-3.34E-10
18.1836,-3.22E-10
18.1701,-3.04E-10
18.1566,-2.80E-10
18.1432,-2.72E-10
18.1298,-2.65E-10
18.1164,-2.55E-10
18.1031,-2.44E-10
18.0899,-2.32E-10
18.0767,-2.18E-10
18.0635,-2.02E-10
18.0504,-1.86E-10
18.0374,-1.68E-10
18.0243,-1.50E-10
18.0114,-1.31E-10
17.9984,-1.12E-10
17.9856,-9.36E-11
17.9727,-7.54E-11
17.9599,-5.80E-11
17.9472,-4.18E-11
17.9345,-2.72E-11
17.9218,-1.47E-11
17.9092,-4.64E-12
17.8967,1.53E-11
17.8841,3.82E-11
17.8717,6.08E-11
17.8592,8.30E-11
17.8468,1.05E-10
17.8345,1.25E-10
17.8222,1.45E-10
17.8099,1.63E-10
17.7977,1.80E-10
17.7855,1.95E-10
17.7734,2.07E-10
17.7613,2.18E-10
17.7493,2.25E-10
17.7373,2.30E-10
17.7253,2.31E-10
17.7134,2.29E-10
17.7015,2.22E-10
17.6897,2.12E-10
17.6779,1.97E-10
17.6662,1.90E-10
17.6545,1.87E-10
17.6428,1.83E-10
17.6312,1.78E-10
17.6196,1.71E-10
17.6081,1.64E-10
17.5966,1.55E-10
17.5851,1.46E-10
17.5737,1.36E-10
17.5623,1.25E-10
17.551,1.14E-10
17.5397,1.02E-10
17.5284,9.02E-11
17.5172,7.82E-11
17.506,6.64E-11
17.4949,5.49E-11
17.4838,4.41E-11
17.4727,3.40E-11
17.4617,2.49E-11
17.4507,1.24E-11
17.4398,-2.86E-12
17.4289,-1.81E-11
17.418,-3.32E-11
17.4072,-4.79E-11
17.3964,-6.22E-11
17.3857,-7.59E-11
17.375,-8.87E-11
17.3643,-1.01E-10
17.3536,-1.11E-10
17.3431,-1.21E-10
17.3325,-1.29E-10
17.322,-1.35E-10
17.3115,-1.40E-10
17.3011,-1.42E-10
17.2906,-1.42E-10
17.2803,-1.40E-10
17.2699,-1.34E-10
17.2596,-1.26E-10
17.2494,-1.21E-10
17.2392,-1.20E-10
17.229,-1.19E-10
17.2188,-1.17E-10
17.2087,-1.14E-10
17.1986,-1.11E-10
17.1886,-1.07E-10
17.1786,-1.02E-10
17.1686,-9.62E-11
17.1587,-9.02E-11
17.1488,-8.37E-11
17.1389,-7.68E-11
17.1291,-6.96E-11
17.1193,-6.23E-11
17.1096,-5.48E-11
17.0998,-4.74E-11
17.0901,-4.00E-11
17.0805,-3.30E-11
17.0709,-2.64E-11
17.0613,-1.87E-11
17.0517,-8.78E-12
17.0422,1.13E-12
17.0327,1.10E-11
17.0233,2.07E-11
17.0139,3.02E-11
17.0045,3.94E-11
16.9952,4.81E-11
16.9859,5.63E-11
16.9766,6.38E-11
16.9673,7.06E-11
16.9581,7.64E-11
16.9489,8.12E-11
16.9398,8.49E-11
16.9307,8.72E-11
16.9216,8.80E-11
16.9126,8.72E-11
16.9035,8.47E-11
16.8946,8.02E-11
16.8856,7.64E-11
16.8767,7.71E-11
16.8678,7.73E-11
16.859,7.71E-11
16.8501,7.64E-11
16.8413,7.52E-11
16.8326,7.36E-11
16.8239,7.17E-11
16.8152,6.93E-11
16.8065,6.67E-11
16.7979,6.37E-11
16.7893,6.05E-11
16.7807,5.72E-11
16.7722,5.37E-11
16.7636,5.01E-11
16.7552,4.66E-11
16.7467,4.31E-11
16.7383,3.98E-11
16.7299,3.68E-11
16.7216,3.34E-11
16.7132,2.81E-11
16.7049,2.27E-11
16.6967,1.73E-11
16.6884,1.19E-11
16.6802,6.53E-12
16.6721,1.28E-12
16.6639,-3.80E-12
16.6558,-8.65E-12
16.6477,-1.32E-11
16.6396,-1.74E-11
16.6316,-2.12E-11
16.6236,-2.44E-11
16.6156,-2.71E-11
16.6077,-2.91E-11
16.5998,-3.04E-11
16.5919,-3.08E-11
16.584,-3.04E-11
16.5762,-2.89E-11
16.5684,-2.69E-11
16.5606,-2.81E-11
16.5529,-2.89E-11
16.5452,-2.95E-11
16.5375,-2.98E-11
16.5298,-2.99E-11
16.5222,-2.96E-11
16.5146,-2.91E-11
16.507,-2.84E-11
16.4995,-2.74E-11
16.492,-2.62E-11
16.4845,-2.47E-11
16.477,-2.31E-11
16.4696,-2.13E-11
16.4621,-1.93E-11
16.4548,-1.72E-11
16.4474,-1.50E-11
16.4401,-1.27E-11
16.4328,-1.04E-11
16.4255,-8.10E-12
16.4182,-5.10E-12
16.411,-2.02E-12
16.4038,1.11E-12
16.3966,4.25E-12
16.3895,7.38E-12
16.3824,1.05E-11
16.3753,1.34E-11
16.3682,1.63E-11
16.3611,1.90E-11
16.3541,2.15E-11
16.3471,2.37E-11
16.3402,2.56E-11
16.3332,2.72E-11
16.3263,2.84E-11
16.3194,2.91E-11
16.3126,2.93E-11
16.3057,2.88E-11
16.2989,2.78E-11
16.2921,2.60E-11
16.2853,2.66E-11
16.2786,2.71E-11
16.2719,2.74E-11
16.2652,2.75E-11
16.2585,2.75E-11
16.2519,2.72E-11
16.2453,2.69E-11
16.2387,2.63E-11
16.2321,2.56E-11
16.2255,2.47E-11
16.219,2.36E-11
16.2125,2.25E-11
16.206,2.11E-11
16.1996,1.97E-11
16.1932,1.81E-11
16.1868,1.64E-11
16.1804,1.46E-11
16.174,1.27E-11
16.1677,1.08E-11
16.1614,8.69E-12
16.1551,6.52E-12
16.1488,4.30E-12
16.1426,2.07E-12
16.1364,-1.59E-13
16.1302,-2.36E-12
16.124,-4.52E-12
16.1178,-6.60E-12
16.1117,-8.58E-12
16.1056,-1.04E-11
16.0995,-1.21E-11
16.0935,-1.36E-11
16.0874,-1.49E-11
16.0814,-1.59E-11
16.0754,-1.66E-11
16.0694,-1.70E-11
16.0635,-1.70E-11
16.0576,-1.66E-11
16.0517,-1.58E-11
16.0458,-1.60E-11
16.0399,-1.66E-11
16.0341,-1.70E-11
16.0282,-1.73E-11
16.0225,-1.75E-11
16.0167,-1.76E-11
16.0109,-1.75E-11
16.0052,-1.73E-11
15.9995,-1.70E-11
15.9938,-1.66E-11
15.9881,-1.61E-11
15.9825,-1.55E-11
15.9768,-1.47E-11
15.9712,-1.39E-11
15.9656,-1.29E-11
15.9601,-1.19E-11
15.9545,-1.07E-11
15.949,-9.52E-12
15.9435,-8.23E-12
15.938,-6.90E-12
15.9325,-5.52E-12
15.9271,-4.11E-12
15.9217,-2.68E-12
15.9163,-1.24E-12
15.9109,1.98E-13
15.9055,1.61E-12
15.9002,2.99E-12
15.8948,4.31E-12
15.8895,5.56E-12
15.8843,6.72E-12
15.879,7.76E-12
15.8737,8.67E-12
15.8685,9.42E-12
15.8633,9.99E-12
15.8581,1.03E-11
15.853,1.05E-11
15.8478,1.03E-11
15.8427,9.92E-12
15.8376,9.98E-12
15.8325,1.05E-11
15.8274,1.09E-11
15.8223,1.12E-11
15.8173,1.15E-11
15.8123,1.18E-11
15.8073,1.19E-11
15.8023,1.20E-11
15.7974,1.20E-11
15.7924,1.19E-11
15.7875,1.18E-11
15.7826,1.16E-11
15.7777,1.14E-11
15.7728,1.10E-11
15.768,1.07E-11
15.7631,1.02E-11
15.7583,9.73E-12
15.7535,9.20E-12
15.7488,8.62E-12
15.744,7.99E-12
15.7393,7.30E-12
15.7345,6.58E-12
15.7298,5.83E-12
15.7251,5.07E-12
15.7205,4.29E-12
15.7158,3.50E-12
15.7112,2.72E-12
15.7066,1.96E-12
15.7019,1.21E-12
15.6974,5.07E-13
15.6928,-1.57E-13
15.6882,-7.64E-13
15.6837,-1.30E-12
15.6792,-1.76E-12
15.6747,-2.12E-12
15.6702,-2.38E-12
15.6657,-2.51E-12
15.6613,-2.50E-12
15.6569,-2.61E-12
15.6525,-3.05E-12
15.6481,-3.46E-12
15.6437,-3.84E-12
15.6393,-4.18E-12
15.635,-4.49E-12
15.6306,-4.76E-12
15.6263,-4.99E-12
15.622,-5.18E-12
15.6177,-5.32E-12
15.6135,-5.42E-12
15.6092,-5.48E-12
15.605,-5.49E-12
15.6008,-5.46E-12
15.5966,-5.37E-12
15.5924,-5.24E-12
15.5882,-5.06E-12
15.584,-4.84E-12
15.5799,-4.57E-12
15.5758,-4.28E-12
15.5717,-4.01E-12
15.5676,-3.72E-12
15.5635,-3.40E-12
15.5594,-3.07E-12
15.5554,-2.72E-12
15.5514,-2.36E-12
15.5473,-2.00E-12
15.5433,-1.63E-12
15.5394,-1.26E-12
15.5354,-9.10E-13
15.5314,-5.71E-13
15.5275,-2.53E-13
15.5236,3.79E-14
15.5197,2.94E-13
15.5158,5.08E-13
15.5119,6.72E-13
15.508,7.79E-13
15.5042,8.19E-13
15.5003,8.62E-13
15.4965,1.14E-12
15.4927,1.41E-12
15.4889,1.67E-12
15.4852,1.91E-12
15.4814,2.13E-12
15.4776,2.34E-12
15.4739,2.52E-12
15.4702,2.68E-12
15.4665,2.82E-12
15.4628,2.94E-12
15.4591,3.03E-12
15.4555,3.09E-12
15.4518,3.12E-12
15.4482,3.11E-12
15.4446,3.08E-12
15.441,3.01E-12
15.4374,2.90E-12
15.4338,2.76E-12
15.4302,2.59E-12
15.4267,2.49E-12
15.4231,2.37E-12
15.4196,2.24E-12
15.4161,2.10E-12
15.4126,1.94E-12
15.4091,1.78E-12
15.4057,1.61E-12
15.4022,1.43E-12
15.3988,1.25E-12
15.3953,1.07E-12
15.3919,8.99E-13
15.3885,7.30E-13
15.3851,5.70E-13
15.3818,4.23E-13
15.3784,2.92E-13
15.375,1.83E-13
15.3717,9.83E-14
15.3684,4.30E-14
15.3651,1.57E-14
15.3618,-1.59E-13
15.3585,-3.30E-13
15.3552,-4.97E-13
15.352,-6.57E-13
15.3487,-8.11E-13
15.3455,-9.56E-13
15.3423,-1.09E-12
15.3391,-1.22E-12
15.3359,-1.33E-12
15.3327,-1.43E-12
15.3295,-1.51E-12
15.3264,-1.58E-12
15.3232,-1.62E-12
15.3201,-1.65E-12
15.317,-1.66E-12
15.3139,-1.64E-12
15.3108,-1.60E-12
15.3077,-1.54E-12
15.3046,-1.44E-12
15.3016,-1.47E-12
15.2985,-1.51E-12
15.2955,-1.54E-12
15.2925,-1.57E-12
15.2894,-1.60E-12
15.2864,-1.62E-12
15.2835,-1.65E-12
15.2805,-1.67E-12
15.2775,-1.69E-12
15.2746,-1.70E-12
15.2716,-1.72E-12
15.2687,-1.73E-12
15.2658,-1.74E-12
15.2629,-1.75E-12
15.26,-1.76E-12
15.2571,-1.77E-12
15.2542,-1.77E-12
15.2514,-1.77E-12
15.2485,-1.77E-12
15.2457,-1.77E-12
15.2429,-1.76E-12
15.2401,-1.75E-12
15.2373,-1.74E-12
15.2345,-1.72E-12
15.2317,-1.70E-12
15.2289,-1.68E-12
15.2262,-1.65E-12
15.2234,-1.62E-12
15.2207,-1.58E-12
15.218,-1.53E-12
15.2153,-1.48E-12
15.2126,-1.42E-12
15.2099,-1.35E-12
15.2072,-1.27E-12
15.2045,-1.23E-12
15.2019,-1.27E-12
15.1992,-1.30E-12
15.1966,-1.34E-12
15.194,-1.39E-12
15.1914,-1.43E-12
15.1888,-1.48E-12
15.1862,-1.53E-12
15.1836,-1.59E-12
15.181,-1.64E-12
15.1785,-1.70E-12
15.1759,-1.76E-12
15.1734,-1.83E-12
15.1708,-1.89E-12
15.1683,-1.95E-12
15.1658,-2.01E-12
15.1633,-2.07E-12
15.1608,-2.13E-12
15.1584,-2.18E-12
15.1559,-2.23E-12
15.1534,-2.28E-12
15.151,-2.32E-12
15.1485,-2.36E-12
15.1461,-2.38E-12
15.1437,-2.41E-12
15.1413,-2.42E-12
15.1389,-2.42E-12
15.1365,-2.41E-12
15.1341,-2.38E-12
15.1318,-2.35E-12
15.1294,-2.29E-12
15.1271,-2.23E-12
15.1247,-2.14E-12
15.1224,-2.03E-12
15.1201,-1.91E-12
15.1178,-1.98E-12
15.1155,-2.05E-12
15.1132,-2.13E-12
15.1109,-2.21E-12
15.1087,-2.29E-12
15.1064,-2.37E-12
15.1041,-2.45E-12
15.1019,-2.52E-12
15.0997,-2.60E-12
15.0975,-2.68E-12
15.0952,-2.75E-12
15.093,-2.82E-12
15.0908,-2.89E-12
15.0887,-2.95E-12
15.0865,-3.01E-12
15.0843,-3.07E-12
15.0822,-3.12E-12
15.08,-3.16E-12
15.0779,-3.20E-12
15.0758,-3.23E-12
15.0736,-3.25E-12
15.0715,-3.27E-12
15.0694,-3.27E-12
15.0673,-3.26E-12
15.0653,-3.24E-12
15.0632,-3.21E-12
15.0611,-3.17E-12
15.0591,-3.11E-12
15.057,-3.04E-12
15.055,-2.95E-12
15.053,-2.84E-12
15.0509,-2.72E-12
15.0489,-2.58E-12
15.0469,-2.41E-12
15.0449,-2.32E-12
15.0429,-2.31E-12
15.041,-2.30E-12
15.039,-2.28E-12
15.037,-2.26E-12
15.0351,-2.25E-12
15.0331,-2.23E-12
15.0312,-2.20E-12
15.0293,-2.18E-12
15.0274,-2.15E-12
15.0255,-2.13E-12
15.0236,-2.10E-12
15.0217,-2.06E-12
15.0198,-2.03E-12
15.0179,-2.00E-12
15.016,-1.96E-12
15.0142,-1.92E-12
15.0123,-1.88E-12
15.0105,-1.83E-12
15.0087,-1.79E-12
15.0068,-1.74E-12
15.005,-1.69E-12
15.0032,-1.64E-12
15.0014,-1.58E-12
14.9996,-1.53E-12
14.9978,-1.47E-12
14.9961,-1.41E-12
14.9943,-1.35E-12
14.9925,-1.29E-12
14.9908,-1.22E-12
14.989,-1.15E-12
14.9873,-1.08E-12
14.9856,-1.01E-12
14.9839,-9.39E-13
14.9822,-8.64E-13
14.9804,-8.02E-13
14.9788,-7.40E-13
14.9771,-6.78E-13
14.9754,-6.16E-13
14.9737,-5.54E-13
14.972,-4.93E-13
14.9704,-4.32E-13
14.9687,-3.72E-13
14.9671,-3.13E-13
14.9655,-2.55E-13
14.9638,-1.97E-13
14.9622,-1.41E-13
14.9606,-8.71E-14
14.959,-3.43E-14
14.9574,1.68E-14
14.9558,6.59E-14
14.9542,1.13E-13
14.9527,1.57E-13
14.9511,2.00E-13
14.9495,2.39E-13
14.948,2.76E-13
14.9464,3.09E-13
14.9449,3.39E-13
14.9434,3.66E-13
14.9418,3.89E-13
14.9403,4.08E-13
14.9388,4.23E-13
14.9373,4.33E-13
14.9358,4.39E-13
14.9343,4.40E-13
14.9329,4.36E-13
14.9314,4.26E-13
14.9299,4.11E-13
14.9285,3.91E-13
14.927,3.87E-13
14.9256,4.00E-13
14.9241,4.12E-13
14.9227,4.22E-13
14.9213,4.31E-13
14.9199,4.39E-13
14.9185,4.45E-13
14.9171,4.49E-13
14.9157,4.52E-13
14.9143,4.54E-13
14.9129,4.55E-13
14.9115,4.54E-13
14.9102,4.52E-13
14.9088,4.48E-13
14.9074,4.44E-13
14.9061,4.38E-13
14.9048,4.31E-13
14.9034,4.24E-13
14.9021,4.15E-13
14.9008,4.05E-13
14.8995,3.94E-13
14.8982,3.82E-13
14.8969,3.69E-13
14.8956,3.56E-13
14.8943,3.42E-13
14.893,3.27E-13
14.8917,3.12E-13
14.8905,2.97E-13
14.8892,2.81E-13
14.8879,2.64E-13
14.8867,2.47E-13
14.8855,2.31E-13
14.8842,2.14E-13
14.883,1.97E-13
14.8818,1.80E-13
14.8806,1.58E-13
14.8793,1.35E-13
14.8781,1.12E-13
14.8769,8.91E-14
14.8758,6.60E-14
14.8746,4.27E-14
14.8734,1.96E-14
14.8722,-3.49E-15
14.8711,-2.64E-14
14.8699,-4.89E-14
14.8687,-7.12E-14
14.8676,-9.29E-14
14.8665,-1.14E-13
14.8653,-1.35E-13
14.8642,-1.55E-13
14.8631,-1.74E-13
14.862,-1.92E-13
14.8608,-2.09E-13
14.8597,-2.25E-13
14.8586,-2.39E-13
14.8576,-2.53E-13
14.8565,-2.64E-13
14.8554,-2.75E-13
14.8543,-2.83E-13
14.8532,-2.90E-13
14.8522,-2.95E-13
14.8511,-2.97E-13
14.8501,-2.98E-13
14.849,-2.96E-13
14.848,-2.92E-13
14.847,-2.85E-13
14.8459,-2.76E-13
14.8449,-2.64E-13
14.8439,-2.48E-13
14.8429,-2.44E-13
14.8419,-2.47E-13
14.8409,-2.50E-13
14.8399,-2.52E-13
14.8389,-2.53E-13
14.8379,-2.54E-13
14.837,-2.54E-13
14.836,-2.54E-13
14.835,-2.53E-13
14.8341,-2.51E-13
14.8331,-2.49E-13
14.8322,-2.46E-13
14.8312,-2.43E-13
14.8303,-2.39E-13
14.8294,-2.34E-13
14.8284,-2.29E-13
14.8275,-2.24E-13
14.8266,-2.18E-13
14.8257,-2.12E-13
14.8248,-2.05E-13
14.8239,-1.98E-13
14.823,-1.91E-13
14.8221,-1.83E-13
14.8212,-1.75E-13
14.8204,-1.67E-13
14.8195,-1.59E-13
14.8186,-1.50E-13
14.8178,-1.42E-13
14.8169,-1.33E-13
14.8161,-1.24E-13
14.8152,-1.16E-13
14.8144,-1.07E-13
14.8136,-9.86E-14
14.8127,-9.02E-14
14.8119,-8.16E-14
14.8111,-6.96E-14
14.8103,-5.75E-14
14.8095,-4.53E-14
14.8087,-3.30E-14
14.8079,-2.07E-14
14.8071,-8.43E-15
14.8063,3.81E-15
14.8055,1.60E-14
14.8047,2.80E-14
14.804,3.98E-14
14.8032,5.14E-14
14.8024,6.27E-14
14.8017,7.38E-14
14.8009,8.44E-14
14.8002,9.47E-14
14.7995,1.04E-13
14.7987,1.14E-13
14.798,1.22E-13
14.7973,1.30E-13
14.7965,1.38E-13
14.7958,1.45E-13
14.7951,1.50E-13
14.7944,1.55E-13
14.7937,1.60E-13
14.793,1.63E-13
14.7923,1.65E-13
14.7916,1.66E-13
14.791,1.66E-13
14.7903,1.64E-13
14.7896,1.61E-13
14.7889,1.57E-13
14.7883,1.52E-13
14.7876,1.45E-13
14.787,1.36E-13
14.7863,1.34E-13
14.7857,1.35E-13
14.785,1.36E-13
14.7844,1.37E-13
14.7838,1.37E-13
14.7832,1.38E-13
14.7825,1.37E-13
14.7819,1.37E-13
14.7813,1.36E-13
14.7807,1.35E-13
14.7801,1.33E-13
14.7795,1.32E-13
14.7789,1.30E-13
14.7783,1.27E-13
14.7777,1.25E-13
14.7772,1.22E-13
14.7766,1.19E-13
14.776,1.16E-13
14.7755,1.12E-13
14.7749,1.09E-13
14.7744,1.05E-13
14.7738,1.01E-13
14.7733,9.66E-14
14.7727,9.23E-14
14.7722,8.79E-14
14.7716,8.34E-14
14.7711,7.88E-14
14.7706,7.42E-14
14.7701,6.95E-14
14.7696,6.49E-14
14.769,6.03E-14
14.7685,5.57E-14
14.768,5.12E-14
14.7675,4.67E-14
14.767,4.21E-14
14.7666,3.58E-14
14.7661,2.95E-14
14.7656,2.31E-14
14.7651,1.67E-14
14.7646,1.03E-14
14.7642,3.88E-15
14.7637,-2.48E-15
14.7632,-8.79E-15
14.7628,-1.50E-14
14.7623,-2.11E-14
14.7619,-2.71E-14
14.7615,-3.30E-14
14.761,-3.87E-14
14.7606,-4.42E-14
14.7601,-4.95E-14
14.7597,-5.45E-14
14.7593,-5.92E-14
14.7589,-6.37E-14
14.7585,-6.78E-14
14.7581,-7.16E-14
14.7577,-7.50E-14
14.7573,-7.80E-14
14.7569,-8.05E-14
14.7565,-8.26E-14
14.7561,-8.42E-14
14.7557,-8.52E-14
14.7553,-8.56E-14
14.7549,-8.55E-14
14.7546,-8.47E-14
14.7542,-8.33E-14
14.7538,-8.11E-14
14.7535,-7.82E-14
14.7531,-7.45E-14
14.7527,-7.00E-14
14.7524,-6.90E-14
14.7521,-6.97E-14
14.7517,-7.01E-14
14.7514,-7.05E-14
14.751,-7.06E-14
14.7507,-7.06E-14
14.7504,-7.04E-14
14.7501,-7.00E-14
14.7497,-6.95E-14
14.7494,-6.88E-14
14.7491,-6.80E-14
14.7488,-6.71E-14
14.7485,-6.60E-14
14.7482,-6.47E-14
14.7479,-6.33E-14
14.7476,-6.18E-14
14.7473,-6.02E-14
14.747,-5.85E-14
14.7468,-5.67E-14
14.7465,-5.47E-14
14.7462,-5.27E-14
14.7459,-5.06E-14
14.7457,-4.84E-14
14.7454,-4.62E-14
14.7452,-4.39E-14
14.7449,-4.16E-14
14.7447,-3.92E-14
14.7444,-3.68E-14
14.7442,-3.45E-14
14.7439,-3.21E-14
14.7437,-2.97E-14
14.7435,-2.74E-14
14.7432,-2.51E-14
14.743,-2.29E-14
14.7428,-2.03E-14
14.7426,-1.57E-14
14.7423,-1.10E-14
14.7421,-6.11E-15
14.7419,-1.15E-15
14.7417,3.92E-15
14.7415,9.10E-15
14.7413,1.44E-14
14.7411,1.97E-14
14.7409,2.51E-14
14.7408,3.06E-14
14.7406,3.62E-14
14.7404,4.17E-14
14.7402,4.74E-14
14.74,5.30E-14
14.7399,5.86E-14
14.7397,6.42E-14
14.7395,6.98E-14
14.7394,7.53E-14
14.7392,8.08E-14
14.7391,8.63E-14
14.7389,9.16E-14
14.7388,9.68E-14
14.7386,1.02E-13
14.7385,1.07E-13
14.7384,1.12E-13
14.7382,1.16E-13
14.7381,1.21E-13
14.738,1.25E-13
14.7379,1.29E-13
14.7377,1.33E-13
14.7376,1.36E-13
14.7375,1.40E-13
14.7374,1.42E-13
14.7373,1.45E-13
14.7372,1.47E-13
14.7371,1.49E-13
14.737,1.50E-13
14.7369,1.51E-13
14.7368,1.52E-13
14.7367,1.52E-13
14.7367,1.51E-13
14.7366,1.50E-13
14.7365,1.49E-13
14.7364,1.46E-13
14.7364,1.43E-13
14.7363,1.40E-13
14.7362,1.36E-13
14.7362,1.31E-13
14.7361,1.25E-13
14.7361,1.19E-13
14.736,1.12E-13
14.736,1.07E-13
14.7359,1.10E-13
14.7359,1.13E-13
14.7358,1.15E-13
14.7358,1.18E-13
14.7358,1.20E-13
14.7357,1.22E-13
14.7357,1.25E-13
14.7357,1.27E-13
14.7357,1.29E-13
14.7356,1.32E-13
14.7356,1.34E-13
14.7356,1.36E-13
14.7356,1.38E-13
14.7356,1.40E-13
14.7356,1.41E-13
14.7356,1.43E-13
14.7356,1.45E-13
14.7356,1.46E-13
14.7356,1.48E-13
14.7356,1.49E-13
14.7357,1.50E-13
14.7357,1.51E-13
14.7357,1.52E-13
14.7357,1.53E-13
14.7357,1.54E-13
14.7358,1.54E-13
14.7358,1.55E-13
14.7358,1.55E-13
14.7359,1.55E-13
14.7359,1.54E-13
14.736,1.54E-13
14.736,1.53E-13
14.7361,1.53E-13
14.7361,1.52E-13
14.7362,1.50E-13
14.7362,1.49E-13
14.7363,1.47E-13
14.7364,1.45E-13
14.7364,1.43E-13
14.7365,1.41E-13
14.7366,1.38E-13
14.7367,1.35E-13
14.7367,1.32E-13
14.7368,1.28E-13
14.7369,1.24E-13
14.737,1.20E-13
14.7371,1.15E-13
14.7372,1.10E-13
14.7373,1.05E-13
14.7374,9.89E-14
14.7375,9.29E-14
14.7376,8.86E-14
14.7377,8.71E-14
14.7378,8.55E-14
14.7379,8.39E-14
14.738,8.23E-14
14.7381,8.06E-14
14.7383,7.90E-14
14.7384,7.73E-14
14.7385,7.56E-14
14.7386,7.39E-14
14.7388,7.21E-14
14.7389,7.04E-14
14.739,6.86E-14
14.7392,6.69E-14
14.7393,6.51E-14
14.7395,6.33E-14
14.7396,6.15E-14
14.7397,5.97E-14
14.7399,5.79E-14
14.7401,5.61E-14
14.7402,5.43E-14
14.7404,5.25E-14
14.7405,5.07E-14
14.7407,4.89E-14
14.7409,4.71E-14
14.741,4.53E-14
14.7412,4.36E-14
14.7414,4.18E-14
14.7416,4.00E-14
14.7417,3.83E-14
14.7419,3.66E-14
14.7421,3.48E-14
14.7423,3.31E-14
14.7425,3.15E-14
14.7427,2.98E-14
14.7429,2.82E-14
14.7431,2.65E-14
14.7433,2.49E-14
14.7435,2.34E-14
14.7437,2.18E-14
14.7439,2.03E-14
14.7441,1.88E-14
14.7443,1.74E-14
14.7445,1.59E-14
14.7447,1.46E-14
14.745,1.32E-14
14.7452,1.19E-14
14.7454,1.06E-14
14.7456,9.36E-15
14.7459,8.16E-15
14.7461,7.01E-15
14.7463,5.89E-15
14.7466,4.69E-15
14.7468,3.42E-15
14.747,2.17E-15
14.7473,9.52E-16
14.7475,-2.33E-16
14.7478,-1.39E-15
14.748,-2.51E-15
14.7483,-3.60E-15
14.7485,-4.65E-15
14.7488,-5.67E-15
14.749,-6.66E-15
14.7493,-7.61E-15
14.7496,-8.52E-15
14.7498,-9.40E-15
14.7501,-1.02E-14
14.7504,-1.10E-14
14.7507,-1.18E-14
14.7509,-1.25E-14
14.7512,-1.32E-14
14.7515,-1.39E-14
14.7518,-1.45E-14
14.7521,-1.50E-14
14.7523,-1.55E-14
14.7526,-1.60E-14
14.7529,-1.65E-14
14.7532,-1.68E-14
14.7535,-1.72E-14
14.7538,-1.75E-14
14.7541,-1.78E-14
14.7544,-1.80E-14
14.7547,-1.82E-14
14.755,-1.83E-14
14.7553,-1.84E-14
14.7557,-1.84E-14
14.756,-1.84E-14
14.7563,-1.84E-14
14.7566,-1.83E-14
14.7569,-1.81E-14
14.7572,-1.79E-14
14.7576,-1.77E-14
14.7579,-1.74E-14
14.7582,-1.71E-14
14.7586,-1.67E-14
14.7589,-1.63E-14
14.7592,-1.58E-14
14.7596,-1.53E-14
14.7599,-1.48E-14
14.7602,-1.42E-14
14.7606,-1.35E-14
14.7609,-1.28E-14
14.7613,-1.21E-14
14.7616,-1.13E-14
14.762,-1.07E-14
14.7623,-1.02E-14
14.7627,-9.63E-15
14.763,-9.09E-15
14.7634,-8.53E-15
14.7638,-7.95E-15
14.7641,-7.37E-15
14.7645,-6.77E-15
14.7649,-6.15E-15
14.7652,-5.53E-15
14.7656,-4.90E-15
14.766,-4.26E-15
14.7664,-3.61E-15
14.7667,-2.96E-15
14.7671,-2.31E-15
14.7675,-1.65E-15
14.7679,-9.95E-16
14.7683,-3.40E-16
14.7687,3.13E-16
14.7691,9.61E-16
14.7695,1.60E-15
14.7698,2.24E-15
14.7702,2.87E-15
14.7706,3.48E-15
14.771,4.08E-15
14.7714,4.67E-15
14.7719,5.24E-15
14.7723,5.80E-15
14.7727,6.33E-15
14.7731,6.84E-15
14.7735,7.33E-15
14.7739,7.79E-15
14.7743,8.23E-15
14.7747,8.63E-15
14.7752,9.01E-15
14.7756,9.35E-15
14.776,9.65E-15
14.7764,9.92E-15
14.7769,1.01E-14
14.7773,1.03E-14
14.7777,1.05E-14
14.7781,1.06E-14
14.7786,1.06E-14
14.779,1.06E-14
14.7795,1.05E-14
14.7799,1.04E-14
14.7803,1.02E-14
14.7808,1.00E-14
14.7812,9.70E-15
14.7817,9.33E-15
14.7821,8.90E-15
14.7826,8.40E-15
14.783,8.51E-15
14.7835,8.80E-15
14.7839,9.08E-15
14.7844,9.36E-15
14.7849,9.62E-15
14.7853,9.87E-15
14.7858,1.01E-14
14.7863,1.03E-14
14.7867,1.05E-14
14.7872,1.08E-14
14.7877,1.09E-14
14.7881,1.11E-14
14.7886,1.13E-14
14.7891,1.14E-14
14.7896,1.16E-14
14.7901,1.17E-14
14.7905,1.18E-14
14.791,1.19E-14
14.7915,1.20E-14
14.792,1.20E-14
14.7925,1.21E-14
14.793,1.21E-14
14.7935,1.21E-14
14.794,1.21E-14
14.7945,1.21E-14
14.795,1.21E-14
14.7955,1.21E-14
14.796,1.20E-14
14.7965,1.19E-14
14.797,1.18E-14
14.7975,1.17E-14
14.798,1.16E-14
14.7985,1.14E-14
14.799,1.13E-14
14.7995,1.11E-14
14.8,1.09E-14
14.8005,1.07E-14
14.8011,1.04E-14
14.8016,1.02E-14
14.8021,9.93E-15
14.8026,9.64E-15
14.8031,9.34E-15
14.8037,9.02E-15
14.8042,8.68E-15
14.8047,8.32E-15
14.8053,7.94E-15
14.8058,7.55E-15
14.8063,7.14E-15
14.8069,6.71E-15
14.8074,6.26E-15
14.8079,5.80E-15
14.8085,5.32E-15
14.809,4.97E-15
14.8096,4.63E-15
14.8101,4.29E-15
14.8107,3.94E-15
14.8112,3.59E-15
14.8118,3.23E-15
14.8123,2.88E-15
14.8129,2.52E-15
14.8134,2.16E-15
14.814,1.79E-15
14.8145,1.43E-15
14.8151,1.07E-15
14.8156,7.08E-16
14.8162,3.49E-16
14.8168,-9.20E-18
14.8173,-3.64E-16
14.8179,-7.16E-16
14.8185,-1.06E-15
14.819,-1.41E-15
14.8196,-1.74E-15
14.8202,-2.07E-15
14.8208,-2.40E-15
14.8213,-2.71E-15
14.8219,-3.02E-15
14.8225,-3.32E-15
14.8231,-3.61E-15
14.8237,-3.89E-15
14.8242,-4.15E-15
14.8248,-4.40E-15
14.8254,-4.64E-15
14.826,-4.87E-15
14.8266,-5.08E-15
14.8272,-5.27E-15
14.8278,-5.45E-15
14.8284,-5.61E-15
14.829,-5.75E-15
14.8296,-5.87E-15
14.8302,-5.97E-15
14.8308,-6.04E-15
14.8314,-6.10E-15
14.832,-6.13E-15
14.8326,-6.14E-15
14.8332,-6.12E-15
14.8338,-6.07E-15
14.8344,-6.00E-15
14.835,-5.90E-15
14.8356,-5.76E-15
14.8362,-5.60E-15
14.8368,-5.41E-15
14.8374,-5.18E-15
14.8381,-4.91E-15
14.8387,-4.62E-15
14.8393,-4.71E-15
14.8399,-4.81E-15
14.8405,-4.89E-15
14.8412,-4.97E-15
14.8418,-5.05E-15
14.8424,-5.12E-15
14.843,-5.18E-15
14.8437,-5.24E-15
14.8443,-5.29E-15
14.8449,-5.34E-15
14.8456,-5.37E-15
14.8462,-5.41E-15
14.8468,-5.43E-15
14.8475,-5.46E-15
14.8481,-5.47E-15
14.8488,-5.48E-15
14.8494,-5.48E-15
14.85,-5.48E-15
14.8507,-5.47E-15
14.8513,-5.45E-15
14.852,-5.43E-15
14.8526,-5.40E-15
14.8533,-5.36E-15
14.8539,-5.32E-15
14.8546,-5.27E-15
14.8552,-5.22E-15
14.8559,-5.16E-15
14.8565,-5.09E-15
14.8572,-5.02E-15
14.8579,-4.94E-15
14.8585,-4.86E-15
14.8592,-4.77E-15
14.8598,-4.68E-15
14.8605,-4.58E-15
14.8612,-4.47E-15
14.8618,-4.36E-15
14.8625,-4.24E-15
14.8632,-4.12E-15
14.8638,-3.99E-15
14.8645,-3.85E-15
14.8652,-3.72E-15
14.8659,-3.57E-15
14.8665,-3.42E-15
14.8672,-3.27E-15
14.8679,-3.11E-15
14.8686,-2.95E-15
14.8692,-2.78E-15
14.8699,-2.61E-15
14.8706,-2.44E-15
14.8713,-2.26E-15
14.872,-2.07E-15
14.8727,-1.89E-15
14.8733,-1.72E-15
14.874,-1.56E-15
14.8747,-1.39E-15
14.8754,-1.22E-15
14.8761,-1.05E-15
14.8768,-8.82E-16
14.8775,-7.11E-16
14.8782,-5.41E-16
14.8789,-3.71E-16
14.8796,-2.01E-16
14.8803,-3.20E-17
14.881,1.36E-16
14.8817,3.03E-16
14.8824,4.68E-16
14.8831,6.31E-16
14.8838,7.92E-16
14.8845,9.51E-16
14.8852,1.11E-15
14.8859,1.26E-15
14.8866,1.41E-15
14.8873,1.55E-15
14.888,1.70E-15
14.8888,1.83E-15
14.8895,1.97E-15
14.8902,2.09E-15
14.8909,2.21E-15
14.8916,2.33E-15
14.8923,2.44E-15
14.8931,2.54E-15
14.8938,2.64E-15
14.8945,2.73E-15
14.8952,2.81E-15
14.8959,2.89E-15
14.8967,2.95E-15
14.8974,3.01E-15
14.8981,3.06E-15
14.8989,3.09E-15
14.8996,3.12E-15
14.9003,3.14E-15
14.901,3.14E-15
14.9018,3.14E-15
14.9025,3.12E-15
14.9032,3.10E-15
14.904,3.05E-15
14.9047,3.00E-15
14.9055,2.93E-15
14.9062,2.85E-15
14.9069,2.76E-15
14.9077,2.65E-15
14.9084,2.52E-15
14.9092,2.38E-15
14.9099,2.26E-15
14.9107,2.29E-15
14.9114,2.30E-15
14.9121,2.32E-15
14.9129,2.33E-15
14.9136,2.34E-15
14.9144,2.35E-15
14.9151,2.36E-15
14.9159,2.36E-15
14.9167,2.36E-15
14.9174,2.36E-15
14.9182,2.35E-15
14.9189,2.34E-15
14.9197,2.33E-15
14.9204,2.32E-15
14.9212,2.30E-15
14.922,2.28E-15
14.9227,2.26E-15
14.9235,2.24E-15
14.9242,2.22E-15
14.925,2.19E-15
14.9258,2.16E-15
14.9265,2.13E-15
14.9273,2.09E-15
14.9281,2.05E-15
14.9289,2.02E-15
14.9296,1.98E-15
14.9304,1.93E-15
14.9312,1.89E-15
14.9319,1.84E-15
14.9327,1.80E-15
14.9335,1.75E-15
14.9343,1.70E-15
14.935,1.64E-15
14.9358,1.59E-15
14.9366,1.54E-15
14.9374,1.48E-15
14.9382,1.42E-15
14.9389,1.37E-15
14.9397,1.31E-15
14.9405,1.25E-15
14.9413,1.19E-15
14.9421,1.13E-15
14.9429,1.07E-15
14.9437,1.00E-15
14.9444,9.43E-16
14.9452,8.81E-16
14.946,8.19E-16
14.9468,7.58E-16
14.9476,6.97E-16
14.9484,6.36E-16
14.9492,5.76E-16
14.95,5.11E-16
14.9508,4.35E-16
14.9516,3.59E-16
14.9524,2.83E-16
14.9532,2.07E-16
14.954,1.31E-16
14.9548,5.48E-17
14.9556,-2.10E-17
14.9564,-9.64E-17
14.9572,-1.71E-16
14.958,-2.46E-16
14.9588,-3.19E-16
14.9596,-3.92E-16
14.9604,-4.64E-16
14.9612,-5.35E-16
14.962,-6.04E-16
14.9628,-6.73E-16
14.9637,-7.39E-16
14.9645,-8.05E-16
14.9653,-8.68E-16
14.9661,-9.30E-16
14.9669,-9.90E-16
14.9677,-1.05E-15
14.9685,-1.10E-15
14.9693,-1.16E-15
14.9702,-1.21E-15
14.971,-1.25E-15
14.9718,-1.30E-15
14.9726,-1.34E-15
14.9734,-1.38E-15
14.9743,-1.41E-15
14.9751,-1.45E-15
14.9759,-1.47E-15
14.9767,-1.50E-15
14.9776,-1.52E-15
14.9784,-1.54E-15
14.9792,-1.55E-15
14.98,-1.56E-15
14.9809,-1.56E-15
14.9817,-1.56E-15
14.9825,-1.55E-15
14.9834,-1.54E-15
14.9842,-1.52E-15
14.985,-1.50E-15
14.9858,-1.47E-15
14.9867,-1.44E-15
14.9875,-1.40E-15
14.9883,-1.36E-15
14.9892,-1.30E-15
14.99,-1.25E-15
14.9909,-1.18E-15
14.9917,-1.11E-15
14.9925,-1.07E-15
14.9934,-1.06E-15
14.9942,-1.06E-15
14.9951,-1.06E-15
14.9959,-1.05E-15
14.9967,-1.05E-15
14.9976,-1.04E-15
14.9984,-1.03E-15
14.9993,-1.02E-15
15.0001,-1.01E-15
15.001,-9.99E-16
15.0018,-9.86E-16
15.0027,-9.72E-16
15.0035,-9.57E-16
15.0044,-9.41E-16
15.0052,-9.24E-16
15.0061,-9.06E-16
15.0069,-8.88E-16
15.0078,-8.68E-16
15.0086,-8.48E-16
15.0095,-8.27E-16
15.0103,-8.05E-16
15.0112,-7.83E-16
15.012,-7.60E-16
15.0129,-7.36E-16
15.0138,-7.12E-16
15.0146,-6.88E-16
15.0155,-6.63E-16
15.0163,-6.37E-16
15.0172,-6.12E-16
15.0181,-5.86E-16
15.0189,-5.60E-16
15.0198,-5.33E-16
15.0206,-5.07E-16
15.0215,-4.81E-16
15.0224,-4.54E-16
15.0232,-4.28E-16
15.0241,-4.02E-16
15.025,-3.76E-16
15.0258,-3.51E-16
15.0267,-3.26E-16
15.0276,-3.01E-16
15.0284,-2.77E-16
15.0293,-2.54E-16
15.0302,-2.31E-16
15.0311,-2.09E-16
15.0319,-1.88E-16
15.0328,-1.68E-16
15.0337,-1.48E-16
15.0346,-1.30E-16
15.0354,-1.13E-16
15.0363,-9.76E-17
15.0372,-7.26E-17
15.0381,-3.95E-17
15.0389,-6.33E-18
15.0398,2.67E-17
15.0407,5.96E-17
15.0416,9.23E-17
15.0424,1.25E-16
15.0433,1.57E-16
15.0442,1.89E-16
15.0451,2.20E-16
15.046,2.51E-16
15.0469,2.82E-16
15.0477,3.12E-16
15.0486,3.42E-16
15.0495,3.70E-16
15.0504,3.99E-16
15.0513,4.26E-16
15.0522,4.53E-16
15.0531,4.79E-16
15.0539,5.04E-16
15.0548,5.28E-16
15.0557,5.51E-16
15.0566,5.73E-16
15.0575,5.94E-16
15.0584,6.14E-16
15.0593,6.33E-16
15.0602,6.50E-16
15.0611,6.66E-16
15.062,6.81E-16
15.0629,6.94E-16
15.0638,7.06E-16
15.0647,7.16E-16
15.0656,7.25E-16
15.0664,7.32E-16
15.0673,7.37E-16
15.0682,7.40E-16
15.0691,7.42E-16
15.07,7.41E-16
15.0709,7.39E-16
15.0718,7.34E-16
15.0727,7.28E-16
15.0736,7.19E-16
15.0745,7.08E-16
15.0755,6.94E-16
15.0764,6.78E-16
15.0773,6.60E-16
15.0782,6.39E-16
15.0791,6.16E-16
15.08,5.90E-16
15.0809,5.61E-16
15.0818,5.29E-16
15.0827,4.95E-16
15.0836,4.79E-16
15.0845,4.74E-16
15.0854,4.69E-16
15.0863,4.62E-16
15.0872,4.56E-16
15.0881,4.48E-16
15.0891,4.41E-16
15.09,4.32E-16
15.0909,4.24E-16
15.0918,4.15E-16
15.0927,4.05E-16
15.0936,3.95E-16
15.0945,3.85E-16
15.0955,3.74E-16
15.0964,3.63E-16
15.0973,3.52E-16
15.0982,3.40E-16
15.0991,3.28E-16
15.1,3.16E-16
15.1009,3.04E-16
15.1019,2.91E-16
15.1028,2.79E-16
15.1037,2.66E-16
15.1046,2.53E-16
15.1055,2.40E-16
15.1065,2.27E-16
15.1074,2.13E-16
15.1083,2.00E-16
15.1092,1.87E-16
15.1102,1.74E-16
15.1111,1.61E-16
15.112,1.48E-16
15.1129,1.36E-16
15.1139,1.23E-16
15.1148,1.11E-16
15.1157,9.92E-17
15.1166,8.75E-17
15.1176,7.63E-17
15.1185,6.54E-17
15.1194,5.50E-17
15.1203,4.50E-17
15.1213,3.55E-17
15.1222,2.66E-17
15.1231,1.83E-17
15.1241,1.07E-17
15.125,3.67E-18
15.1259,-2.60E-18
15.1269,-8.09E-18
15.1278,-1.28E-17
15.1287,-1.66E-17
15.1297,-1.95E-17
15.1306,-2.14E-17
15.1315,-3.26E-17
15.1325,-4.64E-17
15.1334,-6.02E-17
15.1343,-7.38E-17
15.1353,-8.73E-17
15.1362,-1.01E-16
15.1371,-1.14E-16
15.1381,-1.27E-16
15.139,-1.40E-16
15.1399,-1.52E-16
15.1409,-1.65E-16
15.1418,-1.77E-16
15.1428,-1.88E-16
15.1437,-2.00E-16
15.1446,-2.11E-16
15.1456,-2.22E-16
15.1465,-2.32E-16
15.1475,-2.42E-16
15.1484,-2.52E-16
15.1493,-2.61E-16
15.1503,-2.70E-16
15.1512,-2.79E-16
15.1522,-2.86E-16
15.1531,-2.94E-16
15.1541,-3.01E-16
15.155,-3.07E-16
15.156,-3.13E-16
15.1569,-3.18E-16
15.1578,-3.23E-16
15.1588,-3.27E-16
15.1597,-3.30E-16
15.1607,-3.33E-16
15.1616,-3.35E-16
15.1626,-3.36E-16
15.1635,-3.36E-16
15.1645,-3.36E-16
15.1654,-3.35E-16
15.1664,-3.33E-16
15.1673,-3.31E-16
15.1683,-3.27E-16
15.1692,-3.23E-16
15.1702,-3.17E-16
15.1711,-3.11E-16
15.1721,-3.04E-16
15.173,-2.96E-16
15.174,-2.87E-16
15.1749,-2.77E-16
15.1759,-2.66E-16
15.1769,-2.53E-16
15.1778,-2.40E-16
15.1788,-2.26E-16
15.1797,-2.10E-16
15.1807,-2.05E-16
15.1816,-2.01E-16
15.1826,-1.97E-16
15.1835,-1.92E-16
15.1845,-1.87E-16
15.1855,-1.82E-16
15.1864,-1.77E-16
15.1874,-1.72E-16
15.1883,-1.66E-16
15.1893,-1.61E-16
15.1902,-1.55E-16
15.1912,-1.49E-16
15.1922,-1.43E-16
15.1931,-1.37E-16
15.1941,-1.30E-16
15.195,-1.24E-16
15.196,-1.18E-16
15.197,-1.11E-16
15.1979,-1.05E-16
15.1989,-9.79E-17
15.1999,-9.13E-17
15.2008,-8.47E-17
15.2018,-7.80E-17
15.2027,-7.14E-17
15.2037,-6.48E-17
15.2047,-5.83E-17
15.2056,-5.18E-17
15.2066,-4.54E-17
15.2076,-3.91E-17
15.2085,-3.29E-17
15.2095,-2.68E-17
15.2105,-2.09E-17
15.2114,-1.52E-17
15.2124,-9.67E-18
15.2134,-4.33E-18
15.2143,7.79E-19
15.2153,5.65E-18
15.2163,1.03E-17
15.2172,1.46E-17
15.2182,1.86E-17
15.2192,2.23E-17
15.2201,2.56E-17
15.2211,2.86E-17
15.2221,3.12E-17
15.2231,3.34E-17
15.224,3.51E-17
15.225,3.64E-17
15.226,3.72E-17
15.2269,3.75E-17
15.2279,3.73E-17
15.2289,3.65E-17
15.2298,3.52E-17
15.2308,4.07E-17
15.2318,4.62E-17
15.2328,5.16E-17
15.2337,5.70E-17
15.2347,6.22E-17
15.2357,6.74E-17
15.2367,7.25E-17
15.2376,7.74E-17
15.2386,8.23E-17
15.2396,8.70E-17
15.2406,9.16E-17
15.2415,9.60E-17
15.2425,1.00E-16
15.2435,1.05E-16
15.2445,1.09E-16
15.2454,1.12E-16
15.2464,1.16E-16
15.2474,1.20E-16
15.2484,1.23E-16
15.2494,1.26E-16
15.2503,1.29E-16
15.2513,1.32E-16
15.2523,1.34E-16
15.2533,1.37E-16
15.2542,1.39E-16
15.2552,1.41E-16
15.2562,1.42E-16
15.2572,1.44E-16
15.2582,1.45E-16
15.2591,1.46E-16
15.2601,1.46E-16
15.2611,1.47E-16
15.2621,1.47E-16
15.2631,1.47E-16
15.264,1.46E-16
15.265,1.45E-16
15.266,1.44E-16
15.267,1.43E-16
15.268,1.41E-16
15.269,1.39E-16
15.2699,1.37E-16
15.2709,1.34E-16
15.2719,1.31E-16
15.2729,1.27E-16
15.2739,1.23E-16
15.2749,1.19E-16
15.2758,1.15E-16
15.2768,1.10E-16
15.2778,1.04E-16
15.2788,9.83E-17
15.2798,9.21E-17
15.2808,8.60E-17
15.2817,8.36E-17
15.2827,8.11E-17
15.2837,7.85E-17
15.2847,7.59E-17
15.2857,7.31E-17
15.2867,7.03E-17
15.2877,6.75E-17
15.2887,6.45E-17
15.2896,6.15E-17
15.2906,5.85E-17
15.2916,5.54E-17
15.2926,5.22E-17
15.2936,4.90E-17
15.2946,4.58E-17
15.2956,4.26E-17
15.2966,3.93E-17
15.2975,3.61E-17
15.2985,3.28E-17
15.2995,2.95E-17
15.3005,2.63E-17
15.3015,2.30E-17
15.3025,1.98E-17
15.3035,1.66E-17
15.3045,1.35E-17
15.3055,1.03E-17
15.3065,7.28E-18
15.3074,4.27E-18
15.3084,1.34E-18
15.3094,-1.52E-18
15.3104,-4.29E-18
15.3114,-6.97E-18
15.3124,-9.55E-18
15.3134,-1.20E-17
15.3144,-1.44E-17
15.3154,-1.66E-17
15.3164,-1.87E-17
15.3174,-2.06E-17
15.3184,-2.24E-17
15.3193,-2.40E-17
15.3203,-2.54E-17
15.3213,-2.67E-17
15.3223,-2.77E-17
15.3233,-2.86E-17
15.3243,-2.92E-17
15.3253,-2.96E-17
15.3263,-2.98E-17
15.3273,-2.97E-17
15.3283,-2.93E-17
15.3293,-2.87E-17
15.3303,-2.78E-17
15.3313,-2.66E-17
15.3323,-2.59E-17
15.3333,-2.80E-17
15.3343,-3.01E-17
15.3352,-3.21E-17
15.3362,-3.41E-17
15.3372,-3.60E-17
15.3382,-3.79E-17
15.3392,-3.97E-17
15.3402,-4.15E-17
15.3412,-4.32E-17
15.3422,-4.48E-17
15.3432,-4.64E-17
15.3442,-4.80E-17
15.3452,-4.94E-17
15.3462,-5.08E-17
15.3472,-5.22E-17
15.3482,-5.34E-17
15.3492,-5.46E-17
15.3502,-5.57E-17
15.3512,-5.67E-17
15.3522,-5.77E-17
15.3532,-5.85E-17
15.3542,-5.93E-17
15.3552,-6.00E-17
15.3562,-6.06E-17
15.3572,-6.11E-17
15.3582,-6.15E-17
15.3592,-6.19E-17
15.3602,-6.21E-17
15.3612,-6.22E-17
15.3622,-6.23E-17
15.3632,-6.22E-17
15.3642,-6.20E-17
15.3652,-6.17E-17
15.3662,-6.13E-17
15.3672,-6.08E-17
15.3682,-6.02E-17
15.3692,-5.95E-17
15.3702,-5.86E-17
15.3712,-5.76E-17
15.3722,-5.65E-17
15.3732,-5.53E-17
15.3742,-5.40E-17
15.3752,-5.25E-17
15.3762,-5.09E-17
15.3772,-4.92E-17
15.3782,-4.73E-17
15.3792,-4.54E-17
15.3802,-4.32E-17
15.3812,-4.10E-17
15.3822,-3.86E-17
15.3832,-3.60E-17
15.3842,-3.38E-17
15.3852,-3.25E-17
15.3862,-3.12E-17
15.3872,-2.98E-17
15.3882,-2.85E-17
15.3892,-2.70E-17
15.3902,-2.56E-17
15.3912,-2.41E-17
15.3922,-2.26E-17
15.3932,-2.11E-17
15.3942,-1.96E-17
15.3952,-1.81E-17
15.3962,-1.66E-17
15.3972,-1.50E-17
15.3982,-1.35E-17
15.3992,-1.19E-17
15.4002,-1.04E-17
15.4012,-8.80E-18
15.4022,-7.26E-18
15.4032,-5.73E-18
15.4042,-4.22E-18
15.4052,-2.72E-18
15.4062,-1.24E-18
15.4072,2.16E-19
15.4082,1.64E-18
15.4092,3.04E-18
15.4102,4.40E-18
15.4112,5.73E-18
15.4122,7.01E-18
15.4132,8.25E-18
15.4142,9.43E-18
15.4152,1.06E-17
15.4162,1.16E-17
15.4172,1.27E-17
15.4182,1.36E-17
15.4192,1.45E-17
15.4202,1.53E-17
15.4212,1.60E-17
15.4222,1.67E-17
15.4232,1.72E-17
15.4242,1.77E-17
15.4252,1.80E-17
15.4262,1.83E-17
15.4272,1.85E-17
15.4283,1.85E-17
15.4293,1.85E-17
15.4303,1.83E-17
15.4313,1.80E-17
15.4323,1.75E-17
15.4333,1.70E-17
15.4343,1.62E-17
15.4353,1.54E-17
15.4363,1.52E-17
15.4373,1.59E-17
15.4383,1.67E-17
15.4393,1.74E-17
15.4403,1.81E-17
15.4413,1.87E-17
15.4423,1.93E-17
15.4433,1.99E-17
15.4443,2.05E-17
15.4453,2.11E-17
15.4463,2.16E-17
15.4473,2.21E-17
15.4483,2.26E-17
15.4493,2.30E-17
15.4503,2.35E-17
15.4513,2.38E-17
15.4523,2.42E-17
15.4533,2.45E-17
15.4543,2.48E-17
15.4553,2.51E-17
15.4564,2.53E-17
15.4574,2.55E-17
15.4584,2.57E-17
15.4594,2.58E-17
15.4604,2.59E-17
15.4614,2.60E-17
15.4624,2.60E-17
15.4634,2.60E-17
15.4644,2.59E-17
15.4654,2.58E-17
15.4664,2.57E-17
15.4674,2.56E-17
15.4684,2.54E-17
15.4694,2.51E-17
15.4704,2.49E-17
15.4714,2.46E-17
15.4724,2.42E-17
15.4734,2.38E-17
15.4744,2.34E-17
15.4754,2.29E-17
15.4764,2.24E-17
15.4774,2.19E-17
15.4784,2.13E-17
15.4794,2.06E-17
15.4804,2.00E-17
15.4814,1.93E-17
15.4825,1.85E-17
15.4835,1.77E-17
15.4845,1.69E-17
15.4855,1.60E-17
15.4865,1.51E-17
15.4875,1.41E-17
15.4885,1.33E-17
15.4895,1.27E-17
15.4905,1.21E-17
15.4915,1.14E-17
15.4925,1.08E-17
15.4935,1.01E-17
15.4945,9.40E-18
15.4955,8.72E-18
15.4965,8.03E-18
15.4975,7.33E-18
15.4985,6.63E-18
15.4995,5.93E-18
15.5005,5.22E-18
15.5015,4.52E-18
15.5025,3.82E-18
15.5035,3.12E-18
15.5045,2.42E-18
15.5055,1.73E-18
15.5065,1.05E-18
15.5075,3.70E-19
15.5085,-2.98E-19
15.5095,-9.54E-19
15.5105,-1.60E-18
15.5115,-2.23E-18
15.5125,-2.84E-18
15.5135,-3.44E-18
15.5145,-4.02E-18
15.5155,-4.58E-18
15.5166,-5.12E-18
15.5176,-5.64E-18
15.5186,-6.13E-18
15.5196,-6.59E-18
15.5206,-7.03E-18
15.5216,-7.44E-18
15.5226,-7.81E-18
15.5236,-8.15E-18
15.5246,-8.45E-18
15.5256,-8.72E-18
15.5266,-8.95E-18
15.5276,-9.14E-18
15.5286,-9.28E-18
15.5296,-9.38E-18
15.5306,-9.43E-18
15.5316,-9.43E-18
15.5326,-9.39E-18
15.5336,-9.29E-18
15.5346,-9.13E-18
15.5356,-8.92E-18
15.5366,-8.64E-18
15.5376,-8.31E-18
15.5386,-7.91E-18
15.5396,-7.45E-18
15.5406,-7.46E-18
15.5416,-7.72E-18
15.5426,-7.96E-18
15.5436,-8.20E-18
15.5446,-8.42E-18
15.5456,-8.63E-18
15.5466,-8.84E-18
15.5476,-9.03E-18
15.5486,-9.21E-18
15.5496,-9.37E-18
15.5506,-9.53E-18
15.5516,-9.67E-18
15.5526,-9.80E-18
15.5536,-9.92E-18
15.5546,-1.00E-17
15.5556,-1.01E-17
15.5566,-1.02E-17
15.5576,-1.03E-17
15.5586,-1.03E-17
15.5596,-1.04E-17
15.5606,-1.04E-17
15.5616,-1.04E-17
15.5626,-1.04E-17
15.5636,-1.04E-17
15.5646,-1.04E-17
15.5656,-1.04E-17
15.5666,-1.03E-17
15.5676,-1.02E-17
15.5686,-1.02E-17
15.5696,-1.01E-17
15.5706,-9.98E-18
15.5716,-9.87E-18
15.5726,-9.74E-18
15.5736,-9.60E-18
15.5746,-9.44E-18
15.5755,-9.27E-18
15.5765,-9.09E-18
15.5775,-8.90E-18
15.5785,-8.69E-18
15.5795,-8.47E-18
15.5805,-8.24E-18
15.5815,-7.99E-18
15.5825,-7.74E-18
15.5835,-7.47E-18
15.5845,-7.18E-18
15.5855,-6.89E-18
15.5865,-6.58E-18
15.5875,-6.26E-18
15.5885,-5.93E-18
15.5895,-5.59E-18
15.5905,-5.23E-18
15.5915,-4.86E-18
15.5925,-4.56E-18
15.5935,-4.26E-18
15.5945,-3.97E-18
15.5955,-3.67E-18
15.5965,-3.36E-18
15.5975,-3.06E-18
15.5985,-2.75E-18
15.5994,-2.44E-18
15.6004,-2.13E-18
15.6014,-1.82E-18
15.6024,-1.51E-18
15.6034,-1.20E-18
15.6044,-8.86E-19
15.6054,-5.77E-19
15.6064,-2.70E-19
15.6074,3.46E-20
15.6084,3.36E-19
15.6094,6.34E-19
15.6104,9.27E-19
15.6114,1.22E-18
15.6124,1.50E-18
15.6134,1.78E-18
15.6143,2.05E-18
15.6153,2.31E-18
15.6163,2.56E-18
15.6173,2.81E-18
15.6183,3.05E-18
15.6193,3.27E-18
15.6203,3.49E-18
15.6213,3.69E-18
15.6223,3.88E-18
15.6233,4.06E-18
15.6243,4.23E-18
15.6253,4.38E-18
15.6262,4.51E-18
15.6272,4.63E-18
15.6282,4.74E-18
15.6292,4.82E-18
15.6302,4.89E-18
15.6312,4.94E-18
15.6322,4.96E-18
15.6332,4.97E-18
15.6342,4.96E-18
15.6351,4.92E-18
15.6361,4.86E-18
15.6371,4.77E-18
15.6381,4.66E-18
15.6391,4.53E-18
15.6401,4.36E-18
15.6411,4.17E-18
15.6421,3.95E-18
15.6431,3.70E-18
15.644,3.75E-18
15.645,3.82E-18
15.646,3.89E-18
15.647,3.95E-18
15.648,4.01E-18
15.649,4.07E-18
15.65,4.12E-18
15.6509,4.16E-18
15.6519,4.20E-18
15.6529,4.24E-18
15.6539,4.26E-18
15.6549,4.29E-18
15.6559,4.31E-18
15.6569,4.32E-18
15.6578,4.33E-18
15.6588,4.34E-18
15.6598,4.34E-18
15.6608,4.33E-18
15.6618,4.32E-18
15.6628,4.31E-18
15.6638,4.29E-18
15.6647,4.26E-18
15.6657,4.23E-18
15.6667,4.20E-18
15.6677,4.16E-18
15.6687,4.11E-18
15.6697,4.07E-18
15.6706,4.01E-18
15.6716,3.96E-18
15.6726,3.89E-18
15.6736,3.83E-18
15.6746,3.76E-18
15.6755,3.69E-18
15.6765,3.61E-18
15.6775,3.53E-18
15.6785,3.44E-18
15.6795,3.35E-18
15.6805,3.26E-18
15.6814,3.16E-18
15.6824,3.06E-18
15.6834,2.96E-18
15.6844,2.86E-18
15.6854,2.75E-18
15.6863,2.64E-18
15.6873,2.52E-18
15.6883,2.41E-18
15.6893,2.29E-18
15.6902,2.17E-18
15.6912,2.05E-18
15.6922,1.92E-18
15.6932,1.79E-18
15.6942,1.67E-18
15.6951,1.54E-18
15.6961,1.40E-18
15.6971,1.27E-18
15.6981,1.14E-18
15.699,1.00E-18
15.7,8.65E-19
15.701,7.29E-19
15.702,5.93E-19
15.7029,4.57E-19
15.7039,3.22E-19
15.7049,1.87E-19
15.7059,5.21E-20
15.7068,-8.13E-20
15.7078,-2.14E-19
15.7088,-3.44E-19
15.7098,-4.74E-19
15.7107,-6.01E-19
15.7117,-7.26E-19
15.7127,-8.49E-19
15.7137,-9.69E-19
15.7146,-1.09E-18
15.7156,-1.20E-18
15.7166,-1.31E-18
15.7176,-1.42E-18
15.7185,-1.52E-18
15.7195,-1.62E-18
15.7205,-1.71E-18
15.7214,-1.80E-18
15.7224,-1.89E-18
15.7234,-1.97E-18
15.7244,-2.04E-18
15.7253,-2.11E-18
15.7263,-2.17E-18
15.7273,-2.22E-18
15.7282,-2.27E-18
15.7292,-2.31E-18
15.7302,-2.34E-18
15.7311,-2.37E-18
15.7321,-2.38E-18
15.7331,-2.39E-18
15.7341,-2.39E-18
15.735,-2.38E-18
15.736,-2.36E-18
15.737,-2.33E-18
15.7379,-2.29E-18
15.7389,-2.24E-18
15.7399,-2.18E-18
15.7408,-2.11E-18
15.7418,-2.03E-18
15.7428,-1.93E-18
15.7437,-1.82E-18
15.7447,-1.73E-18
15.7457,-1.86E-18
15.7466,-1.99E-18
15.7476,-2.12E-18
15.7485,-2.25E-18
15.7495,-2.38E-18
15.7505,-2.52E-18
15.7514,-2.65E-18
15.7524,-2.78E-18
15.7534,-2.92E-18
15.7543,-3.05E-18
15.7553,-3.18E-18
15.7563,-3.32E-18
15.7572,-3.45E-18
15.7582,-3.59E-18
15.7591,-3.72E-18
15.7601,-3.85E-18
15.7611,-3.98E-18
15.762,-4.11E-18
15.763,-4.24E-18
15.7639,-4.37E-18
15.7649,-4.50E-18
15.7659,-4.62E-18
15.7668,-4.74E-18
15.7678,-4.86E-18
15.7687,-4.98E-18
15.7697,-5.10E-18
15.7707,-5.21E-18
15.7716,-5.33E-18
15.7726,-5.44E-18
15.7735,-5.54E-18
15.7745,-5.65E-18
15.7755,-5.75E-18
15.7764,-5.84E-18
15.7774,-5.93E-18
15.7783,-6.02E-18
15.7793,-6.11E-18
15.7802,-6.19E-18
15.7812,-6.27E-18
15.7821,-6.34E-18
15.7831,-6.41E-18
15.7841,-6.47E-18
15.785,-6.53E-18
15.786,-6.58E-18
15.7869,-6.62E-18
15.7879,-6.67E-18
15.7888,-6.70E-18
15.7898,-6.73E-18
15.7907,-6.75E-18
15.7917,-6.77E-18
15.7926,-6.78E-18
15.7936,-6.78E-18
15.7945,-6.78E-18
15.7955,-6.77E-18
15.7964,-6.75E-18
15.7974,-6.73E-18
15.7983,-6.69E-18
15.7993,-6.65E-18
15.8002,-6.60E-18
15.8012,-6.55E-18
15.8021,-6.48E-18
15.8031,-6.41E-18
15.804,-6.32E-18
15.805,-6.23E-18
15.8059,-6.13E-18
15.8069,-6.02E-18
15.8078,-5.89E-18
15.8088,-5.76E-18
15.8097,-5.62E-18
15.8107,-5.47E-18
15.8116,-5.31E-18
15.8126,-5.14E-18
15.8135,-4.95E-18
15.8145,-4.76E-18
15.8154,-4.55E-18
15.8163,-4.33E-18
15.8173,-4.10E-18
15.8182,-3.86E-18
15.8192,-3.61E-18
15.8201,-3.59E-18
15.8211,-3.62E-18
15.822,-3.64E-18
15.823,-3.67E-18
15.8239,-3.69E-18
15.8248,-3.72E-18
15.8258,-3.74E-18
15.8267,-3.77E-18
15.8277,-3.79E-18
15.8286,-3.81E-18
15.8295,-3.83E-18
15.8305,-3.86E-18
15.8314,-3.88E-18
15.8324,-3.90E-18
15.8333,-3.91E-18
15.8342,-3.93E-18
15.8352,-3.95E-18
15.8361,-3.97E-18
15.8371,-3.98E-18
15.838,-3.99E-18
15.8389,-4.01E-18
15.8399,-4.02E-18
15.8408,-4.03E-18
15.8417,-4.04E-18
15.8427,-4.05E-18
15.8436,-4.06E-18
15.8445,-4.06E-18
15.8455,-4.07E-18
15.8464,-4.07E-18
15.8474,-4.07E-18
15.8483,-4.07E-18
15.8492,-4.07E-18
15.8502,-4.07E-18
15.8511,-4.07E-18
15.852,-4.06E-18
15.853,-4.05E-18
15.8539,-4.04E-18
15.8548,-4.03E-18
15.8557,-4.02E-18
15.8567,-4.01E-18
15.8576,-3.99E-18
15.8585,-3.97E-18
15.8595,-3.95E-18
15.8604,-3.93E-18
15.8613,-3.91E-18
15.8623,-3.88E-18
15.8632,-3.85E-18
15.8641,-3.82E-18
15.865,-3.79E-18
15.866,-3.76E-18
15.8669,-3.72E-18
15.8678,-3.68E-18
15.8688,-3.64E-18
15.8697,-3.60E-18
15.8706,-3.55E-18
15.8715,-3.50E-18
15.8725,-3.45E-18
15.8734,-3.39E-18
15.8743,-3.34E-18
15.8752,-3.28E-18
15.8762,-3.22E-18
15.8771,-3.15E-18
15.878,-3.08E-18
15.8789,-3.01E-18
15.8798,-2.94E-18
15.8808,-2.86E-18
15.8817,-2.78E-18
15.8826,-2.70E-18
15.8835,-2.61E-18
15.8845,-2.52E-18
15.8854,-2.43E-18
15.8863,-2.34E-18
15.8872,-2.24E-18
15.8881,-2.14E-18
15.8891,-2.03E-18
15.89,-1.92E-18
15.8909,-1.81E-18
15.8918,-1.70E-18
15.8927,-1.63E-18
15.8936,-1.60E-18
15.8946,-1.57E-18
15.8955,-1.54E-18
15.8964,-1.51E-18
15.8973,-1.48E-18
15.8982,-1.45E-18
15.8991,-1.42E-18
15.9001,-1.39E-18
15.901,-1.36E-18
15.9019,-1.33E-18
15.9028,-1.31E-18
15.9037,-1.28E-18
15.9046,-1.25E-18
15.9055,-1.22E-18
15.9064,-1.19E-18
15.9074,-1.16E-18
15.9083,-1.14E-18
15.9092,-1.11E-18
15.9101,-1.08E-18
15.911,-1.06E-18
15.9119,-1.03E-18
15.9128,-1.00E-18
15.9137,-9.76E-19
15.9146,-9.50E-19
15.9156,-9.24E-19
15.9165,-8.99E-19
15.9174,-8.74E-19
15.9183,-8.49E-19
15.9192,-8.24E-19
15.9201,-8.00E-19
15.921,-7.76E-19
15.9219,-7.52E-19
15.9228,-7.28E-19
15.9237,-7.05E-19
15.9246,-6.82E-19
15.9255,-6.59E-19
15.9264,-6.37E-19
15.9273,-6.15E-19
15.9282,-5.94E-19
15.9291,-5.72E-19
15.93,-5.51E-19
15.9309,-5.31E-19
15.9318,-5.11E-19
15.9327,-4.91E-19
15.9336,-4.71E-19
15.9345,-4.52E-19
15.9354,-4.34E-19
15.9363,-4.15E-19
15.9372,-3.97E-19
15.9381,-3.80E-19
15.939,-3.63E-19
15.9399,-3.46E-19
15.9408,-3.30E-19
15.9417,-3.14E-19
15.9426,-2.99E-19
15.9435,-2.84E-19
15.9444,-2.69E-19
15.9453,-2.55E-19
15.9462,-2.41E-19
15.9471,-2.28E-19
15.948,-2.15E-19
15.9489,-2.03E-19
15.9498,-1.91E-19
15.9507,-1.80E-19
15.9516,-1.69E-19
15.9525,-1.59E-19
15.9534,-1.49E-19
15.9543,-1.39E-19
15.9552,-1.30E-19
15.956,-1.22E-19
15.9569,-1.14E-19
15.9578,-1.07E-19
15.9587,-9.98E-20
15.9596,-9.34E-20
15.9605,-8.76E-20
15.9614,-8.23E-20
15.9623,-7.76E-20
15.9632,-7.12E-20
15.964,-6.01E-20
15.9649,-4.91E-20
15.9658,-3.85E-20
15.9667,-2.80E-20
15.9676,-1.79E-20
15.9685,-7.91E-21
15.9694,1.78E-21
15.9702,1.12E-20
15.9711,2.04E-20
15.972,2.94E-20
15.9729,3.81E-20
15.9738,4.65E-20
15.9747,5.48E-20
15.9755,6.27E-20
15.9764,7.05E-20
15.9773,7.79E-20
15.9782,8.52E-20
15.9791,9.22E-20
15.98,9.89E-20
15.9808,1.05E-19
15.9817,1.12E-19
15.9826,1.18E-19
15.9835,1.23E-19
15.9843,1.29E-19
15.9852,1.34E-19
15.9861,1.39E-19
15.987,1.44E-19
15.9879,1.49E-19
15.9887,1.53E-19
15.9896,1.57E-19
15.9905,1.61E-19
15.9914,1.65E-19
15.9922,1.68E-19
15.9931,1.71E-19
15.994,1.74E-19
15.9949,1.77E-19
15.9957,1.79E-19
15.9966,1.81E-19
15.9975,1.83E-19
15.9983,1.85E-19
15.9992,1.87E-19
16.0001,1.88E-19
16.001,1.89E-19
16.0018,1.90E-19
16.0027,1.90E-19
16.0036,1.91E-19
16.0044,1.91E-19
16.0053,1.91E-19
16.0062,1.90E-19
16.007,1.90E-19
16.0079,1.89E-19
16.0088,1.88E-19
16.0096,1.87E-19
16.0105,1.86E-19
16.0114,1.84E-19
16.0122,1.82E-19
16.0131,1.80E-19
16.014,1.78E-19
16.0148,1.75E-19
16.0157,1.73E-19
16.0165,1.70E-19
16.0174,1.67E-19
16.0183,1.63E-19
16.0191,1.60E-19
16.02,1.56E-19
16.0209,1.52E-19
16.0217,1.48E-19
16.0226,1.44E-19
16.0234,1.39E-19
16.0243,1.35E-19
16.0251,1.30E-19
16.026,1.24E-19
16.0269,1.19E-19
16.0277,1.14E-19
16.0286,1.08E-19
16.0294,1.02E-19
16.0303,9.59E-20
16.0311,8.97E-20
16.032,8.66E-20
16.0328,8.35E-20
16.0337,8.03E-20
16.0346,7.71E-20
16.0354,7.39E-20
16.0363,7.06E-20
16.0371,6.73E-20
16.038,6.40E-20
16.0388,6.07E-20
16.0397,5.73E-20
16.0405,5.39E-20
16.0414,5.05E-20
16.0422,4.71E-20
16.0431,4.36E-20
16.0439,4.02E-20
16.0448,3.68E-20
16.0456,3.34E-20
16.0464,2.99E-20
16.0473,2.65E-20
16.0481,2.31E-20
16.049,1.97E-20
16.0498,1.64E-20
16.0507,1.30E-20
16.0515,9.69E-21
16.0524,6.40E-21
16.0532,3.14E-21
16.054,-8.01E-23
16.0549,-3.26E-21
16.0557,-6.41E-21
16.0566,-9.50E-21
16.0574,-1.25E-20
16.0583,-1.55E-20
16.0591,-1.85E-20
16.0599,-2.14E-20
16.0608,-2.42E-20
16.0616,-2.69E-20
16.0624,-2.96E-20
16.0633,-3.22E-20
16.0641,-3.48E-20
16.065,-3.72E-20
16.0658,-3.96E-20
16.0666,-4.19E-20
16.0675,-4.41E-20
16.0683,-4.62E-20
16.0691,-4.82E-20
16.07,-5.01E-20
16.0708,-5.19E-20
16.0716,-5.36E-20
16.0725,-5.52E-20
16.0733,-5.67E-20
16.0741,-5.81E-20
16.075,-5.94E-20
16.0758,-6.05E-20
16.0766,-6.15E-20
16.0775,-6.24E-20
16.0783,-6.32E-20
16.0791,-6.38E-20
16.0799,-6.43E-20
16.0808,-6.46E-20
16.0816,-6.48E-20
16.0824,-6.49E-20
16.0832,-6.48E-20
16.0841,-6.45E-20
16.0849,-6.41E-20
16.0857,-6.36E-20
16.0865,-6.28E-20
16.0874,-6.19E-20
16.0882,-6.09E-20
16.089,-5.97E-20
16.0898,-5.83E-20
16.0907,-5.67E-20
16.0915,-5.49E-20
16.0923,-5.30E-20
16.0931,-5.09E-20
16.0939,-4.86E-20
16.0948,-4.60E-20
16.0956,-4.33E-20
16.0964,-4.04E-20
16.0972,-4.05E-20
16.098,-4.17E-20
16.0989,-4.28E-20
16.0997,-4.40E-20
16.1005,-4.50E-20
16.1013,-4.61E-20
16.1021,-4.71E-20
16.1029,-4.81E-20
16.1037,-4.90E-20
16.1046,-5.00E-20
16.1054,-5.09E-20
16.1062,-5.17E-20
16.107,-5.25E-20
16.1078,-5.33E-20
16.1086,-5.41E-20
16.1094,-5.48E-20
16.1102,-5.55E-20
16.111,-5.62E-20
16.1119,-5.68E-20
16.1127,-5.74E-20
16.1135,-5.80E-20
16.1143,-5.85E-20
16.1151,-5.90E-20
16.1159,-5.94E-20
16.1167,-5.99E-20
16.1175,-6.02E-20
16.1183,-6.06E-20
16.1191,-6.09E-20
16.1199,-6.12E-20
16.1207,-6.14E-20
16.1215,-6.16E-20
16.1223,-6.18E-20
16.1231,-6.19E-20
16.1239,-6.20E-20
16.1247,-6.20E-20
16.1255,-6.20E-20
16.1263,-6.20E-20
16.1271,-6.19E-20
16.1279,-6.18E-20
16.1287,-6.17E-20
16.1295,-6.15E-20
16.1303,-6.13E-20
16.1311,-6.10E-20
16.1319,-6.07E-20
16.1327,-6.04E-20
16.1335,-6.00E-20
16.1343,-5.96E-20
16.1351,-5.91E-20
16.1359,-5.86E-20
16.1367,-5.81E-20
16.1375,-5.75E-20
16.1383,-5.69E-20
16.1391,-5.63E-20
16.1399,-5.56E-20
16.1407,-5.48E-20
16.1414,-5.40E-20
16.1422,-5.32E-20
16.143,-5.24E-20
16.1438,-5.15E-20
16.1446,-5.05E-20
16.1454,-4.95E-20
16.1462,-4.85E-20
16.147,-4.74E-20
16.1477,-4.63E-20
16.1485,-4.52E-20
16.1493,-4.40E-20
16.1501,-4.28E-20
16.1509,-4.15E-20
16.1517,-4.02E-20
16.1525,-3.88E-20
16.1532,-3.74E-20
16.154,-3.60E-20
16.1548,-3.45E-20
16.1556,-3.30E-20
16.1564,-3.15E-20
16.1571,-2.99E-20
16.1579,-2.82E-20
16.1587,-2.66E-20
16.1595,-2.52E-20
16.1603,-2.44E-20
16.161,-2.36E-20
16.1618,-2.27E-20
16.1626,-2.19E-20
16.1634,-2.10E-20
16.1641,-2.02E-20
16.1649,-1.93E-20
16.1657,-1.85E-20
16.1665,-1.76E-20
16.1672,-1.68E-20
16.168,-1.59E-20
16.1688,-1.51E-20
16.1696,-1.42E-20
16.1703,-1.34E-20
16.1711,-1.25E-20
16.1719,-1.17E-20
16.1726,-1.09E-20
16.1734,-1.01E-20
16.1742,-9.23E-21
16.1749,-8.42E-21
16.1757,-7.61E-21
16.1765,-6.81E-21
16.1772,-6.02E-21
16.178,-5.24E-21
16.1788,-4.47E-21
16.1795,-3.71E-21
16.1803,-2.96E-21
16.1811,-2.22E-21
16.1818,-1.49E-21
16.1826,-7.73E-22
16.1833,-7.02E-23
16.1841,6.19E-22
16.1849,1.29E-21
16.1856,1.95E-21
16.1864,2.60E-21
16.1872,3.23E-21
16.1879,3.84E-21
16.1887,4.44E-21
16.1894,5.01E-21
16.1902,5.57E-21
16.1909,6.11E-21
16.1917,6.63E-21
16.1925,7.13E-21
16.1932,7.61E-21
16.194,8.07E-21
16.1947,8.51E-21
16.1955,8.92E-21
16.1962,9.31E-21
16.197,9.68E-21
16.1977,1.00E-20
16.1985,1.03E-20
16.1992,1.06E-20
16.2,1.09E-20
16.2007,1.11E-20
16.2015,1.14E-20
16.2022,1.15E-20
16.203,1.17E-20
16.2037,1.18E-20
16.2045,1.19E-20
16.2052,1.20E-20
16.206,1.20E-20
16.2067,1.20E-20
16.2074,1.20E-20
16.2082,1.19E-20
16.2089,1.18E-20
16.2097,1.17E-20
16.2104,1.16E-20
16.2112,1.14E-20
16.2119,1.11E-20
16.2126,1.09E-20
16.2134,1.06E-20
16.2141,1.02E-20
16.2149,9.85E-21
16.2156,9.43E-21
16.2163,8.97E-21
16.2171,8.48E-21
16.2178,7.94E-21
16.2185,7.53E-21
16.2193,7.79E-21
16.22,8.04E-21
16.2208,8.29E-21
16.2215,8.53E-21
16.2222,8.76E-21
16.223,8.98E-21
16.2237,9.20E-21
16.2244,9.41E-21
16.2251,9.62E-21
16.2259,9.82E-21
16.2266,1.00E-20
16.2273,1.02E-20
16.2281,1.04E-20
16.2288,1.05E-20
16.2295,1.07E-20
16.2303,1.09E-20
16.231,1.10E-20
16.2317,1.12E-20
16.2324,1.13E-20
16.2332,1.14E-20
16.2339,1.15E-20
16.2346,1.17E-20
16.2353,1.18E-20
16.236,1.19E-20
16.2368,1.20E-20
16.2375,1.20E-20
16.2382,1.21E-20
16.2389,1.22E-20
16.2397,1.22E-20
16.2404,1.23E-20
16.2411,1.23E-20
16.2418,1.24E-20
16.2425,1.24E-20
16.2432,1.24E-20
16.244,1.24E-20
16.2447,1.25E-20
16.2454,1.25E-20
16.2461,1.24E-20
16.2468,1.24E-20
16.2475,1.24E-20
16.2482,1.24E-20
16.249,1.23E-20
16.2497,1.23E-20
16.2504,1.22E-20
16.2511,1.22E-20
16.2518,1.21E-20
16.2525,1.20E-20
16.2532,1.19E-20
16.2539,1.18E-20
16.2546,1.17E-20
16.2553,1.16E-20
16.2561,1.15E-20
16.2568,1.14E-20
16.2575,1.12E-20
16.2582,1.11E-20
16.2589,1.09E-20
16.2596,1.08E-20
16.2603,1.06E-20
16.261,1.04E-20
16.2617,1.02E-20
16.2624,1.00E-20
16.2631,9.82E-21
16.2638,9.61E-21
16.2645,9.39E-21
16.2652,9.16E-21
16.2659,8.92E-21
16.2666,8.68E-21
16.2673,8.42E-21
16.268,8.16E-21
16.2687,7.89E-21
16.2694,7.61E-21
16.2701,7.32E-21
16.2708,7.03E-21
16.2714,6.72E-21
16.2721,6.41E-21
16.2728,6.09E-21
16.2735,5.76E-21
16.2742,5.42E-21
16.2749,5.24E-21
16.2756,5.08E-21
16.2763,4.92E-21
16.277,4.76E-21
16.2777,4.60E-21
16.2784,4.44E-21
16.279,4.28E-21
16.2797,4.11E-21
16.2804,3.95E-21
16.2811,3.79E-21
16.2818,3.63E-21
16.2825,3.47E-21
16.2832,3.30E-21
16.2838,3.14E-21
16.2845,2.98E-21
16.2852,2.82E-21
16.2859,2.66E-21
16.2866,2.51E-21
16.2872,2.35E-21
16.2879,2.19E-21
16.2886,2.04E-21
16.2893,1.89E-21
16.29,1.73E-21
16.2906,1.58E-21
16.2913,1.43E-21
16.292,1.29E-21
16.2927,1.14E-21
16.2933,1.00E-21
16.294,8.59E-22
16.2947,7.20E-22
16.2954,5.84E-22
16.296,4.50E-22
16.2967,3.19E-22
16.2974,1.90E-22
16.298,6.44E-23
16.2987,-5.85E-23
16.2994,-1.79E-22
16.3,-2.95E-22
16.3007,-4.09E-22
16.3014,-5.19E-22
16.302,-6.26E-22
16.3027,-7.30E-22
16.3034,-8.29E-22
16.304,-9.25E-22
16.3047,-1.02E-21
16.3054,-1.11E-21
16.306,-1.19E-21
16.3067,-1.27E-21
16.3074,-1.35E-21
16.308,-1.42E-21
16.3087,-1.48E-21
16.3093,-1.55E-21
16.31,-1.60E-21
16.3107,-1.66E-21
16.3113,-1.70E-21
16.312,-1.75E-21
16.3126,-1.78E-21
16.3133,-1.81E-21
16.3139,-1.84E-21
16.3146,-1.86E-21
16.3153,-1.88E-21
16.3159,-1.89E-21
16.3166,-1.89E-21
16.3172,-1.89E-21
16.3179,-1.88E-21
16.3185,-1.87E-21
16.3192,-1.85E-21
16.3198,-1.82E-21
16.3205,-1.79E-21
16.3211,-1.75E-21
16.3218,-1.71E-21
16.3224,-1.66E-21
16.3231,-1.60E-21
16.3237,-1.53E-21
16.3244,-1.46E-21
16.325,-1.38E-21
16.3256,-1.29E-21
16.3263,-1.20E-21
16.3269,-1.19E-21
16.3276,-1.24E-21
16.3282,-1.29E-21
16.3289,-1.34E-21
16.3295,-1.38E-21
16.3301,-1.43E-21
16.3308,-1.47E-21
16.3314,-1.51E-21
16.3321,-1.55E-21
16.3327,-1.59E-21
16.3333,-1.63E-21
16.334,-1.67E-21
16.3346,-1.70E-21
16.3352,-1.74E-21
16.3359,-1.77E-21
16.3365,-1.80E-21
16.3371,-1.83E-21
16.3378,-1.86E-21
16.3384,-1.88E-21
16.339,-1.91E-21
16.3397,-1.94E-21
16.3403,-1.96E-21
16.3409,-1.98E-21
16.3416,-2.00E-21
16.3422,-2.02E-21
16.3428,-2.04E-21
16.3434,-2.05E-21
16.3441,-2.07E-21
16.3447,-2.08E-21
16.3453,-2.09E-21
16.3459,-2.10E-21
16.3466,-2.11E-21
16.3472,-2.12E-21
16.3478,-2.12E-21
16.3484,-2.13E-21
16.3491,-2.13E-21
16.3497,-2.13E-21
16.3503,-2.13E-21
16.3509,-2.13E-21
16.3515,-2.13E-21
16.3521,-2.13E-21
16.3528,-2.12E-21
16.3534,-2.11E-21
16.354,-2.10E-21
16.3546,-2.10E-21
16.3552,-2.08E-21
16.3558,-2.07E-21
16.3565,-2.06E-21
16.3571,-2.04E-21
16.3577,-2.02E-21
16.3583,-2.01E-21
16.3589,-1.98E-21
16.3595,-1.96E-21
16.3601,-1.94E-21
16.3607,-1.92E-21
16.3613,-1.89E-21
16.362,-1.86E-21
16.3626,-1.83E-21
16.3632,-1.80E-21
16.3638,-1.77E-21
16.3644,-1.74E-21
16.365,-1.70E-21
16.3656,-1.67E-21
16.3662,-1.63E-21
16.3668,-1.59E-21
16.3674,-1.55E-21
16.368,-1.51E-21
16.3686,-1.46E-21
16.3692,-1.42E-21
16.3698,-1.37E-21
16.3704,-1.33E-21
16.371,-1.28E-21
16.3716,-1.23E-21
16.3722,-1.17E-21
16.3728,-1.12E-21
16.3734,-1.07E-21
16.374,-1.01E-21
16.3746,-9.51E-22
16.3752,-9.03E-22
16.3758,-8.73E-22
16.3763,-8.44E-22
16.3769,-8.14E-22
16.3775,-7.84E-22
16.3781,-7.54E-22
16.3787,-7.24E-22
16.3793,-6.94E-22
16.3799,-6.64E-22
16.3805,-6.34E-22
16.3811,-6.04E-22
16.3816,-5.74E-22
16.3822,-5.43E-22
16.3828,-5.13E-22
16.3834,-4.84E-22
16.384,-4.54E-22
16.3846,-4.24E-22
16.3852,-3.95E-22
16.3857,-3.65E-22
16.3863,-3.36E-22
16.3869,-3.07E-22
16.3875,-2.78E-22
16.3881,-2.50E-22
16.3886,-2.22E-22
16.3892,-1.94E-22
16.3898,-1.67E-22
16.3904,-1.39E-22
16.3909,-1.13E-22
16.3915,-8.62E-23
16.3921,-6.02E-23
16.3927,-3.46E-23
16.3932,-9.54E-24
16.3938,1.51E-23
16.3944,3.92E-23
16.395,6.28E-23
16.3955,8.59E-23
16.3961,1.08E-22
16.3967,1.30E-22
16.3972,1.52E-22
16.3978,1.72E-22
16.3984,1.92E-22
16.3989,2.12E-22
16.3995,2.30E-22
16.4001,2.48E-22
16.4006,2.66E-22
16.4012,2.82E-22
16.4018,2.98E-22
16.4023,3.13E-22
16.4029,3.27E-22
16.4034,3.40E-22
16.404,3.52E-22
16.4046,3.64E-22
16.4051,3.74E-22
16.4057,3.84E-22
16.4062,3.93E-22
16.4068,4.01E-22
16.4074,4.07E-22
16.4079,4.13E-22
16.4085,4.18E-22
16.409,4.22E-22
16.4096,4.24E-22
16.4101,4.26E-22
16.4107,4.26E-22
16.4112,4.25E-22
16.4118,4.24E-22
16.4123,4.20E-22
16.4129,4.16E-22
16.4134,4.11E-22
16.414,4.04E-22
16.4145,3.96E-22
16.4151,3.87E-22
16.4156,3.76E-22
16.4162,3.65E-22
16.4167,3.51E-22
16.4173,3.37E-22
16.4178,3.21E-22
16.4184,3.04E-22
16.4189,2.85E-22
16.4194,2.68E-22
16.42,2.77E-22
16.4205,2.86E-22
16.4211,2.94E-22
16.4216,3.03E-22
16.4221,3.11E-22
16.4227,3.19E-22
16.4232,3.27E-22
16.4237,3.34E-22
16.4243,3.41E-22
16.4248,3.48E-22
16.4254,3.55E-22
16.4259,3.62E-22
16.4264,3.68E-22
16.427,3.74E-22
16.4275,3.80E-22
16.428,3.85E-22
16.4285,3.90E-22
16.4291,3.95E-22
16.4296,4.00E-22
16.4301,4.05E-22
16.4307,4.09E-22
16.4312,4.13E-22
16.4317,4.17E-22
16.4322,4.20E-22
16.4328,4.23E-22
16.4333,4.26E-22
16.4338,4.29E-22
16.4343,4.31E-22
16.4349,4.34E-22
16.4354,4.35E-22
16.4359,4.37E-22
16.4364,4.38E-22
16.4369,4.40E-22
16.4375,4.40E-22
16.438,4.41E-22
16.4385,4.41E-22
16.439,4.41E-22
16.4395,4.41E-22
16.44,4.41E-22
16.4406,4.40E-22
16.4411,4.39E-22
16.4416,4.37E-22
16.4421,4.36E-22
16.4426,4.34E-22
16.4431,4.32E-22
16.4436,4.29E-22
16.4441,4.27E-22
16.4446,4.24E-22
16.4452,4.20E-22
16.4457,4.17E-22
16.4462,4.13E-22
16.4467,4.09E-22
16.4472,4.05E-22
16.4477,4.00E-22
16.4482,3.95E-22
16.4487,3.90E-22
16.4492,3.85E-22
16.4497,3.79E-22
16.4502,3.73E-22
16.4507,3.67E-22
16.4512,3.60E-22
16.4517,3.53E-22
16.4522,3.46E-22
16.4527,3.39E-22
16.4532,3.31E-22
16.4537,3.24E-22
16.4542,3.15E-22
16.4547,3.07E-22
16.4552,2.98E-22
16.4557,2.89E-22
16.4562,2.80E-22
16.4567,2.70E-22
16.4571,2.61E-22
16.4576,2.51E-22
16.4581,2.40E-22
16.4586,2.30E-22
16.4591,2.19E-22
16.4596,2.08E-22
16.4601,2.01E-22
16.4606,1.95E-22
16.4611,1.90E-22
16.4615,1.84E-22
16.462,1.78E-22
16.4625,1.72E-22
16.463,1.66E-22
16.4635,1.61E-22
16.464,1.55E-22
16.4644,1.49E-22
16.4649,1.43E-22
16.4654,1.37E-22
16.4659,1.32E-22
16.4664,1.26E-22
16.4668,1.20E-22
16.4673,1.14E-22
16.4678,1.09E-22
16.4683,1.03E-22
16.4687,9.72E-23
16.4692,9.16E-23
16.4697,8.60E-23
16.4702,8.05E-23
16.4706,7.50E-23
16.4711,6.96E-23
16.4716,6.42E-23
16.472,5.89E-23
16.4725,5.36E-23
16.473,4.85E-23
16.4734,4.34E-23
16.4739,3.83E-23
16.4744,3.34E-23
16.4748,2.85E-23
16.4753,2.37E-23
16.4758,1.91E-23
16.4762,1.45E-23
16.4767,1.00E-23
16.4772,5.63E-24
16.4776,1.37E-24
16.4781,-2.78E-24
16.4785,-6.82E-24
16.479,-1.07E-23
16.4795,-1.45E-23
16.4799,-1.82E-23
16.4804,-2.17E-23
16.4808,-2.51E-23
16.4813,-2.83E-23
16.4817,-3.14E-23
16.4822,-3.44E-23
16.4826,-3.72E-23
16.4831,-3.98E-23
16.4835,-4.23E-23
16.484,-4.46E-23
16.4845,-4.68E-23
16.4849,-4.87E-23
16.4854,-5.05E-23
16.4858,-5.22E-23
16.4862,-5.36E-23
16.4867,-5.48E-23
16.4871,-5.59E-23
16.4876,-5.67E-23
16.488,-5.74E-23
16.4885,-5.79E-23
16.4889,-5.81E-23
16.4894,-5.81E-23
16.4898,-5.79E-23
16.4902,-5.75E-23
16.4907,-5.69E-23
16.4911,-5.61E-23
16.4916,-5.50E-23
16.492,-5.37E-23
16.4924,-5.21E-23
16.4929,-5.03E-23
16.4933,-4.83E-23
16.4937,-4.60E-23
16.4942,-4.35E-23
16.4946,-4.07E-23
16.495,-3.76E-23
16.4955,-3.43E-23
16.4959,-3.37E-23
16.4963,-3.56E-23
16.4968,-3.75E-23
16.4972,-3.93E-23
16.4976,-4.10E-23
16.4981,-4.27E-23
16.4985,-4.44E-23
16.4989,-4.60E-23
16.4993,-4.76E-23
16.4998,-4.91E-23
16.5002,-5.06E-23
16.5006,-5.20E-23
16.501,-5.34E-23
16.5015,-5.47E-23
16.5019,-5.60E-23
16.5023,-5.73E-23
16.5027,-5.85E-23
16.5031,-5.96E-23
16.5036,-6.07E-23
16.504,-6.17E-23
16.5044,-6.27E-23
16.5048,-6.37E-23
16.5052,-6.46E-23
16.5056,-6.54E-23
16.5061,-6.62E-23
16.5065,-6.69E-23
16.5069,-6.76E-23
16.5073,-6.82E-23
16.5077,-6.88E-23
16.5081,-6.93E-23
16.5085,-6.98E-23
16.5089,-7.02E-23
16.5093,-7.06E-23
16.5098,-7.09E-23
16.5102,-7.12E-23
16.5106,-7.14E-23
16.511,-7.16E-23
16.5114,-7.17E-23
16.5118,-7.17E-23
16.5122,-7.17E-23
16.5126,-7.17E-23
16.513,-7.16E-23
16.5134,-7.14E-23
16.5138,-7.12E-23
16.5142,-7.09E-23
16.5146,-7.06E-23
16.515,-7.02E-23
16.5154,-6.98E-23
16.5158,-6.93E-23
16.5162,-6.87E-23
16.5166,-6.81E-23
16.517,-6.75E-23
16.5174,-6.68E-23
16.5178,-6.60E-23
16.5181,-6.52E-23
16.5185,-6.43E-23
16.5189,-6.34E-23
16.5193,-6.24E-23
16.5197,-6.13E-23
16.5201,-6.02E-23
16.5205,-5.91E-23
16.5209,-5.79E-23
16.5213,-5.66E-23
16.5216,-5.53E-23
16.522,-5.39E-23
16.5224,-5.25E-23
16.5228,-5.10E-23
16.5232,-4.94E-23
16.5236,-4.78E-23
16.5239,-4.62E-23
16.5243,-4.45E-23
16.5247,-4.27E-23
16.5251,-4.09E-23
16.5255,-3.90E-23
16.5258,-3.71E-23
16.5262,-3.51E-23
16.5266,-3.31E-23
16.527,-3.10E-23
16.5273,-2.91E-23
16.5277,-2.81E-23
16.5281,-2.71E-23
16.5285,-2.61E-23
16.5288,-2.51E-23
16.5292,-2.40E-23
16.5296,-2.30E-23
16.5299,-2.20E-23
16.5303,-2.09E-23
16.5307,-1.99E-23
16.531,-1.89E-23
16.5314,-1.78E-23
16.5318,-1.68E-23
16.5321,-1.57E-23
16.5325,-1.47E-23
16.5329,-1.37E-23
16.5332,-1.26E-23
16.5336,-1.16E-23
16.5339,-1.06E-23
16.5343,-9.57E-24
16.5347,-8.57E-24
16.535,-7.57E-24
16.5354,-6.58E-24
16.5357,-5.59E-24
16.5361,-4.62E-24
16.5365,-3.66E-24
16.5368,-2.71E-24
16.5372,-1.77E-24
16.5375,-8.48E-25
16.5379,6.36E-26
16.5382,9.60E-25
16.5386,1.84E-24
16.5389,2.71E-24
16.5393,3.56E-24
16.5396,4.39E-24
16.54,5.20E-24
16.5403,5.99E-24
16.5407,6.77E-24
16.541,7.52E-24
16.5414,8.25E-24
16.5417,8.96E-24
16.542,9.65E-24
16.5424,1.03E-23
16.5427,1.10E-23
16.5431,1.16E-23
16.5434,1.22E-23
16.5437,1.27E-23
16.5441,1.33E-23
16.5444,1.38E-23
16.5448,1.42E-23
16.5451,1.47E-23
16.5454,1.51E-23
16.5458,1.55E-23
16.5461,1.58E-23
16.5464,1.62E-23
16.5468,1.64E-23
16.5471,1.67E-23
16.5474,1.69E-23
16.5478,1.71E-23
16.5481,1.72E-23
16.5484,1.73E-23
16.5488,1.74E-23
16.5491,1.74E-23
16.5494,1.74E-23
16.5497,1.74E-23
16.5501,1.73E-23
16.5504,1.72E-23
16.5507,1.70E-23
16.551,1.68E-23
16.5514,1.65E-23
16.5517,1.62E-23
16.552,1.59E-23
16.5523,1.55E-23
16.5526,1.50E-23
16.553,1.45E-23
16.5533,1.40E-23
16.5536,1.34E-23
16.5539,1.28E-23
16.5542,1.21E-23
16.5545,1.24E-23
16.5548,1.28E-23
16.5552,1.31E-23
16.5555,1.34E-23
16.5558,1.37E-23
16.5561,1.40E-23
16.5564,1.43E-23
16.5567,1.46E-23
16.557,1.48E-23
16.5573,1.51E-23
16.5576,1.54E-23
16.5579,1.56E-23
16.5582,1.58E-23
16.5586,1.61E-23
16.5589,1.63E-23
16.5592,1.65E-23
16.5595,1.67E-23
16.5598,1.69E-23
16.5601,1.71E-23
16.5604,1.73E-23
16.5607,1.74E-23
16.561,1.76E-23
16.5613,1.77E-23
16.5616,1.79E-23
16.5619,1.80E-23
16.5621,1.81E-23
16.5624,1.82E-23
16.5627,1.83E-23
16.563,1.84E-23
16.5633,1.85E-23
16.5636,1.86E-23
16.5639,1.86E-23
16.5642,1.87E-23
16.5645,1.87E-23
16.5648,1.88E-23
16.5651,1.88E-23
16.5653,1.88E-23
16.5656,1.88E-23
16.5659,1.88E-23
16.5662,1.88E-23
16.5665,1.87E-23
16.5668,1.87E-23
16.5671,1.87E-23
16.5673,1.86E-23
16.5676,1.85E-23
16.5679,1.85E-23
16.5682,1.84E-23
16.5685,1.83E-23
16.5687,1.82E-23
16.569,1.81E-23
16.5693,1.79E-23
16.5696,1.78E-23
16.5698,1.76E-23
16.5701,1.75E-23
16.5704,1.73E-23
16.5707,1.71E-23
16.5709,1.70E-23
16.5712,1.68E-23
16.5715,1.65E-23
16.5717,1.63E-23
16.572,1.61E-23
16.5723,1.59E-23
16.5725,1.56E-23
16.5728,1.53E-23
16.5731,1.51E-23
16.5733,1.48E-23
16.5736,1.45E-23
16.5739,1.42E-23
16.5741,1.39E-23
16.5744,1.36E-23
16.5746,1.32E-23
16.5749,1.29E-23
16.5752,1.25E-23
16.5754,1.22E-23
16.5757,1.18E-23
16.5759,1.14E-23
16.5762,1.10E-23
16.5764,1.06E-23
16.5767,1.03E-23
16.577,1.01E-23
16.5772,9.94E-24
16.5775,9.74E-24
16.5777,9.53E-24
16.578,9.33E-24
16.5782,9.12E-24
16.5785,8.92E-24
16.5787,8.71E-24
16.579,8.50E-24
16.5792,8.29E-24
16.5794,8.09E-24
16.5797,7.88E-24
16.5799,7.67E-24
16.5802,7.46E-24
16.5804,7.26E-24
16.5807,7.05E-24
16.5809,6.85E-24
16.5811,6.64E-24
16.5814,6.44E-24
16.5816,6.24E-24
16.5819,6.04E-24
16.5821,5.84E-24
16.5823,5.64E-24
16.5826,5.44E-24
16.5828,5.25E-24
16.583,5.06E-24
16.5833,4.87E-24
16.5835,4.68E-24
16.5837,4.49E-24
16.584,4.31E-24
16.5842,4.13E-24
16.5844,3.95E-24
16.5846,3.78E-24
16.5849,3.61E-24
16.5851,3.44E-24
16.5853,3.28E-24
16.5856,3.12E-24
16.5858,2.96E-24
16.586,2.80E-24
16.5862,2.65E-24
16.5864,2.51E-24
16.5867,2.37E-24
16.5869,2.23E-24
16.5871,2.10E-24
16.5873,1.97E-24
16.5875,1.85E-24
16.5878,1.73E-24
16.588,1.62E-24
16.5882,1.51E-24
16.5884,1.41E-24
16.5886,1.31E-24
16.5888,1.22E-24
16.589,1.13E-24
16.5893,1.05E-24
16.5895,9.79E-25
16.5897,9.12E-25
16.5899,8.51E-25
16.5901,7.96E-25
16.5903,7.48E-25
16.5905,7.06E-25
16.5907,6.71E-25
16.5909,6.44E-25
16.5911,6.23E-25
16.5913,6.10E-25
16.5915,6.04E-25
16.5917,6.05E-25
16.5919,6.15E-25
16.5921,6.31E-25
16.5923,6.56E-25
16.5925,6.89E-25
16.5927,7.30E-25
16.5929,7.80E-25
16.5931,8.38E-25
16.5933,9.04E-25
16.5935,9.79E-25
16.5937,1.06E-24
16.5939,1.16E-24
16.5941,1.17E-24
16.5943,1.09E-24
16.5945,1.01E-24
16.5947,9.31E-25
16.5949,8.53E-25
16.595,7.76E-25
16.5952,7.02E-25
16.5954,6.29E-25
16.5956,5.57E-25
16.5958,4.87E-25
16.596,4.19E-25
16.5962,3.53E-25
16.5963,2.88E-25
16.5965,2.25E-25
16.5967,1.64E-25
16.5969,1.05E-25
16.5971,4.71E-26
16.5972,-8.74E-27
16.5974,-6.27E-26
16.5976,-1.15E-25
16.5978,-1.65E-25
16.5979,-2.14E-25
16.5981,-2.60E-25
16.5983,-3.05E-25
16.5985,-3.48E-25
16.5986,-3.89E-25
16.5988,-4.28E-25
16.599,-4.65E-25
16.5992,-5.00E-25
16.5993,-5.33E-25
16.5995,-5.64E-25
16.5997,-5.94E-25
16.5998,-6.21E-25
16.6,-6.46E-25
16.6002,-6.69E-25
16.6003,-6.90E-25
16.6005,-7.10E-25
16.6006,-7.27E-25
16.6008,-7.42E-25
16.601,-7.55E-25
16.6011,-7.66E-25
16.6013,-7.75E-25
16.6014,-7.81E-25
16.6016,-7.86E-25
16.6018,-7.89E-25
16.6019,-7.89E-25
16.6021,-7.88E-25
16.6022,-7.84E-25
16.6024,-7.78E-25
16.6025,-7.70E-25
16.6027,-7.60E-25
16.6028,-7.47E-25
16.603,-7.33E-25
16.6031,-7.16E-25
16.6033,-6.97E-25
16.6034,-6.76E-25
16.6036,-6.53E-25
16.6037,-6.27E-25
16.6039,-6.00E-25
16.604,-5.70E-25
16.6042,-5.38E-25
16.6043,-5.03E-25
16.6044,-4.67E-25
16.6046,-4.28E-25
16.6047,-3.87E-25
16.6049,-3.44E-25
16.605,-2.98E-25
16.6051,-2.51E-25
16.6053,-2.01E-25
16.6054,-1.48E-25
16.6056,-9.39E-26
16.6057,-3.72E-26
16.6058,2.19E-26
16.606,8.32E-26
16.6061,1.47E-25
16.6062,2.13E-25
16.6064,2.81E-25
16.6065,3.51E-25
16.6066,4.16E-25
16.6067,4.42E-25
16.6069,4.69E-25
16.607,4.96E-25
16.6071,5.23E-25
16.6073,5.50E-25
16.6074,5.78E-25
16.6075,6.06E-25
16.6076,6.34E-25
16.6077,6.62E-25
16.6079,6.90E-25
16.608,7.18E-25
16.6081,7.47E-25
16.6082,7.75E-25
16.6083,8.04E-25
16.6085,8.32E-25
16.6086,8.60E-25
16.6087,8.89E-25
16.6088,9.17E-25
16.6089,9.45E-25
16.609,9.73E-25
16.6091,1.00E-24
16.6093,1.03E-24
16.6094,1.06E-24
16.6095,1.08E-24
16.6096,1.11E-24
16.6097,1.14E-24
16.6098,1.16E-24
16.6099,1.19E-24
16.61,1.21E-24
16.6101,1.24E-24
16.6102,1.26E-24
16.6103,1.29E-24
16.6104,1.31E-24
16.6105,1.33E-24
16.6106,1.36E-24
16.6107,1.38E-24
16.6108,1.40E-24
16.6109,1.42E-24
16.611,1.44E-24
16.6111,1.46E-24
16.6112,1.48E-24
16.6113,1.49E-24
16.6114,1.51E-24
16.6115,1.53E-24
16.6116,1.54E-24
16.6117,1.56E-24
16.6118,1.57E-24
16.6119,1.58E-24
16.612,1.60E-24
16.612,1.61E-24
16.6121,1.62E-24
16.6122,1.63E-24
16.6123,1.63E-24
16.6124,1.64E-24
16.6125,1.65E-24
16.6126,1.65E-24
16.6126,1.65E-24
16.6127,1.66E-24
16.6128,1.66E-24
16.6129,1.66E-24
16.613,1.66E-24
16.613,1.65E-24
16.6131,1.65E-24
16.6132,1.64E-24
16.6133,1.64E-24
16.6133,1.63E-24
16.6134,1.62E-24
16.6135,1.61E-24
16.6136,1.60E-24
16.6136,1.58E-24
16.6137,1.57E-24
16.6138,1.55E-24
16.6138,1.53E-24
16.6139,1.51E-24
16.614,1.49E-24
16.614,1.47E-24
16.6141,1.44E-24
16.6142,1.42E-24
16.6142,1.42E-24
16.6143,1.43E-24
16.6144,1.44E-24
16.6144,1.45E-24
16.6145,1.45E-24
16.6145,1.46E-24
16.6146,1.47E-24
16.6147,1.48E-24
16.6147,1.48E-24
16.6148,1.49E-24
16.6148,1.50E-24
16.6149,1.50E-24
16.6149,1.51E-24
16.615,1.52E-24
16.6151,1.52E-24
16.6151,1.53E-24
16.6152,1.53E-24
16.6152,1.54E-24
16.6153,1.54E-24
16.6153,1.55E-24
16.6154,1.55E-24
16.6154,1.55E-24
16.6154,1.56E-24
16.6155,1.56E-24
16.6155,1.56E-24
16.6156,1.57E-24
16.6156,1.57E-24
16.6157,1.57E-24
16.6157,1.57E-24
16.6157,1.57E-24
16.6158,1.57E-24
16.6158,1.58E-24
16.6159,1.58E-24
16.6159,1.58E-24
16.6159,1.58E-24
16.616,1.58E-24
16.616,1.58E-24
16.616,1.57E-24
16.6161,1.57E-24
16.6161,1.57E-24
16.6161,1.57E-24
16.6162,1.57E-24
16.6162,1.56E-24
16.6162,1.56E-24
16.6162,1.56E-24
16.6163,1.56E-24
16.6163,1.55E-24
16.6163,1.55E-24
16.6163,1.54E-24
16.6164,1.54E-24
16.6164,1.53E-24
16.6164,1.53E-24
16.6164,1.52E-24
16.6165,1.52E-24
16.6165,1.51E-24
16.6165,1.50E-24
16.6165,1.50E-24
16.6165,1.49E-24
16.6165,1.48E-24
16.6166,1.47E-24
16.6166,1.47E-24
16.6166,1.46E-24
16.6166,1.45E-24
16.6166,1.44E-24
16.6166,1.43E-24
16.6166,1.42E-24
16.6166,1.41E-24
16.6166,1.40E-24
16.6167,1.39E-24
16.6167,1.37E-24
16.6167,1.36E-24
16.6167,1.35E-24
16.6167,1.34E-24
16.6167,1.33E-24
16.6167,1.31E-24
16.6167,1.30E-24
16.6167,1.29E-24
16.6167,1.27E-24
16.6167,1.26E-24
16.6167,1.25E-24
16.6167,1.24E-24
16.6167,1.23E-24
16.6167,1.22E-24
16.6167,1.21E-24
16.6167,1.20E-24
16.6167,1.19E-24
16.6166,1.17E-24
16.6166,1.16E-24
16.6166,1.15E-24
16.6166,1.14E-24
16.6166,1.13E-24
16.6166,1.12E-24
16.6166,1.10E-24
16.6166,1.09E-24
16.6166,1.08E-24
16.6165,1.07E-24
16.6165,1.06E-24
16.6165,1.04E-24
16.6165,1.03E-24
16.6165,1.02E-24
16.6165,1.00E-24
16.6164,9.91E-25
16.6164,9.78E-25
16.6164,9.65E-25
16.6164,9.52E-25
16.6163,9.38E-25
16.6163,9.25E-25
16.6163,9.11E-25
16.6163,8.97E-25
16.6162,8.84E-25
16.6162,8.70E-25
16.6162,8.56E-25
16.6162,8.42E-25
16.6161,8.28E-25
16.6161,8.13E-25
16.6161,7.99E-25
16.616,7.85E-25
16.616,7.71E-25
16.616,7.56E-25
16.6159,7.42E-25
16.6159,7.27E-25
16.6158,7.13E-25
16.6158,6.98E-25
16.6158,6.83E-25
16.6157,6.69E-25
16.6157,6.54E-25
16.6156,6.39E-25
16.6156,6.24E-25
16.6156,6.09E-25
16.6155,5.94E-25
16.6155,5.80E-25
16.6154,5.65E-25
16.6154,5.50E-25
16.6153,5.35E-25
16.6153,5.20E-25
16.6152,5.05E-25
16.6152,4.90E-25
16.6151,4.75E-25
16.6151,4.60E-25
16.615,4.45E-25
16.615,4.30E-25
16.6149,4.15E-25
16.6149,4.00E-25
16.6148,3.85E-25
16.6148,3.70E-25
16.6147,3.55E-25
16.6146,3.40E-25
16.6146,3.25E-25
16.6145,3.10E-25
16.6145,2.95E-25
16.6144,2.80E-25
16.6143,2.66E-25
16.6143,2.51E-25
16.6142,2.36E-25
16.6141,2.21E-25
16.6141,2.07E-25
16.614,1.93E-25
16.6139,1.80E-25
16.6139,1.68E-25
16.6138,1.55E-25
16.6137,1.43E-25
16.6137,1.31E-25
16.6136,1.19E-25
16.6135,1.08E-25
16.6134,9.60E-26
16.6134,8.45E-26
16.6133,7.32E-26
16.6132,6.21E-26
16.6131,5.12E-26
16.6131,4.04E-26
16.613,2.98E-26
16.6129,1.94E-26
16.6128,9.17E-27
16.6127,-8.66E-28
16.6126,-1.07E-26
16.6126,-2.04E-26
16.6125,-2.98E-26
16.6124,-3.90E-26
16.6123,-4.81E-26
16.6122,-5.69E-26
16.6121,-6.55E-26
16.612,-7.39E-26
16.612,-8.21E-26
16.6119,-9.00E-26
16.6118,-9.77E-26
16.6117,-1.05E-25
16.6116,-1.12E-25
16.6115,-1.19E-25
16.6114,-1.26E-25
16.6113,-1.33E-25
16.6112,-1.39E-25
16.6111,-1.45E-25
16.611,-1.51E-25
16.6109,-1.56E-25
16.6108,-1.61E-25
16.6107,-1.66E-25
16.6106,-1.71E-25
16.6105,-1.75E-25
16.6104,-1.79E-25
16.6103,-1.83E-25
16.6102,-1.87E-25
16.6101,-1.90E-25
16.61,-1.93E-25
16.6099,-1.96E-25
16.6098,-1.98E-25
16.6097,-2.00E-25
16.6096,-2.02E-25
16.6094,-2.03E-25
16.6093,-2.04E-25
16.6092,-2.05E-25
16.6091,-2.06E-25
16.609,-2.06E-25
16.6089,-2.06E-25
16.6088,-2.05E-25
16.6086,-2.04E-25
16.6085,-2.03E-25
16.6084,-2.01E-25
16.6083,-2.00E-25
16.6082,-1.97E-25
16.608,-1.95E-25
16.6079,-1.92E-25
16.6078,-1.89E-25
16.6077,-1.85E-25
16.6076,-1.81E-25
16.6074,-1.77E-25
16.6073,-1.72E-25
16.6072,-1.67E-25
16.607,-1.61E-25
16.6069,-1.56E-25
16.6068,-1.49E-25
16.6067,-1.43E-25
16.6065,-1.36E-25
16.6064,-1.28E-25
16.6063,-1.21E-25
16.6061,-1.13E-25
16.606,-1.12E-25
16.6059,-1.12E-25
16.6057,-1.11E-25
16.6056,-1.11E-25
16.6054,-1.10E-25
16.6053,-1.09E-25
16.6052,-1.08E-25
16.605,-1.07E-25
16.6049,-1.06E-25
16.6047,-1.05E-25
16.6046,-1.04E-25
16.6044,-1.03E-25
16.6043,-1.01E-25
16.6042,-1.00E-25
16.604,-9.88E-26
16.6039,-9.74E-26
16.6037,-9.60E-26
16.6036,-9.45E-26
16.6034,-9.30E-26
16.6033,-9.14E-26
16.6031,-8.98E-26
16.603,-8.82E-26
16.6028,-8.65E-26
16.6026,-8.48E-26
16.6025,-8.31E-26
16.6023,-8.14E-26
16.6022,-7.96E-26
16.602,-7.78E-26
16.6019,-7.60E-26
16.6017,-7.41E-26
16.6015,-7.23E-26
16.6014,-7.04E-26
16.6012,-6.85E-26
16.601,-6.66E-26
16.6009,-6.47E-26
16.6007,-6.28E-26
16.6005,-6.09E-26
16.6004,-5.90E-26
16.6002,-5.71E-26
16.6,-5.52E-26
16.5999,-5.33E-26
16.5997,-5.14E-26
16.5995,-4.95E-26
16.5994,-4.76E-26
16.5992,-4.57E-26
16.599,-4.39E-26
16.5988,-4.20E-26
16.5987,-4.02E-26
16.5985,-3.84E-26
16.5983,-3.66E-26
16.5981,-3.48E-26
16.598,-3.31E-26
16.5978,-3.14E-26
16.5976,-2.97E-26
16.5974,-2.81E-26
16.5972,-2.64E-26
16.597,-2.49E-26
16.5969,-2.33E-26
16.5967,-2.18E-26
16.5965,-2.04E-26
16.5963,-1.90E-26
16.5961,-1.76E-26
16.5959,-1.63E-26
16.5957,-1.50E-26
16.5955,-1.38E-26
16.5954,-1.27E-26
16.5952,-1.16E-26
16.595,-1.05E-26
16.5948,-9.52E-27
16.5946,-8.60E-27
16.5944,-7.75E-27
16.5942,-6.96E-27
16.594,-6.24E-27
16.5938,-5.59E-27
16.5936,-5.01E-27
16.5934,-4.51E-27
16.5932,-4.08E-27
16.593,-3.73E-27
16.5928,-1.75E-27
16.5926,6.76E-28
16.5924,3.10E-27
16.5922,5.52E-27
16.592,7.94E-27
16.5918,1.04E-26
16.5915,1.28E-26
16.5913,1.52E-26
16.5911,1.76E-26
16.5909,2.00E-26
16.5907,2.24E-26
16.5905,2.48E-26
16.5903,2.72E-26
16.5901,2.96E-26
16.5899,3.19E-26
16.5896,3.43E-26
16.5894,3.67E-26
16.5892,3.90E-26
16.589,4.13E-26
16.5888,4.36E-26
16.5885,4.59E-26
16.5883,4.82E-26
16.5881,5.04E-26
16.5879,5.27E-26
16.5877,5.49E-26
16.5874,5.71E-26
16.5872,5.93E-26
16.587,6.15E-26
16.5867,6.36E-26
16.5865,6.57E-26
16.5863,6.78E-26
16.5861,6.99E-26
16.5858,7.19E-26
16.5856,7.39E-26
16.5854,7.59E-26
16.5851,7.79E-26
16.5849,7.98E-26
16.5847,8.17E-26
16.5844,8.36E-26
16.5842,8.54E-26
16.584,8.72E-26
16.5837,8.90E-26
16.5835,9.07E-26
16.5832,9.24E-26
16.583,9.41E-26
16.5827,9.57E-26
16.5825,9.73E-26
16.5823,9.88E-26
16.582,1.00E-25
16.5818,1.02E-25
16.5815,1.03E-25
16.5813,1.05E-25
16.581,1.06E-25
16.5808,1.07E-25
16.5805,1.08E-25
16.5803,1.10E-25
16.58,1.11E-25
16.5798,1.12E-25
16.5795,1.13E-25
16.5793,1.14E-25
16.579,1.15E-25
16.5788,1.16E-25
16.5785,1.17E-25
16.5782,1.17E-25
16.578,1.18E-25
16.5777,1.19E-25
16.5775,1.19E-25
16.5772,1.20E-25
16.5769,1.21E-25
16.5767,1.21E-25
16.5764,1.21E-25
16.5761,1.22E-25
16.5759,1.22E-25
16.5756,1.22E-25
16.5753,1.22E-25
16.5751,1.22E-25
16.5748,1.22E-25
16.5745,1.22E-25
16.5743,1.22E-25
16.574,1.22E-25
16.5737,1.22E-25
16.5734,1.21E-25
16.5732,1.21E-25
16.5729,1.20E-25
16.5726,1.20E-25
16.5723,1.19E-25
16.5721,1.19E-25
16.5718,1.18E-25
16.5715,1.17E-25
16.5712,1.16E-25
16.5709,1.15E-25
16.5707,1.14E-25
16.5704,1.13E-25
16.5701,1.12E-25
16.5698,1.10E-25
16.5695,1.09E-25
16.5692,1.07E-25
16.5689,1.06E-25
16.5687,1.04E-25
16.5684,1.02E-25
16.5681,1.00E-25
16.5678,9.86E-26
16.5675,9.66E-26
16.5672,9.45E-26
16.5669,9.23E-26
16.5666,9.00E-26
16.5663,8.77E-26
16.566,8.52E-26
16.5657,8.27E-26
16.5654,8.00E-26
16.5651,7.73E-26
16.5648,7.44E-26
16.5645,7.15E-26
16.5642,6.85E-26
16.5639,6.54E-26
16.5636,6.21E-26
16.5633,5.88E-26
16.563,5.54E-26
16.5627,5.19E-26
16.5624,4.90E-26
16.5621,4.84E-26
16.5618,4.78E-26
16.5615,4.71E-26
16.5611,4.65E-26
16.5608,4.59E-26
16.5605,4.52E-26
16.5602,4.46E-26
16.5599,4.39E-26
16.5596,4.32E-26
16.5593,4.26E-26
16.5589,4.19E-26
16.5586,4.12E-26
16.5583,4.05E-26
16.558,3.98E-26
16.5577,3.91E-26
16.5573,3.84E-26
16.557,3.76E-26
16.5567,3.69E-26
16.5564,3.62E-26
16.556,3.54E-26
16.5557,3.47E-26
16.5554,3.39E-26
16.5551,3.32E-26
16.5547,3.24E-26
16.5544,3.17E-26
16.5541,3.09E-26
16.5537,3.01E-26
16.5534,2.94E-26
16.5531,2.86E-26
16.5527,2.78E-26
16.5524,2.71E-26
16.5521,2.63E-26
16.5517,2.55E-26
16.5514,2.47E-26
16.5511,2.40E-26
16.5507,2.32E-26
16.5504,2.24E-26
16.55,2.17E-26
16.5497,2.09E-26
16.5494,2.01E-26
16.549,1.93E-26
16.5487,1.86E-26
16.5483,1.78E-26
16.548,1.71E-26
16.5476,1.63E-26
16.5473,1.56E-26
16.5469,1.48E-26
16.5466,1.41E-26
16.5462,1.33E-26
16.5459,1.26E-26
16.5455,1.19E-26
16.5452,1.11E-26
16.5448,1.04E-26
16.5445,9.71E-27
16.5441,9.00E-27
16.5437,8.31E-27
16.5434,7.62E-27
16.543,6.93E-27
16.5427,6.26E-27
16.5423,5.59E-27
16.5419,4.94E-27
16.5416,4.29E-27
16.5412,3.65E-27
16.5409,3.02E-27
16.5405,2.40E-27
16.5401,1.79E-27
16.5398,1.19E-27
16.5394,6.02E-28
16.539,2.59E-29
16.5387,-5.39E-28
16.5383,-1.09E-27
16.5379,-1.63E-27
16.5375,-2.16E-27
16.5372,-2.67E-27
16.5368,-3.18E-27
16.5364,-3.66E-27
16.536,-4.14E-27
16.5357,-4.60E-27
16.5353,-5.04E-27
16.5349,-5.47E-27
16.5345,-5.88E-27
16.5341,-6.28E-27
16.5338,-6.66E-27
16.5334,-7.03E-27
16.533,-7.38E-27
16.5326,-7.71E-27
16.5322,-8.03E-27
16.5318,-8.32E-27
16.5315,-8.60E-27
16.5311,-8.86E-27
16.5307,-9.10E-27
16.5303,-9.33E-27
16.5299,-9.53E-27
16.5295,-9.71E-27
16.5291,-9.88E-27
16.5287,-1.00E-26
16.5283,-1.01E-26
16.5279,-1.02E-26
16.5275,-1.03E-26
16.5271,-1.04E-26
16.5267,-1.04E-26
16.5264,-1.04E-26
16.526,-1.04E-26
16.5256,-1.04E-26
16.5252,-1.03E-26
16.5247,-1.03E-26
16.5243,-1.02E-26
16.5239,-1.00E-26
16.5235,-9.88E-27
16.5231,-9.70E-27
16.5227,-9.50E-27
16.5223,-9.27E-27
16.5219,-9.02E-27
16.5215,-8.74E-27
16.5211,-8.43E-27
16.5207,-8.10E-27
16.5203,-7.74E-27
16.5199,-7.35E-27
16.5194,-6.94E-27
16.519,-7.03E-27
16.5186,-7.38E-27
16.5182,-7.71E-27
16.5178,-8.04E-27
16.5174,-8.37E-27
16.5169,-8.69E-27
16.5165,-9.00E-27
16.5161,-9.31E-27
16.5157,-9.61E-27
16.5153,-9.91E-27
16.5148,-1.02E-26
16.5144,-1.05E-26
16.514,-1.08E-26
16.5136,-1.10E-26
16.5131,-1.13E-26
16.5127,-1.16E-26
16.5123,-1.18E-26
16.5119,-1.21E-26
16.5114,-1.23E-26
16.511,-1.26E-26
16.5106,-1.28E-26
16.5101,-1.30E-26
16.5097,-1.32E-26
16.5093,-1.34E-26
16.5088,-1.36E-26
16.5084,-1.38E-26
16.5079,-1.40E-26
16.5075,-1.42E-26
16.5071,-1.44E-26
16.5066,-1.46E-26
16.5062,-1.47E-26
16.5057,-1.49E-26
16.5053,-1.51E-26
16.5049,-1.52E-26
16.5044,-1.53E-26
16.504,-1.55E-26
16.5035,-1.56E-26
16.5031,-1.57E-26
16.5026,-1.59E-26
16.5022,-1.60E-26
16.5017,-1.61E-26
16.5013,-1.62E-26
16.5008,-1.62E-26
16.5004,-1.63E-26
16.4999,-1.64E-26
16.4995,-1.65E-26
16.499,-1.65E-26
16.4985,-1.66E-26
16.4981,-1.66E-26
16.4976,-1.67E-26
16.4972,-1.67E-26
16.4967,-1.68E-26
16.4963,-1.68E-26
16.4958,-1.68E-26
16.4953,-1.68E-26
16.4949,-1.68E-26
16.4944,-1.68E-26
16.4939,-1.68E-26
16.4935,-1.68E-26
16.493,-1.68E-26
16.4925,-1.67E-26
16.4921,-1.67E-26
16.4916,-1.67E-26
16.4911,-1.66E-26
16.4907,-1.66E-26
16.4902,-1.65E-26
16.4897,-1.64E-26
16.4892,-1.64E-26
16.4888,-1.63E-26
16.4883,-1.62E-26
16.4878,-1.61E-26
16.4873,-1.60E-26
16.4868,-1.59E-26
16.4864,-1.58E-26
16.4859,-1.57E-26
16.4854,-1.55E-26
16.4849,-1.54E-26
16.4844,-1.53E-26
16.484,-1.51E-26
16.4835,-1.50E-26
16.483,-1.48E-26
16.4825,-1.47E-26
16.482,-1.45E-26
16.4815,-1.43E-26
16.481,-1.41E-26
16.4805,-1.40E-26
16.4801,-1.38E-26
16.4796,-1.36E-26
16.4791,-1.34E-26
16.4786,-1.32E-26
16.4781,-1.30E-26
16.4776,-1.27E-26
16.4771,-1.25E-26
16.4766,-1.23E-26
16.4761,-1.20E-26
16.4756,-1.18E-26
16.4751,-1.16E-26
16.4746,-1.13E-26
16.4741,-1.11E-26
16.4736,-1.08E-26
16.4731,-1.05E-26
16.4726,-1.02E-26
16.4721,-9.97E-27
16.4716,-9.69E-27
16.4711,-9.40E-27
16.4705,-9.10E-27
16.47,-8.81E-27
16.4695,-8.50E-27
16.469,-8.19E-27
16.4685,-7.88E-27
16.468,-7.56E-27
16.4675,-7.24E-27
16.467,-6.91E-27
16.4664,-6.58E-27
16.4659,-6.24E-27
16.4654,-5.90E-27
16.4649,-5.56E-27
16.4644,-5.21E-27
16.4638,-4.85E-27
16.4633,-4.51E-27
16.4628,-4.25E-27
16.4623,-3.98E-27
16.4618,-3.72E-27
16.4612,-3.46E-27
16.4607,-3.19E-27
16.4602,-2.93E-27
16.4597,-2.66E-27
16.4591,-2.39E-27
16.4586,-2.13E-27
16.4581,-1.86E-27
16.4575,-1.59E-27
16.457,-1.32E-27
16.4565,-1.05E-27
16.4559,-7.83E-28
16.4554,-5.15E-28
16.4549,-2.46E-28
16.4543,2.22E-29
16.4538,2.90E-28
16.4533,5.58E-28
16.4527,8.24E-28
16.4522,1.09E-27
16.4516,1.36E-27
16.4511,1.62E-27
16.4506,1.88E-27
16.45,2.15E-27
16.4495,2.41E-27
16.4489,2.67E-27
16.4484,2.93E-27
16.4478,3.18E-27
16.4473,3.44E-27
16.4467,3.69E-27
16.4462,3.94E-27
16.4456,4.19E-27
16.4451,4.44E-27
16.4445,4.68E-27
16.444,4.93E-27
16.4434,5.17E-27
16.4429,5.41E-27
16.4423,5.64E-27
16.4417,5.87E-27
16.4412,6.10E-27
16.4406,6.33E-27
16.4401,6.55E-27
16.4395,6.77E-27
16.4389,6.99E-27
16.4384,7.20E-27
16.4378,7.41E-27
16.4373,7.62E-27
16.4367,7.82E-27
16.4361,8.02E-27
16.4356,8.22E-27
16.435,8.41E-27
16.4344,8.59E-27
16.4338,8.77E-27
16.4333,8.95E-27
16.4327,9.12E-27
16.4321,9.29E-27
16.4316,9.45E-27
16.431,9.61E-27
16.4304,9.76E-27
16.4298,9.91E-27
16.4293,1.01E-26
16.4287,1.02E-26
16.4281,1.03E-26
16.4275,1.04E-26
16.4269,1.06E-26
16.4264,1.07E-26
16.4258,1.08E-26
16.4252,1.09E-26
16.4246,1.10E-26
16.424,1.11E-26
16.4234,1.12E-26
16.4228,1.12E-26
16.4223,1.13E-26
16.4217,1.14E-26
16.4211,1.14E-26
16.4205,1.15E-26
16.4199,1.15E-26
16.4193,1.15E-26
16.4187,1.16E-26
16.4181,1.16E-26
16.4175,1.16E-26
16.4169,1.16E-26
16.4163,1.16E-26
16.4157,1.16E-26
16.4151,1.15E-26
16.4145,1.15E-26
16.4139,1.15E-26
16.4133,1.14E-26
16.4127,1.14E-26
16.4121,1.13E-26
16.4115,1.12E-26
16.4109,1.11E-26
16.4103,1.10E-26
16.4097,1.09E-26
16.4091,1.08E-26
16.4085,1.07E-26
16.4079,1.06E-26
16.4073,1.04E-26
16.4067,1.03E-26
16.406,1.01E-26
16.4054,9.95E-27
16.4048,9.77E-27
16.4042,9.58E-27
16.4036,9.38E-27
16.403,9.16E-27
16.4023,8.94E-27
16.4017,8.70E-27
16.4011,8.45E-27
16.4005,8.19E-27
16.3999,7.92E-27
16.3992,7.64E-27
16.3986,7.35E-27
16.398,7.04E-27
16.3974,6.73E-27
16.3967,6.40E-27
16.3961,6.06E-27
16.3955,5.71E-27
16.3949,5.34E-27
16.3942,5.18E-27
16.3936,5.19E-27
16.393,5.20E-27
16.3923,5.21E-27
16.3917,5.21E-27
16.3911,5.21E-27
16.3904,5.22E-27
16.3898,5.22E-27
16.3892,5.22E-27
16.3885,5.22E-27
16.3879,5.21E-27
16.3873,5.21E-27
16.3866,5.20E-27
16.386,5.20E-27
16.3853,5.19E-27
16.3847,5.18E-27
16.384,5.17E-27
16.3834,5.16E-27
16.3827,5.15E-27
16.3821,5.13E-27
16.3815,5.12E-27
16.3808,5.10E-27
16.3802,5.08E-27
16.3795,5.07E-27
16.3789,5.05E-27
16.3782,5.03E-27
16.3775,5.00E-27
16.3769,4.98E-27
16.3762,4.96E-27
16.3756,4.93E-27
16.3749,4.91E-27
16.3743,4.88E-27
16.3736,4.85E-27
16.373,4.82E-27
16.3723,4.79E-27
16.3716,4.76E-27
16.371,4.73E-27
16.3703,4.70E-27
16.3696,4.66E-27
16.369,4.63E-27
16.3683,4.59E-27
16.3676,4.55E-27
16.367,4.52E-27
16.3663,4.48E-27
16.3656,4.44E-27
16.365,4.40E-27
16.3643,4.36E-27
16.3636,4.31E-27
16.3629,4.27E-27
16.3623,4.23E-27
16.3616,4.18E-27
16.3609,4.14E-27
16.3602,4.09E-27
16.3596,4.04E-27
16.3589,4.00E-27
16.3582,3.95E-27
16.3575,3.90E-27
16.3569,3.85E-27
16.3562,3.80E-27
16.3555,3.75E-27
16.3548,3.70E-27
16.3541,3.65E-27
16.3534,3.59E-27
16.3527,3.54E-27
16.3521,3.49E-27
16.3514,3.43E-27
16.3507,3.38E-27
16.35,3.33E-27
16.3493,3.27E-27
16.3486,3.21E-27
16.3479,3.16E-27
16.3472,3.10E-27
16.3465,3.04E-27
16.3458,2.99E-27
16.3451,2.93E-27
16.3444,2.87E-27
16.3437,2.81E-27
16.343,2.75E-27
16.3423,2.69E-27
16.3416,2.64E-27
16.3409,2.58E-27
16.3402,2.52E-27
16.3395,2.46E-27
16.3388,2.40E-27
16.3381,2.34E-27
16.3374,2.28E-27
16.3367,2.22E-27
16.336,2.16E-27
16.3353,2.10E-27
16.3346,2.04E-27
16.3339,1.98E-27
16.3331,1.92E-27
16.3324,1.86E-27
16.3317,1.80E-27
16.331,1.74E-27
16.3303,1.68E-27
16.3296,1.62E-27
16.3289,1.56E-27
16.3281,1.50E-27
16.3274,1.44E-27
16.3267,1.38E-27
16.326,1.32E-27
16.3253,1.26E-27
16.3245,1.20E-27
16.3238,1.15E-27
16.3231,1.09E-27
16.3224,1.03E-27
16.3216,9.75E-28
16.3209,9.18E-28
16.3202,8.63E-28
16.3194,8.07E-28
16.3187,7.52E-28
16.318,6.98E-28
16.3173,6.44E-28
16.3165,5.91E-28
16.3158,5.39E-28
16.315,4.87E-28
16.3143,4.35E-28
16.3136,3.85E-28
16.3128,3.34E-28
16.3121,2.66E-28
16.3114,1.97E-28
16.3106,1.28E-28
16.3099,6.02E-29
16.3091,-7.77E-30
16.3084,-7.55E-29
16.3077,-1.43E-28
16.3069,-2.10E-28
16.3062,-2.77E-28
16.3054,-3.44E-28
16.3047,-4.10E-28
16.3039,-4.76E-28
16.3032,-5.41E-28
16.3024,-6.06E-28
16.3017,-6.71E-28
16.3009,-7.35E-28
16.3002,-7.99E-28
16.2994,-8.62E-28
16.2987,-9.25E-28
16.2979,-9.87E-28
16.2971,-1.05E-27
16.2964,-1.11E-27
16.2956,-1.17E-27
16.2949,-1.23E-27
16.2941,-1.29E-27
16.2933,-1.35E-27
16.2926,-1.41E-27
16.2918,-1.46E-27
16.2911,-1.52E-27
16.2903,-1.58E-27
16.2895,-1.63E-27
16.2888,-1.69E-27
16.288,-1.74E-27
16.2872,-1.79E-27
16.2865,-1.84E-27
16.2857,-1.90E-27
16.2849,-1.95E-27
16.2841,-2.00E-27
16.2834,-2.04E-27
16.2826,-2.09E-27
16.2818,-2.14E-27
16.281,-2.18E-27
16.2803,-2.23E-27
16.2795,-2.27E-27
16.2787,-2.32E-27
16.2779,-2.36E-27
16.2771,-2.40E-27
16.2764,-2.44E-27
16.2756,-2.48E-27
16.2748,-2.51E-27
16.274,-2.55E-27
16.2732,-2.59E-27
16.2724,-2.62E-27
16.2717,-2.65E-27
16.2709,-2.68E-27
16.2701,-2.71E-27
16.2693,-2.74E-27
16.2685,-2.77E-27
16.2677,-2.80E-27
16.2669,-2.82E-27
16.2661,-2.85E-27
16.2653,-2.87E-27
16.2645,-2.89E-27
16.2637,-2.91E-27
16.2629,-2.93E-27
16.2621,-2.94E-27
16.2614,-2.96E-27
16.2606,-2.97E-27
16.2598,-2.99E-27
16.259,-3.00E-27
16.2581,-3.01E-27
16.2573,-3.01E-27
16.2565,-3.02E-27
16.2557,-3.02E-27
16.2549,-3.03E-27
16.2541,-3.03E-27
16.2533,-3.03E-27
16.2525,-3.03E-27
16.2517,-3.02E-27
16.2509,-3.02E-27
16.2501,-3.01E-27
16.2493,-3.00E-27
16.2485,-2.99E-27
16.2476,-2.98E-27
16.2468,-2.96E-27
16.246,-2.95E-27
16.2452,-2.93E-27
16.2444,-2.91E-27
16.2436,-2.89E-27
16.2427,-2.86E-27
16.2419,-2.84E-27
16.2411,-2.81E-27
16.2403,-2.78E-27
16.2394,-2.75E-27
16.2386,-2.71E-27
16.2378,-2.68E-27
16.237,-2.64E-27
16.2361,-2.60E-27
16.2353,-2.56E-27
16.2345,-2.52E-27
16.2337,-2.47E-27
16.2328,-2.42E-27
16.232,-2.37E-27
16.2312,-2.32E-27
16.2303,-2.26E-27
16.2295,-2.21E-27
16.2287,-2.15E-27
16.2278,-2.09E-27
16.227,-2.02E-27
16.2262,-1.96E-27
16.2253,-1.89E-27
16.2245,-1.82E-27
16.2236,-1.74E-27
16.2228,-1.67E-27
16.222,-1.59E-27
16.2211,-1.51E-27
16.2203,-1.43E-27
16.2194,-1.34E-27
16.2186,-1.25E-27
16.2177,-1.20E-27
16.2169,-1.18E-27
16.216,-1.17E-27
16.2152,-1.15E-27
16.2143,-1.14E-27
16.2135,-1.12E-27
16.2126,-1.11E-27
16.2118,-1.09E-27
16.2109,-1.07E-27
16.2101,-1.06E-27
16.2092,-1.04E-27
16.2084,-1.02E-27
16.2075,-1.00E-27
16.2066,-9.85E-28
16.2058,-9.67E-28
16.2049,-9.49E-28
16.2041,-9.30E-28
16.2032,-9.12E-28
16.2023,-8.93E-28
16.2015,-8.74E-28
16.2006,-8.55E-28
16.1997,-8.36E-28
16.1989,-8.16E-28
16.198,-7.97E-28
16.1971,-7.77E-28
16.1963,-7.58E-28
16.1954,-7.38E-28
16.1945,-7.18E-28
16.1937,-6.98E-28
16.1928,-6.77E-28
16.1919,-6.57E-28
16.191,-6.37E-28
16.1902,-6.16E-28
16.1893,-5.96E-28
16.1884,-5.76E-28
16.1875,-5.55E-28
16.1866,-5.35E-28
16.1858,-5.14E-28
16.1849,-4.94E-28
16.184,-4.73E-28
16.1831,-4.52E-28
16.1822,-4.32E-28
16.1813,-4.11E-28
16.1805,-3.91E-28
16.1796,-3.71E-28
16.1787,-3.50E-28
16.1778,-3.30E-28
16.1769,-3.10E-28
16.176,-2.90E-28
16.1751,-2.70E-28
16.1742,-2.50E-28
16.1733,-2.30E-28
16.1725,-2.11E-28
16.1716,-1.91E-28
16.1707,-1.72E-28
16.1698,-1.52E-28
16.1689,-1.33E-28
16.168,-1.14E-28
16.1671,-9.57E-29
16.1662,-7.72E-29
16.1653,-5.89E-29
16.1644,-4.09E-29
16.1635,-2.30E-29
16.1626,-5.35E-30
16.1617,1.20E-29
16.1607,2.92E-29
16.1598,4.60E-29
16.1589,6.26E-29
16.158,7.89E-29
16.1571,9.50E-29
16.1562,1.11E-28
16.1553,1.26E-28
16.1544,1.41E-28
16.1535,1.56E-28
16.1526,1.70E-28
16.1516,1.84E-28
16.1507,1.98E-28
16.1498,2.11E-28
16.1489,2.24E-28
16.148,2.37E-28
16.1471,2.49E-28
16.1461,2.60E-28
16.1452,2.72E-28
16.1443,2.82E-28
16.1434,2.93E-28
16.1424,3.03E-28
16.1415,3.12E-28
16.1406,3.21E-28
16.1397,3.30E-28
16.1387,3.37E-28
16.1378,3.45E-28
16.1369,3.52E-28
16.1359,3.58E-28
16.135,3.64E-28
16.1341,3.69E-28
16.1332,3.74E-28
16.1322,3.78E-28
16.1313,3.81E-28
16.1303,3.84E-28
16.1294,3.87E-28
16.1285,3.88E-28
16.1275,3.89E-28
16.1266,3.90E-28
16.1257,3.89E-28
16.1247,3.89E-28
16.1238,3.87E-28
16.1228,3.85E-28
16.1219,3.82E-28
16.1209,3.78E-28
16.12,3.73E-28
16.119,3.68E-28
16.1181,3.62E-28
16.1172,3.56E-28
16.1162,3.48E-28
16.1153,3.40E-28
16.1143,3.31E-28
16.1133,3.21E-28
16.1124,3.11E-28
16.1114,2.99E-28
16.1105,2.87E-28
16.1095,3.15E-28
16.1086,3.48E-28
16.1076,3.81E-28
16.1067,4.14E-28
16.1057,4.47E-28
16.1047,4.81E-28
16.1038,5.15E-28
16.1028,5.49E-28
16.1019,5.83E-28
16.1009,6.17E-28
16.0999,6.51E-28
16.099,6.86E-28
16.098,7.21E-28
16.097,7.56E-28
16.0961,7.91E-28
16.0951,8.26E-28
16.0941,8.61E-28
16.0931,8.97E-28
16.0922,9.32E-28
16.0912,9.68E-28
16.0902,1.00E-27
16.0893,1.04E-27
16.0883,1.08E-27
16.0873,1.11E-27
16.0863,1.15E-27
16.0853,1.18E-27
16.0844,1.22E-27
16.0834,1.26E-27
16.0824,1.29E-27
16.0814,1.33E-27
16.0804,1.37E-27
16.0795,1.40E-27
16.0785,1.44E-27
16.0775,1.47E-27
16.0765,1.51E-27
16.0755,1.55E-27
16.0745,1.58E-27
16.0735,1.62E-27
16.0725,1.66E-27
16.0715,1.69E-27
16.0706,1.73E-27
16.0696,1.77E-27
16.0686,1.80E-27
16.0676,1.84E-27
16.0666,1.87E-27
16.0656,1.91E-27
16.0646,1.95E-27
16.0636,1.98E-27
16.0626,2.02E-27
16.0616,2.05E-27
16.0606,2.09E-27
16.0596,2.12E-27
16.0586,2.16E-27
16.0576,2.19E-27
16.0566,2.23E-27
16.0556,2.26E-27
16.0546,2.30E-27
16.0536,2.33E-27
16.0525,2.36E-27
16.0515,2.40E-27
16.0505,2.43E-27
16.0495,2.47E-27
16.0485,2.50E-27
16.0475,2.53E-27
16.0465,2.56E-27
16.0455,2.60E-27
16.0444,2.63E-27
16.0434,2.66E-27
16.0424,2.69E-27
16.0414,2.72E-27
16.0404,2.76E-27
16.0394,2.79E-27
16.0383,2.82E-27
16.0373,2.85E-27
16.0363,2.88E-27
16.0353,2.91E-27
16.0342,2.94E-27
16.0332,2.96E-27
16.0322,2.99E-27
16.0312,3.02E-27
16.0301,3.05E-27
16.0291,3.08E-27
16.0281,3.10E-27
16.027,3.13E-27
16.026,3.16E-27
16.025,3.18E-27
16.0239,3.21E-27
16.0229,3.23E-27
16.0219,3.25E-27
16.0208,3.28E-27
16.0198,3.30E-27
16.0188,3.32E-27
16.0177,3.35E-27
16.0167,3.37E-27
16.0156,3.39E-27
16.0146,3.41E-27
16.0136,3.43E-27
16.0125,3.45E-27
16.0115,3.47E-27
16.0104,3.49E-27
16.0094,3.51E-27
16.0083,3.52E-27
16.0073,3.54E-27
16.0062,3.56E-27
16.0052,3.57E-27
16.0041,3.59E-27
16.0031,3.60E-27
16.002,3.61E-27
16.001,3.63E-27
15.9999,3.64E-27
15.9989,3.65E-27
15.9978,3.66E-27
15.9967,3.67E-27
15.9957,3.68E-27
15.9946,3.69E-27
15.9936,3.70E-27
15.9925,3.70E-27
15.9914,3.71E-27
15.9904,3.72E-27
15.9893,3.72E-27
15.9883,3.73E-27
15.9872,3.73E-27
15.9861,3.73E-27
15.9851,3.73E-27
15.984,3.73E-27
15.9829,3.73E-27
15.9818,3.73E-27
15.9808,3.73E-27
15.9797,3.73E-27
15.9786,3.73E-27
15.9776,3.72E-27
15.9765,3.72E-27
15.9754,3.71E-27
15.9743,3.71E-27
15.9733,3.70E-27
15.9722,3.69E-27
15.9711,3.68E-27
15.97,3.67E-27
15.9689,3.66E-27
15.9679,3.64E-27
15.9668,3.63E-27
15.9657,3.62E-27
15.9646,3.60E-27
15.9635,3.58E-27
15.9624,3.57E-27
15.9613,3.55E-27
15.9603,3.53E-27
15.9592,3.51E-27
15.9581,3.49E-27
15.957,3.46E-27
15.9559,3.44E-27
15.9548,3.41E-27
15.9537,3.39E-27
15.9526,3.36E-27
15.9515,3.33E-27
15.9504,3.30E-27
15.9493,3.27E-27
15.9482,3.24E-27
15.9471,3.21E-27
15.946,3.17E-27
15.9449,3.14E-27
15.9438,3.10E-27
15.9427,3.06E-27
15.9416,3.03E-27
15.9405,2.99E-27
15.9394,2.94E-27
15.9383,2.90E-27
15.9372,2.86E-27
15.9361,2.81E-27
15.935,2.77E-27
15.9339,2.72E-27
15.9328,2.67E-27
15.9316,2.62E-27
15.9305,2.57E-27
15.9294,2.51E-27
15.9283,2.46E-27
15.9272,2.40E-27
15.9261,2.35E-27
15.925,2.29E-27
15.9238,2.23E-27
15.9227,2.17E-27
15.9216,2.11E-27
15.9205,2.04E-27
15.9194,1.98E-27
15.9182,1.91E-27
15.9171,1.84E-27
15.916,1.77E-27
15.9149,1.70E-27
15.9137,1.63E-27
15.9126,1.56E-27
15.9115,1.48E-27
15.9104,1.40E-27
15.9092,1.32E-27
15.9081,1.24E-27
15.907,1.16E-27
15.9058,1.08E-27
15.9047,1.00E-27
15.9036,1.07E-27
15.9024,1.14E-27
15.9013,1.21E-27
15.9002,1.29E-27
15.899,1.36E-27
15.8979,1.43E-27
15.8967,1.51E-27
15.8956,1.58E-27
15.8945,1.66E-27
15.8933,1.74E-27
15.8922,1.81E-27
15.891,1.89E-27
15.8899,1.97E-27
15.8887,2.05E-27
15.8876,2.12E-27
15.8864,2.20E-27
15.8853,2.28E-27
15.8841,2.36E-27
15.883,2.45E-27
15.8818,2.53E-27
15.8807,2.61E-27
15.8795,2.69E-27
15.8784,2.78E-27
15.8772,2.86E-27
15.8761,2.94E-27
15.8749,3.03E-27
15.8738,3.11E-27
15.8726,3.20E-27
15.8714,3.28E-27
15.8703,3.37E-27
15.8691,3.46E-27
15.868,3.54E-27
15.8668,3.63E-27
15.8656,3.72E-27
15.8645,3.81E-27
15.8633,3.89E-27
15.8621,3.98E-27
15.861,4.07E-27
15.8598,4.16E-27
15.8586,4.25E-27
15.8575,4.34E-27
15.8563,4.43E-27
15.8551,4.53E-27
15.8539,4.62E-27
15.8528,4.71E-27
15.8516,4.80E-27
15.8504,4.89E-27
15.8492,4.99E-27
15.8481,5.08E-27
15.8469,5.17E-27
15.8457,5.26E-27
15.8445,5.36E-27
15.8433,5.45E-27
15.8422,5.55E-27
15.841,5.64E-27
15.8398,5.73E-27
15.8386,5.83E-27
15.8374,5.92E-27
15.8362,6.02E-27
15.835,6.11E-27
15.8339,6.21E-27
15.8327,6.30E-27
15.8315,6.40E-27
15.8303,6.50E-27
15.8291,6.59E-27
15.8279,6.69E-27
15.8267,6.78E-27
15.8255,6.88E-27
15.8243,6.98E-27
15.8231,7.07E-27
15.8219,7.17E-27
15.8207,7.27E-27
15.8195,7.36E-27
15.8183,7.46E-27
15.8171,7.56E-27
15.8159,7.65E-27
15.8147,7.75E-27
15.8135,7.85E-27
15.8123,7.94E-27
15.8111,8.04E-27
15.8099,8.14E-27
15.8087,8.23E-27
15.8075,8.33E-27
15.8063,8.42E-27
15.8051,8.52E-27
15.8039,8.62E-27
15.8026,8.71E-27
15.8014,8.81E-27
15.8002,8.90E-27
15.799,9.00E-27
15.7978,9.10E-27
15.7966,9.19E-27
15.7954,9.29E-27
15.7941,9.38E-27
15.7929,9.48E-27
15.7917,9.57E-27
15.7905,9.66E-27
15.7893,9.76E-27
15.788,9.85E-27
15.7868,9.95E-27
15.7856,1.00E-26
15.7844,1.01E-26
15.7831,1.02E-26
15.7819,1.03E-26
15.7807,1.04E-26
15.7795,1.05E-26
15.7782,1.06E-26
15.777,1.07E-26
15.7758,1.08E-26
15.7745,1.09E-26
15.7733,1.10E-26
15.7721,1.10E-26
15.7708,1.11E-26
15.7696,1.12E-26
15.7684,1.13E-26
15.7671,1.14E-26
15.7659,1.15E-26
15.7646,1.16E-26
15.7634,1.17E-26
15.7622,1.18E-26
15.7609,1.18E-26
15.7597,1.19E-26
15.7584,1.20E-26
15.7572,1.21E-26
15.7559,1.22E-26
15.7547,1.23E-26
15.7534,1.23E-26
15.7522,1.24E-26
15.7509,1.25E-26
15.7497,1.26E-26
15.7484,1.27E-26
15.7472,1.27E-26
15.7459,1.28E-26
15.7447,1.29E-26
15.7434,1.30E-26
15.7422,1.31E-26
15.7409,1.31E-26
15.7397,1.32E-26
15.7384,1.33E-26
15.7371,1.34E-26
15.7359,1.34E-26
15.7346,1.35E-26
15.7334,1.36E-26
15.7321,1.37E-26
15.7308,1.37E-26
15.7296,1.38E-26
15.7283,1.39E-26
15.727,1.39E-26
15.7258,1.40E-26
15.7245,1.41E-26
15.7232,1.41E-26
15.722,1.42E-26
15.7207,1.43E-26
15.7194,1.43E-26
15.7181,1.44E-26
15.7169,1.44E-26
15.7156,1.45E-26
15.7143,1.46E-26
15.713,1.46E-26
15.7118,1.47E-26
15.7105,1.47E-26
15.7092,1.48E-26
15.7079,1.48E-26
15.7066,1.49E-26
15.7054,1.49E-26
15.7041,1.50E-26
15.7028,1.50E-26
15.7015,1.51E-26
15.7002,1.51E-26
15.6989,1.52E-26
15.6976,1.52E-26
15.6964,1.53E-26
15.6951,1.53E-26
15.6938,1.54E-26
15.6925,1.54E-26
15.6912,1.54E-26
15.6899,1.55E-26
15.6886,1.55E-26
15.6873,1.56E-26
15.686,1.56E-26
15.6847,1.56E-26
15.6834,1.57E-26
15.6821,1.57E-26
15.6808,1.57E-26
15.6795,1.57E-26
15.6782,1.58E-26
15.6769,1.58E-26
15.6756,1.58E-26
15.6743,1.58E-26
15.673,1.59E-26
15.6717,1.59E-26
15.6704,1.59E-26
15.6691,1.59E-26
15.6678,1.59E-26
15.6665,1.60E-26
15.6652,1.60E-26
15.6639,1.60E-26
15.6626,1.60E-26
15.6612,1.60E-26
15.6599,1.60E-26
15.6586,1.60E-26
15.6573,1.60E-26
15.656,1.60E-26
15.6547,1.60E-26
15.6534,1.60E-26
15.652,1.60E-26
15.6507,1.60E-26
15.6494,1.60E-26
15.6481,1.60E-26
15.6468,1.60E-26
15.6454,1.60E-26
15.6441,1.60E-26
15.6428,1.59E-26
15.6415,1.59E-26
15.6401,1.59E-26
15.6388,1.59E-26
15.6375,1.59E-26
15.6361,1.58E-26
15.6348,1.58E-26
15.6335,1.58E-26
15.6321,1.58E-26
15.6308,1.57E-26
15.6295,1.57E-26
15.6281,1.57E-26
15.6268,1.56E-26
15.6255,1.56E-26
15.6241,1.55E-26
15.6228,1.55E-26
15.6215,1.55E-26
15.6201,1.54E-26
15.6188,1.54E-26
15.6174,1.53E-26
15.6161,1.53E-26
15.6148,1.52E-26
15.6134,1.51E-26
15.6121,1.51E-26
15.6107,1.50E-26
15.6094,1.50E-26
15.608,1.49E-26
15.6067,1.48E-26
15.6053,1.48E-26
15.604,1.47E-26
15.6026,1.46E-26
15.6013,1.45E-26
15.5999,1.45E-26
15.5986,1.44E-26
15.5972,1.43E-26
15.5959,1.42E-26
15.5945,1.41E-26
15.5931,1.40E-26
15.5918,1.39E-26
15.5904,1.39E-26
15.5891,1.38E-26
15.5877,1.37E-26
15.5863,1.36E-26
15.585,1.35E-26
15.5836,1.33E-26
15.5822,1.32E-26
15.5809,1.31E-26
15.5795,1.30E-26
15.5781,1.29E-26
15.5768,1.28E-26
15.5754,1.27E-26
15.574,1.25E-26
15.5727,1.24E-26
15.5713,1.23E-26
15.5699,1.22E-26
15.5685,1.20E-26
15.5672,1.19E-26
15.5658,1.18E-26
15.5644,1.16E-26
15.563,1.15E-26
15.5617,1.13E-26
15.5603,1.12E-26
15.5589,1.10E-26
15.5575,1.09E-26
15.5561,1.07E-26
15.5548,1.06E-26
15.5534,1.04E-26
15.552,1.02E-26
15.5506,1.01E-26
15.5492,9.91E-27
15.5478,9.74E-27
15.5464,9.57E-27
15.5451,9.39E-27
15.5437,9.21E-27
15.5423,9.03E-27
15.5409,8.85E-27
15.5395,8.66E-27
15.5381,8.47E-27
15.5367,8.28E-27
15.5353,8.09E-27
15.5339,7.89E-27
15.5325,7.69E-27
15.5311,7.48E-27
15.5297,7.28E-27
15.5283,7.07E-27
15.5269,6.86E-27
15.5255,6.64E-27
15.5241,6.43E-27
15.5227,6.21E-27
15.5213,5.99E-27
15.5199,5.76E-27
15.5185,5.53E-27
15.5171,5.30E-27
15.5157,5.07E-27
15.5143,4.83E-27
15.5129,4.59E-27
15.5115,4.35E-27
15.51,4.11E-27
15.5086,3.86E-27
15.5072,3.61E-27
15.5058,3.44E-27
15.5044,3.41E-27
15.503,3.38E-27
15.5016,3.35E-27
15.5001,3.32E-27
15.4987,3.29E-27
15.4973,3.26E-27
15.4959,3.23E-27
15.4945,3.20E-27
15.493,3.16E-27
15.4916,3.13E-27
15.4902,3.10E-27
15.4888,3.07E-27
15.4873,3.04E-27
15.4859,3.01E-27
15.4845,2.98E-27
15.4831,2.95E-27
15.4816,2.92E-27
15.4802,2.88E-27
15.4788,2.85E-27
15.4773,2.82E-27
15.4759,2.79E-27
15.4745,2.76E-27
15.473,2.73E-27
15.4716,2.69E-27
15.4702,2.66E-27
15.4687,2.63E-27
15.4673,2.60E-27
15.4659,2.57E-27
15.4644,2.54E-27
15.463,2.50E-27
15.4615,2.47E-27
15.4601,2.44E-27
15.4586,2.41E-27
15.4572,2.38E-27
15.4558,2.34E-27
15.4543,2.31E-27
15.4529,2.28E-27
15.4514,2.25E-27
15.45,2.22E-27
15.4485,2.18E-27
15.4471,2.15E-27
15.4456,2.12E-27
15.4442,2.09E-27
15.4427,2.06E-27
15.4413,2.02E-27
15.4398,1.99E-27
15.4384,1.96E-27
15.4369,1.93E-27
15.4354,1.90E-27
15.434,1.87E-27
15.4325,1.83E-27
15.4311,1.80E-27
15.4296,1.77E-27
15.4281,1.74E-27
15.4267,1.71E-27
15.4252,1.68E-27
15.4238,1.65E-27
15.4223,1.61E-27
15.4208,1.58E-27
15.4194,1.55E-27
15.4179,1.52E-27
15.4164,1.49E-27
15.4149,1.46E-27
15.4135,1.43E-27
15.412,1.40E-27
15.4105,1.37E-27
15.4091,1.34E-27
15.4076,1.30E-27
15.4061,1.27E-27
15.4046,1.24E-27
15.4032,1.21E-27
15.4017,1.18E-27
15.4002,1.15E-27
15.3987,1.12E-27
15.3972,1.09E-27
15.3958,1.06E-27
15.3943,1.03E-27
15.3928,1.01E-27
15.3913,9.76E-28
15.3898,9.47E-28
15.3883,9.18E-28
15.3869,8.89E-28
15.3854,8.60E-28
15.3839,8.32E-28
15.3824,8.03E-28
15.3809,7.75E-28
15.3794,7.47E-28
15.3779,7.19E-28
15.3764,6.91E-28
15.3749,6.64E-28
15.3734,6.36E-28
15.3719,6.09E-28
15.3704,5.82E-28
15.369,5.55E-28
15.3675,5.28E-28
15.366,5.02E-28
15.3645,4.75E-28
15.363,4.49E-28
15.3615,4.23E-28
15.36,3.97E-28
15.3584,3.72E-28
15.3569,3.46E-28
15.3554,3.21E-28
15.3539,2.96E-28
15.3524,2.72E-28
15.3509,2.47E-28
15.3494,2.23E-28
15.3479,1.99E-28
15.3464,1.75E-28
15.3449,1.52E-28
15.3434,1.28E-28
15.3419,1.05E-28
15.3403,8.25E-29
15.3388,6.00E-29
15.3373,3.77E-29
15.3358,1.56E-29
15.3343,-6.13E-30
15.3328,-2.76E-29
15.3312,-4.89E-29
15.3297,-6.98E-29
15.3282,-9.05E-29
15.3267,-1.11E-28
15.3252,-1.31E-28
15.3236,-1.51E-28
15.3221,-1.70E-28
15.3206,-1.90E-28
15.3191,-2.09E-28
15.3175,-2.27E-28
15.316,-2.46E-28
15.3145,-2.64E-28
15.3129,-2.81E-28
15.3114,-2.99E-28
15.3099,-3.16E-28
15.3084,-3.33E-28
15.3068,-3.49E-28
15.3053,-3.65E-28
15.3037,-3.81E-28
15.3022,-3.96E-28
15.3007,-4.11E-28
15.2991,-4.26E-28
15.2976,-4.41E-28
15.2961,-4.55E-28
15.2945,-4.68E-28
15.293,-4.82E-28
15.2914,-4.95E-28
15.2899,-5.07E-28
15.2884,-5.19E-28
15.2868,-5.31E-28
15.2853,-5.43E-28
15.2837,-5.54E-28
15.2822,-5.65E-28
15.2806,-5.75E-28
15.2791,-5.85E-28
15.2775,-5.94E-28
15.276,-6.03E-28
15.2744,-6.12E-28
15.2729,-6.21E-28
15.2713,-6.29E-28
15.2698,-6.36E-28
15.2682,-6.43E-28
15.2667,-6.50E-28
15.2651,-6.56E-28
15.2635,-6.62E-28
15.262,-6.67E-28
15.2604,-6.72E-28
15.2589,-6.77E-28
15.2573,-6.81E-28
15.2557,-6.85E-28
15.2542,-6.88E-28
15.2526,-6.91E-28
15.251,-6.93E-28
15.2495,-6.95E-28
15.2479,-6.97E-28
15.2463,-6.98E-28
15.2448,-6.98E-28
15.2432,-6.98E-28
15.2416,-6.98E-28
15.2401,-6.97E-28
15.2385,-6.95E-28
15.2369,-6.94E-28
15.2354,-6.91E-28
15.2338,-6.89E-28
15.2322,-6.85E-28
15.2306,-6.81E-28
15.229,-6.77E-28
15.2275,-6.72E-28
15.2259,-6.67E-28
15.2243,-6.62E-28
15.2227,-6.55E-28
15.2212,-6.49E-28
15.2196,-6.41E-28
15.218,-6.34E-28
15.2164,-6.25E-28
15.2148,-6.17E-28
15.2132,-6.07E-28
15.2116,-5.97E-28
15.2101,-5.87E-28
15.2085,-5.76E-28
15.2069,-5.65E-28
15.2053,-5.53E-28
15.2037,-5.41E-28
15.2021,-5.28E-28
15.2005,-5.14E-28
15.1989,-5.00E-28
15.1973,-4.86E-28
15.1957,-4.70E-28
15.1941,-4.55E-28
15.1925,-4.39E-28
15.1909,-4.22E-28
15.1893,-4.05E-28
15.1877,-3.87E-28
15.1861,-3.69E-28
15.1845,-3.50E-28
15.1829,-3.30E-28
15.1813,-3.10E-28
15.1797,-3.00E-28
15.1781,-3.12E-28
15.1765,-3.25E-28
15.1749,-3.37E-28
15.1733,-3.49E-28
15.1717,-3.61E-28
15.1701,-3.73E-28
15.1685,-3.84E-28
15.1669,-3.96E-28
15.1653,-4.08E-28
15.1636,-4.19E-28
15.162,-4.30E-28
15.1604,-4.42E-28
15.1588,-4.53E-28
15.1572,-4.64E-28
15.1556,-4.75E-28
15.154,-4.85E-28
15.1523,-4.96E-28
15.1507,-5.07E-28
15.1491,-5.17E-28
15.1475,-5.27E-28
15.1458,-5.38E-28
15.1442,-5.48E-28
15.1426,-5.58E-28
15.141,-5.68E-28
15.1394,-5.77E-28
15.1377,-5.87E-28
15.1361,-5.96E-28
15.1345,-6.06E-28
15.1328,-6.15E-28
15.1312,-6.24E-28
15.1296,-6.33E-28
15.1279,-6.42E-28
15.1263,-6.51E-28
15.1247,-6.60E-28
15.123,-6.68E-28
15.1214,-6.77E-28
15.1198,-6.85E-28
15.1181,-6.93E-28
15.1165,-7.01E-28
15.1149,-7.09E-28
15.1132,-7.17E-28
15.1116,-7.24E-28
15.1099,-7.32E-28
15.1083,-7.39E-28
15.1067,-7.47E-28
15.105,-7.54E-28
15.1034,-7.61E-28
15.1017,-7.68E-28
15.1001,-7.75E-28
15.0984,-7.81E-28
15.0968,-7.88E-28
15.0951,-7.94E-28
15.0935,-8.00E-28
15.0918,-8.06E-28
15.0902,-8.12E-28
15.0885,-8.18E-28
15.0869,-8.24E-28
15.0852,-8.30E-28
15.0836,-8.35E-28
15.0819,-8.40E-28
15.0802,-8.46E-28
15.0786,-8.51E-28
15.0769,-8.56E-28
15.0753,-8.60E-28
15.0736,-8.65E-28
15.0719,-8.70E-28
15.0703,-8.74E-28
15.0686,-8.78E-28
15.067,-8.82E-28
15.0653,-8.86E-28
15.0636,-8.90E-28
15.062,-8.94E-28
15.0603,-8.97E-28
15.0586,-9.01E-28
15.057,-9.04E-28
15.0553,-9.07E-28
15.0536,-9.10E-28
15.0519,-9.13E-28
15.0503,-9.16E-28
15.0486,-9.18E-28
15.0469,-9.21E-28
15.0452,-9.23E-28
15.0436,-9.25E-28
15.0419,-9.27E-28
15.0402,-9.29E-28
15.0385,-9.31E-28
15.0369,-9.33E-28
15.0352,-9.34E-28
15.0335,-9.36E-28
15.0318,-9.37E-28
15.0301,-9.38E-28
15.0284,-9.39E-28
15.0268,-9.39E-28
15.0251,-9.40E-28
15.0234,-9.41E-28
15.0217,-9.41E-28
15.02,-9.41E-28
15.0183,-9.41E-28
15.0166,-9.41E-28
15.0149,-9.41E-28
15.0133,-9.40E-28
15.0116,-9.40E-28
15.0099,-9.39E-28
15.0082,-9.38E-28
15.0065,-9.38E-28
15.0048,-9.36E-28
15.0031,-9.35E-28
15.0014,-9.34E-28
14.9997,-9.32E-28
14.998,-9.31E-28
14.9963,-9.29E-28
14.9946,-9.27E-28
14.9929,-9.25E-28
14.9912,-9.23E-28
14.9895,-9.20E-28
14.9878,-9.18E-28
14.9861,-9.15E-28
14.9844,-9.12E-28
14.9827,-9.09E-28
14.9809,-9.06E-28
14.9792,-9.03E-28
14.9775,-9.00E-28
14.9758,-8.96E-28
14.9741,-8.92E-28
14.9724,-8.89E-28
14.9707,-8.85E-28
14.969,-8.81E-28
14.9673,-8.76E-28
14.9655,-8.72E-28
14.9638,-8.67E-28
14.9621,-8.63E-28
14.9604,-8.58E-28
14.9587,-8.53E-28
14.9569,-8.48E-28
14.9552,-8.43E-28
14.9535,-8.37E-28
14.9518,-8.32E-28
14.9501,-8.26E-28
14.9483,-8.20E-28
14.9466,-8.14E-28
14.9449,-8.08E-28
14.9431,-8.02E-28
14.9414,-7.96E-28
14.9397,-7.89E-28
14.938,-7.83E-28
14.9362,-7.76E-28
14.9345,-7.69E-28
14.9328,-7.62E-28
14.931,-7.55E-28
14.9293,-7.47E-28
14.9276,-7.40E-28
14.9258,-7.32E-28
14.9241,-7.24E-28
14.9224,-7.16E-28
14.9206,-7.08E-28
14.9189,-7.00E-28
14.9171,-6.92E-28
14.9154,-6.83E-28
14.9137,-6.75E-28
14.9119,-6.66E-28
14.9102,-6.57E-28
14.9084,-6.48E-28
14.9067,-6.39E-28
14.9049,-6.30E-28
14.9032,-6.20E-28
14.9014,-6.11E-28
14.8997,-6.01E-28
14.8979,-5.91E-28
14.8962,-5.81E-28
14.8944,-5.71E-28
14.8927,-5.61E-28
14.8909,-5.50E-28
14.8892,-5.40E-28
14.8874,-5.29E-28
14.8857,-5.18E-28
14.8839,-5.08E-28
14.8822,-4.97E-28
14.8804,-4.85E-28
14.8786,-4.74E-28
14.8769,-4.63E-28
14.8751,-4.51E-28
14.8734,-4.39E-28
14.8716,-4.27E-28
14.8698,-4.15E-28
14.8681,-4.03E-28
14.8663,-3.91E-28
14.8645,-3.79E-28
14.8628,-3.66E-28
14.861,-3.53E-28
14.8592,-3.41E-28
14.8575,-3.28E-28
14.8557,-3.15E-28
14.8539,-3.01E-28
14.8522,-2.88E-28
14.8504,-2.75E-28
14.8486,-2.61E-28
14.8468,-2.47E-28
14.8451,-2.34E-28
14.8433,-2.20E-28
14.8415,-2.05E-28
14.8397,-1.91E-28
14.838,-1.77E-28
14.8362,-1.62E-28
14.8344,-1.48E-28
14.8326,-1.33E-28
14.8308,-1.18E-28
14.829,-1.03E-28
14.8273,-8.80E-29
14.8255,-7.28E-29
14.8237,-5.74E-29
14.8219,-4.19E-29
14.8201,-2.62E-29
14.8183,-1.04E-29
14.8165,5.49E-30
14.8148,2.15E-29
14.813,3.51E-29
14.8112,4.11E-29
14.8094,4.70E-29
14.8076,5.30E-29
14.8058,5.89E-29
14.804,6.48E-29
14.8022,7.07E-29
14.8004,7.65E-29
14.7986,8.24E-29
14.7968,8.82E-29
14.795,9.40E-29
14.7932,9.98E-29
14.7914,1.06E-28
14.7896,1.11E-28
14.7878,1.17E-28
14.786,1.23E-28
14.7842,1.28E-28
14.7824,1.34E-28
14.7806,1.40E-28
14.7788,1.45E-28
14.777,1.51E-28
14.7752,1.57E-28
14.7734,1.62E-28
14.7715,1.68E-28
14.7697,1.73E-28
14.7679,1.78E-28
14.7661,1.84E-28
14.7643,1.89E-28
14.7625,1.95E-28
14.7607,2.00E-28
14.7588,2.05E-28
14.757,2.11E-28
14.7552,2.16E-28
14.7534,2.21E-28
14.7516,2.26E-28
14.7498,2.31E-28
14.7479,2.36E-28
14.7461,2.41E-28
14.7443,2.46E-28
14.7425,2.51E-28
14.7406,2.56E-28
14.7388,2.61E-28
14.737,2.66E-28
14.7352,2.71E-28
14.7333,2.76E-28
14.7315,2.80E-28
14.7297,2.85E-28
14.7278,2.90E-28
14.726,2.94E-28
14.7242,2.99E-28
14.7223,3.03E-28
14.7205,3.08E-28
14.7187,3.12E-28
14.7168,3.16E-28
14.715,3.21E-28
14.7132,3.25E-28
14.7113,3.29E-28
14.7095,3.33E-28
14.7076,3.38E-28
14.7058,3.42E-28
14.704,3.46E-28
14.7021,3.50E-28
14.7003,3.54E-28
14.6984,3.58E-28
14.6966,3.61E-28
14.6947,3.65E-28
14.6929,3.69E-28
14.6911,3.73E-28
14.6892,3.76E-28
14.6874,3.80E-28
14.6855,3.83E-28
14.6837,3.87E-28
14.6818,3.90E-28
14.6799,3.93E-28
14.6781,3.97E-28
14.6762,4.00E-28
14.6744,4.03E-28
14.6725,4.06E-28
14.6707,4.09E-28
14.6688,4.12E-28
14.667,4.15E-28
14.6651,4.18E-28
14.6632,4.21E-28
14.6614,4.24E-28
14.6595,4.27E-28
14.6576,4.29E-28
14.6558,4.32E-28
14.6539,4.34E-28
14.6521,4.37E-28
14.6502,4.39E-28
14.6483,4.42E-28
14.6465,4.44E-28
14.6446,4.46E-28
14.6427,4.48E-28
14.6408,4.50E-28
14.639,4.52E-28
14.6371,4.54E-28
14.6352,4.56E-28
14.6334,4.58E-28
14.6315,4.60E-28
14.6296,4.62E-28
14.6277,4.63E-28
14.6258,4.65E-28
14.624,4.66E-28
14.6221,4.68E-28
14.6202,4.69E-28
14.6183,4.71E-28
14.6164,4.72E-28
14.6146,4.73E-28
14.6127,4.74E-28
14.6108,4.75E-28
14.6089,4.76E-28
14.607,4.77E-28
14.6051,4.78E-28
14.6033,4.79E-28
14.6014,4.79E-28
14.5995,4.80E-28
14.5976,4.81E-28
14.5957,4.81E-28
14.5938,4.82E-28
14.5919,4.82E-28
14.59,4.82E-28
14.5881,4.83E-28
14.5862,4.83E-28
14.5843,4.83E-28
14.5824,4.83E-28
14.5805,4.83E-28
14.5786,4.83E-28
14.5767,4.82E-28
14.5748,4.82E-28
14.5729,4.82E-28
14.571,4.82E-28
14.5691,4.81E-28
14.5672,4.81E-28
14.5653,4.80E-28
14.5634,4.79E-28
14.5615,4.79E-28
14.5596,4.78E-28
14.5577,4.77E-28
14.5558,4.76E-28
14.5539,4.75E-28
14.552,4.74E-28
14.5501,4.73E-28
14.5482,4.71E-28
14.5462,4.70E-28
14.5443,4.69E-28
14.5424,4.67E-28
14.5405,4.66E-28
14.5386,4.64E-28
14.5367,4.62E-28
14.5347,4.61E-28
14.5328,4.59E-28
14.5309,4.57E-28
14.529,4.55E-28
14.5271,4.53E-28
14.5251,4.51E-28
14.5232,4.48E-28
14.5213,4.46E-28
14.5194,4.44E-28
14.5174,4.41E-28
14.5155,4.39E-28
14.5136,4.36E-28
14.5117,4.34E-28
14.5097,4.31E-28
14.5078,4.28E-28
14.5059,4.25E-28
14.5039,4.23E-28
14.502,4.20E-28
14.5001,4.16E-28
14.4981,4.13E-28
14.4962,4.10E-28
14.4943,4.07E-28
14.4923,4.03E-28
14.4904,4.00E-28
14.4885,3.96E-28
14.4865,3.93E-28
14.4846,3.89E-28
14.4826,3.85E-28
14.4807,3.82E-28
14.4788,3.78E-28
14.4768,3.74E-28
14.4749,3.70E-28
14.4729,3.66E-28
14.471,3.61E-28
14.469,3.57E-28
14.4671,3.53E-28
14.4651,3.48E-28
14.4632,3.44E-28
14.4612,3.39E-28
14.4593,3.35E-28
14.4573,3.30E-28
14.4554,3.25E-28
14.4534,3.20E-28
14.4515,3.15E-28
14.4495,3.10E-28
14.4476,3.05E-28
14.4456,3.00E-28
14.4437,2.95E-28
14.4417,2.89E-28
14.4397,2.84E-28
14.4378,2.78E-28
14.4358,2.73E-28
14.4339,2.67E-28
14.4319,2.61E-28
14.4299,2.55E-28
14.428,2.49E-28
14.426,2.43E-28
14.424,2.37E-28
14.4221,2.31E-28
14.4201,2.25E-28
14.4181,2.19E-28
14.4162,2.12E-28
14.4142,2.06E-28
14.4122,1.99E-28
14.4103,1.93E-28
14.4083,1.86E-28
14.4063,1.80E-28
14.4043,1.79E-28
14.4024,1.78E-28
14.4004,1.77E-28
14.3984,1.76E-28
14.3964,1.75E-28
14.3945,1.74E-28
14.3925,1.72E-28
14.3905,1.71E-28
14.3885,1.70E-28
14.3865,1.69E-28
14.3845,1.68E-28
14.3826,1.67E-28
14.3806,1.66E-28
14.3786,1.64E-28
14.3766,1.63E-28
14.3746,1.62E-28
14.3726,1.61E-28
14.3706,1.60E-28
14.3687,1.59E-28
14.3667,1.57E-28
14.3647,1.56E-28
14.3627,1.55E-28
14.3607,1.54E-28
14.3587,1.53E-28
14.3567,1.51E-28
14.3547,1.50E-28
14.3527,1.49E-28
14.3507,1.48E-28
14.3487,1.46E-28
14.3467,1.45E-28
14.3447,1.44E-28
14.3427,1.43E-28
14.3407,1.41E-28
14.3387,1.40E-28
14.3367,1.39E-28
14.3347,1.38E-28
14.3327,1.36E-28
14.3307,1.35E-28
14.3287,1.34E-28
14.3267,1.32E-28
14.3247,1.31E-28
14.3227,1.30E-28
14.3207,1.29E-28
14.3187,1.27E-28
14.3167,1.26E-28
14.3146,1.25E-28
14.3126,1.23E-28
14.3106,1.22E-28
14.3086,1.21E-28
14.3066,1.19E-28
14.3046,1.18E-28
14.3026,1.17E-28
14.3005,1.15E-28
14.2985,1.14E-28
14.2965,1.13E-28
14.2945,1.12E-28
14.2925,1.10E-28
14.2904,1.09E-28
14.2884,1.08E-28
14.2864,1.06E-28
14.2844,1.05E-28
14.2823,1.04E-28
14.2803,1.02E-28
14.2783,1.01E-28
14.2763,9.95E-29
14.2742,9.82E-29
14.2722,9.68E-29
14.2702,9.55E-29
14.2681,9.42E-29
14.2661,9.28E-29
14.2641,9.15E-29
14.262,9.02E-29
14.26,8.88E-29
14.258,8.75E-29
14.2559,8.61E-29
14.2539,8.48E-29
14.2519,8.35E-29
14.2498,8.21E-29
14.2478,8.08E-29
14.2458,7.95E-29
14.2437,7.81E-29
14.2417,7.68E-29
14.2396,7.54E-29
14.2376,7.41E-29
14.2355,7.28E-29
14.2335,7.14E-29
14.2315,7.01E-29
14.2294,6.88E-29
14.2274,6.75E-29
14.2253,6.61E-29
14.2233,6.48E-29
14.2212,6.35E-29
14.2192,6.22E-29
14.2171,6.08E-29
14.2151,5.95E-29
14.213,5.82E-29
14.211,5.69E-29
14.2089,5.56E-29
14.2068,5.43E-29
14.2048,5.30E-29
14.2027,5.17E-29
14.2007,5.03E-29
14.1986,4.90E-29
14.1966,4.77E-29
14.1945,4.65E-29
14.1924,4.52E-29
14.1904,4.39E-29
14.1883,4.26E-29
14.1862,4.13E-29
14.1842,4.00E-29
14.1821,3.87E-29
14.18,3.75E-29
14.178,3.62E-29
14.1759,3.49E-29
14.1738,3.36E-29
14.1718,3.24E-29
14.1697,3.11E-29
14.1676,2.99E-29
14.1656,2.86E-29
14.1635,2.74E-29
14.1614,2.61E-29
14.1593,2.49E-29
14.1573,2.37E-29
14.1552,2.24E-29
14.1531,2.12E-29
14.151,2.00E-29
14.149,1.88E-29
14.1469,1.75E-29
14.1448,1.63E-29
14.1427,1.51E-29
14.1406,1.39E-29
14.1385,1.27E-29
14.1365,1.15E-29
14.1344,1.04E-29
14.1323,9.17E-30
14.1302,7.99E-30
14.1281,6.82E-30
14.126,5.66E-30
14.1239,4.50E-30
14.1219,3.34E-30
14.1198,2.20E-30
14.1177,1.05E-30
14.1156,-8.52E-32
14.1135,-1.22E-30
14.1114,-2.34E-30
14.1093,-3.46E-30
14.1072,-4.58E-30
14.1051,-5.68E-30
14.103,-6.79E-30
14.1009,-7.88E-30
14.0988,-8.97E-30
14.0967,-1.01E-29
14.0946,-1.11E-29
14.0925,-1.22E-29
14.0904,-1.33E-29
14.0883,-1.43E-29
14.0862,-1.54E-29
14.0841,-1.64E-29
14.082,-1.74E-29
14.0799,-1.85E-29
14.0778,-1.95E-29
14.0757,-2.05E-29
14.0736,-2.15E-29
14.0715,-2.25E-29
14.0694,-2.35E-29
14.0672,-2.45E-29
14.0651,-2.54E-29
14.063,-2.64E-29
14.0609,-2.74E-29
14.0588,-2.83E-29
14.0567,-2.93E-29
14.0546,-3.02E-29
14.0524,-3.11E-29
14.0503,-3.20E-29
14.0482,-3.29E-29
14.0461,-3.38E-29
14.044,-3.47E-29
14.0419,-3.56E-29
14.0397,-3.65E-29
14.0376,-3.73E-29
14.0355,-3.82E-29
14.0334,-3.90E-29
14.0312,-3.99E-29
14.0291,-4.07E-29
14.027,-4.15E-29
14.0249,-4.23E-29
14.0227,-4.31E-29
14.0206,-4.39E-29
14.0185,-4.47E-29
14.0163,-4.54E-29
14.0142,-4.62E-29
14.0121,-4.69E-29
14.01,-4.77E-29
14.0078,-4.84E-29
14.0057,-4.91E-29
14.0035,-4.98E-29
14.0014,-5.05E-29
13.9993,-5.12E-29
13.9971,-5.19E-29
13.995,-5.25E-29
13.9929,-5.32E-29
13.9907,-5.38E-29
13.9886,-5.44E-29
13.9864,-5.50E-29
13.9843,-5.56E-29
13.9821,-5.62E-29
13.98,-5.68E-29
13.9779,-5.73E-29
13.9757,-5.79E-29
13.9736,-5.84E-29
13.9714,-5.89E-29
13.9693,-5.95E-29
13.9671,-6.00E-29
13.965,-6.04E-29
13.9628,-6.09E-29
13.9607,-6.14E-29
13.9585,-6.24E-29
13.9564,-6.33E-29
13.9542,-6.42E-29
13.9521,-6.51E-29
13.9499,-6.60E-29
13.9477,-6.69E-29
13.9456,-6.78E-29
13.9434,-6.87E-29
13.9413,-6.96E-29
13.9391,-7.04E-29
13.937,-7.13E-29
13.9348,-7.22E-29
13.9326,-7.31E-29
13.9305,-7.39E-29
13.9283,-7.48E-29
13.9261,-7.56E-29
13.924,-7.65E-29
13.9218,-7.73E-29
13.9196,-7.81E-29
13.9175,-7.90E-29
13.9153,-7.98E-29
13.9131,-8.06E-29
13.911,-8.14E-29
13.9088,-8.22E-29
13.9066,-8.30E-29
13.9044,-8.38E-29
13.9023,-8.46E-29
13.9001,-8.54E-29
13.8979,-8.62E-29
13.8957,-8.70E-29
13.8936,-8.77E-29
13.8914,-8.85E-29
13.8892,-8.92E-29
13.887,-9.00E-29
13.8849,-9.07E-29
13.8827,-9.15E-29
13.8805,-9.22E-29
13.8783,-9.29E-29
13.8761,-9.36E-29
13.8739,-9.44E-29
13.8718,-9.51E-29
13.8696,-9.58E-29
13.8674,-9.64E-29
13.8652,-9.71E-29
13.863,-9.78E-29
13.8608,-9.85E-29
13.8586,-9.91E-29
13.8564,-9.98E-29
13.8542,-1.00E-28
13.8521,-1.01E-28
13.8499,-1.02E-28
13.8477,-1.02E-28
13.8455,-1.03E-28
13.8433,-1.04E-28
13.8411,-1.04E-28
13.8389,-1.05E-28
13.8367,-1.05E-28
13.8345,-1.06E-28
13.8323,-1.07E-28
13.8301,-1.07E-28
13.8279,-1.08E-28
13.8257,-1.08E-28
13.8235,-1.09E-28
13.8213,-1.09E-28
13.8191,-1.10E-28
13.8169,-1.10E-28
13.8147,-1.11E-28
13.8125,-1.11E-28
13.8103,-1.12E-28
13.808,-1.12E-28
13.8058,-1.13E-28
13.8036,-1.13E-28
13.8014,-1.14E-28
13.7992,-1.14E-28
13.797,-1.15E-28
13.7948,-1.15E-28
13.7926,-1.15E-28
13.7903,-1.16E-28
13.7881,-1.16E-28
13.7859,-1.17E-28
13.7837,-1.17E-28
13.7815,-1.17E-28
13.7793,-1.18E-28
13.777,-1.18E-28
13.7748,-1.18E-28
13.7726,-1.19E-28
13.7704,-1.19E-28
13.7682,-1.19E-28
13.7659,-1.19E-28
13.7637,-1.20E-28
13.7615,-1.20E-28
13.7593,-1.20E-28
13.757,-1.21E-28
13.7548,-1.21E-28
13.7526,-1.21E-28
13.7503,-1.21E-28
13.7481,-1.21E-28
13.7459,-1.22E-28
13.7436,-1.22E-28
13.7414,-1.22E-28
13.7392,-1.22E-28
13.7369,-1.22E-28
13.7347,-1.22E-28
13.7325,-1.22E-28
13.7302,-1.22E-28
13.728,-1.22E-28
13.7258,-1.23E-28
13.7235,-1.23E-28
13.7213,-1.23E-28
13.719,-1.23E-28
13.7168,-1.23E-28
13.7146,-1.23E-28
13.7123,-1.23E-28
13.7101,-1.23E-28
13.7078,-1.22E-28
13.7056,-1.22E-28
13.7033,-1.22E-28
13.7011,-1.22E-28
13.6988,-1.22E-28
13.6966,-1.22E-28
13.6943,-1.22E-28
13.6921,-1.22E-28
13.6898,-1.21E-28
13.6876,-1.21E-28
13.6853,-1.21E-28
13.6831,-1.21E-28
13.6808,-1.21E-28
13.6786,-1.20E-28
13.6763,-1.20E-28
13.6741,-1.20E-28
13.6718,-1.19E-28
13.6695,-1.19E-28
13.6673,-1.19E-28
13.665,-1.18E-28
13.6628,-1.18E-28
13.6605,-1.18E-28
13.6582,-1.17E-28
13.656,-1.17E-28
13.6537,-1.16E-28
13.6515,-1.16E-28
13.6492,-1.15E-28
13.6469,-1.15E-28
13.6447,-1.14E-28
13.6424,-1.14E-28
13.6401,-1.13E-28
13.6378,-1.13E-28
13.6356,-1.12E-28
13.6333,-1.11E-28
13.631,-1.11E-28
13.6288,-1.10E-28
13.6265,-1.09E-28
13.6242,-1.09E-28
13.6219,-1.08E-28
13.6197,-1.07E-28
13.6174,-1.07E-28
13.6151,-1.06E-28
13.6128,-1.05E-28
13.6105,-1.04E-28
13.6083,-1.03E-28
13.606,-1.02E-28
13.6037,-1.02E-28
13.6014,-1.01E-28
13.5991,-9.97E-29
13.5969,-9.88E-29
13.5946,-9.78E-29
13.5923,-9.68E-29
13.59,-9.58E-29
13.5877,-9.48E-29
13.5854,-9.37E-29
13.5831,-9.26E-29
13.5808,-9.16E-29
13.5786,-9.04E-29
13.5763,-8.93E-29
13.574,-8.81E-29
13.5717,-8.70E-29
13.5694,-8.58E-29
13.5671,-8.45E-29
13.5648,-8.33E-29
13.5625,-8.20E-29
13.5602,-8.07E-29
13.5579,-7.94E-29
13.5556,-7.81E-29
13.5533,-7.68E-29
13.551,-7.54E-29
13.5487,-7.40E-29
13.5464,-7.26E-29
13.5441,-7.11E-29
13.5418,-6.97E-29
13.5395,-6.82E-29
13.5372,-6.67E-29
13.5349,-6.52E-29
13.5326,-6.36E-29
13.5303,-6.20E-29
13.528,-6.04E-29
13.5257,-5.88E-29
13.5233,-5.72E-29
13.521,-5.55E-29
13.5187,-5.39E-29
13.5164,-5.22E-29
13.5141,-5.04E-29
13.5118,-4.87E-29
13.5095,-4.69E-29
13.5072,-4.52E-29
13.5048,-4.34E-29
13.5025,-4.15E-29
13.5002,-3.97E-29
13.4979,-3.78E-29
13.4956,-3.60E-29
13.4932,-3.41E-29
13.4909,-3.21E-29
13.4886,-3.02E-29
13.4863,-2.82E-29
13.484,-2.63E-29
13.4816,-2.43E-29
13.4793,-2.22E-29
13.477,-2.03E-29
13.4747,-1.96E-29
13.4723,-1.89E-29
13.47,-1.82E-29
13.4677,-1.75E-29
13.4653,-1.68E-29
13.463,-1.61E-29
13.4607,-1.54E-29
13.4584,-1.47E-29
13.456,-1.40E-29
13.4537,-1.33E-29
13.4514,-1.26E-29
13.449,-1.19E-29
13.4467,-1.12E-29
13.4443,-1.04E-29
13.442,-9.73E-30
13.4397,-9.01E-30
13.4373,-8.29E-30
13.435,-7.57E-30
13.4327,-6.85E-30
13.4303,-6.13E-30
13.428,-5.40E-30
13.4256,-4.68E-30
13.4233,-3.96E-30
13.4209,-3.23E-30
13.4186,-2.51E-30
13.4162,-1.78E-30
13.4139,-1.06E-30
13.4116,-3.29E-31
13.4092,3.97E-31
13.4069,1.12E-30
13.4045,1.85E-30
13.4022,2.57E-30
13.3998,3.30E-30
13.3974,4.03E-30
13.3951,4.75E-30
13.3927,5.48E-30
13.3904,6.20E-30
13.388,6.92E-30
13.3857,7.65E-30
13.3833,8.37E-30
13.381,9.09E-30
13.3786,9.81E-30
13.3762,1.05E-29
13.3739,1.12E-29
13.3715,1.20E-29
13.3692,1.27E-29
13.3668,1.34E-29
13.3644,1.41E-29
13.3621,1.48E-29
13.3597,1.55E-29
13.3573,1.62E-29
13.355,1.69E-29
13.3526,1.77E-29
13.3502,1.84E-29
13.3479,1.91E-29
13.3455,1.98E-29
13.3431,2.05E-29
13.3408,2.11E-29
13.3384,2.18E-29
13.336,2.25E-29
13.3336,2.32E-29
13.3313,2.39E-29
13.3289,2.46E-29
13.3265,2.53E-29
13.3241,2.59E-29
13.3218,2.66E-29
13.3194,2.73E-29
13.317,2.79E-29
13.3146,2.86E-29
13.3122,2.93E-29
13.3099,2.99E-29
13.3075,3.06E-29
13.3051,3.12E-29
13.3027,3.19E-29
13.3003,3.25E-29
13.2979,3.31E-29
13.2955,3.38E-29
13.2932,3.44E-29
13.2908,3.50E-29
13.2884,3.56E-29
13.286,3.62E-29
13.2836,3.69E-29
13.2812,3.75E-29
13.2788,3.81E-29
13.2764,3.87E-29
13.274,3.92E-29
13.2716,3.98E-29
13.2692,4.04E-29
13.2668,4.10E-29
13.2644,4.16E-29
13.2621,4.21E-29
13.2597,4.27E-29
13.2573,4.32E-29
13.2549,4.38E-29
13.2525,4.43E-29
13.2501,4.49E-29
13.2477,4.54E-29
13.2452,4.59E-29
13.2428,4.64E-29
13.2404,4.69E-29
13.238,4.74E-29
13.2356,4.79E-29
13.2332,4.84E-29
13.2308,4.89E-29
13.2284,4.94E-29
13.226,4.99E-29
13.2236,5.03E-29
13.2212,5.08E-29
13.2188,5.12E-29
13.2164,5.17E-29
13.2139,5.21E-29
13.2115,5.25E-29
13.2091,5.29E-29
13.2067,5.33E-29
13.2043,5.37E-29
13.2019,5.41E-29
13.1994,5.45E-29
13.197,5.49E-29
13.1946,5.53E-29
13.1922,5.56E-29
13.1898,5.60E-29
13.1873,5.63E-29
13.1849,5.67E-29
13.1825,5.70E-29
13.1801,5.73E-29
13.1776,5.76E-29
13.1752,5.79E-29
13.1728,5.82E-29
13.1704,5.85E-29
13.1679,5.88E-29
13.1655,5.90E-29
13.1631,5.93E-29
13.1607,5.95E-29
13.1582,5.98E-29
13.1558,6.00E-29
13.1534,6.02E-29
13.1509,6.04E-29
13.1485,6.06E-29
13.1461,6.08E-29
13.1436,6.10E-29
13.1412,6.11E-29
13.1387,6.13E-29
13.1363,6.14E-29
13.1339,6.16E-29
13.1314,6.17E-29
13.129,6.18E-29
13.1265,6.19E-29
13.1241,6.20E-29
13.1217,6.21E-29
13.1192,6.21E-29
13.1168,6.22E-29
13.1143,6.22E-29
13.1119,6.23E-29
13.1094,6.23E-29
13.107,6.23E-29
13.1045,6.23E-29
13.1021,6.23E-29
13.0996,6.23E-29
13.0972,6.23E-29
13.0947,6.22E-29
13.0923,6.22E-29
13.0898,6.21E-29
13.0874,6.20E-29
13.0849,6.19E-29
13.0825,6.18E-29
13.08,6.17E-29
13.0776,6.16E-29
13.0751,6.14E-29
13.0726,6.13E-29
13.0702,6.11E-29
13.0677,6.09E-29
13.0653,6.07E-29
13.0628,6.05E-29
13.0603,6.03E-29
13.0579,6.01E-29
13.0554,5.99E-29
13.0529,5.96E-29
13.0505,5.93E-29
13.048,5.91E-29
13.0455,5.88E-29
13.0431,5.85E-29
13.0406,5.81E-29
13.0381,5.78E-29
13.0357,5.75E-29
13.0332,5.71E-29
13.0307,5.67E-29
13.0282,5.64E-29
13.0258,5.60E-29
13.0233,5.56E-29
13.0208,5.51E-29
13.0184,5.47E-29
13.0159,5.43E-29
13.0134,5.38E-29
13.0109,5.33E-29
13.0084,5.28E-29
13.006,5.23E-29
13.0035,5.18E-29
13.001,5.13E-29
12.9985,5.07E-29
12.996,5.02E-29
12.9936,4.96E-29
12.9911,4.90E-29
12.9886,4.84E-29
12.9861,4.78E-29
12.9836,4.72E-29
12.9811,4.66E-29
12.9786,4.59E-29
12.9761,4.53E-29
12.9737,4.46E-29
12.9712,4.39E-29
12.9687,4.32E-29
12.9662,4.25E-29
12.9637,4.17E-29
12.9612,4.10E-29
12.9587,4.02E-29
12.9562,3.95E-29
12.9537,3.95E-29
12.9512,3.94E-29
12.9487,3.94E-29
12.9462,3.94E-29
12.9437,3.93E-29
12.9412,3.93E-29
12.9387,3.92E-29
12.9362,3.92E-29
12.9337,3.91E-29
12.9312,3.91E-29
12.9287,3.90E-29
12.9262,3.89E-29
12.9237,3.89E-29
12.9212,3.88E-29
12.9187,3.87E-29
12.9162,3.87E-29
12.9137,3.86E-29
12.9112,3.85E-29
12.9087,3.84E-29
12.9061,3.83E-29
12.9036,3.82E-29
12.9011,3.81E-29
12.8986,3.80E-29
12.8961,3.79E-29
12.8936,3.78E-29
12.8911,3.77E-29
12.8885,3.76E-29
12.886,3.75E-29
12.8835,3.74E-29
12.881,3.73E-29
12.8785,3.72E-29
12.876,3.70E-29
12.8734,3.69E-29
12.8709,3.68E-29
12.8684,3.66E-29
12.8659,3.65E-29
12.8633,3.64E-29
12.8608,3.62E-29
12.8583,3.61E-29
12.8558,3.59E-29
12.8532,3.58E-29
12.8507,3.56E-29
12.8482,3.55E-29
12.8457,3.53E-29
12.8431,3.51E-29
12.8406,3.50E-29
12.8381,3.48E-29
12.8355,3.46E-29
12.833,3.45E-29
12.8305,3.43E-29
12.8279,3.41E-29
12.8254,3.39E-29
12.8229,3.38E-29
12.8203,3.36E-29
12.8178,3.34E-29
12.8152,3.32E-29
12.8127,3.30E-29
12.8102,3.28E-29
12.8076,3.26E-29
12.8051,3.24E-29
12.8025,3.22E-29
12.8,3.20E-29
12.7975,3.18E-29
12.7949,3.16E-29
12.7924,3.14E-29
12.7898,3.12E-29
12.7873,3.10E-29
12.7847,3.08E-29
12.7822,3.05E-29
12.7796,3.03E-29
12.7771,3.01E-29
12.7745,2.99E-29
12.772,2.96E-29
12.7694,2.94E-29
12.7669,2.92E-29
12.7643,2.90E-29
12.7618,2.87E-29
12.7592,2.85E-29
12.7567,2.83E-29
12.7541,2.80E-29
12.7515,2.78E-29
12.749,2.75E-29
12.7464,2.73E-29
12.7439,2.71E-29
12.7413,2.68E-29
12.7387,2.66E-29
12.7362,2.63E-29
12.7336,2.61E-29
12.7311,2.58E-29
12.7285,2.56E-29
12.7259,2.53E-29
12.7234,2.51E-29
12.7208,2.48E-29
12.7182,2.45E-29
12.7157,2.43E-29
12.7131,2.40E-29
12.7105,2.38E-29
12.7079,2.35E-29
12.7054,2.32E-29
12.7028,2.30E-29
12.7002,2.27E-29
12.6977,2.24E-29
12.6951,2.22E-29
12.6925,2.19E-29
12.6899,2.16E-29
12.6874,2.14E-29
12.6848,2.11E-29
12.6822,2.08E-29
12.6796,2.06E-29
12.677,2.03E-29
12.6745,2.00E-29
12.6719,1.97E-29
12.6693,1.95E-29
12.6667,1.92E-29
12.6641,1.89E-29
12.6615,1.87E-29
12.659,1.84E-29
12.6564,1.81E-29
12.6538,1.78E-29
12.6512,1.76E-29
12.6486,1.73E-29
12.646,1.70E-29
12.6434,1.67E-29
12.6408,1.64E-29
12.6382,1.62E-29
12.6357,1.59E-29
12.6331,1.56E-29
12.6305,1.53E-29
12.6279,1.51E-29
12.6253,1.48E-29
12.6227,1.45E-29
12.6201,1.42E-29
12.6175,1.39E-29
12.6149,1.37E-29
12.6123,1.34E-29
12.6097,1.31E-29
12.6071,1.28E-29
12.6045,1.26E-29
12.6019,1.23E-29
12.5993,1.20E-29
12.5967,1.17E-29
12.5941,1.15E-29
12.5915,1.12E-29
12.5889,1.09E-29
12.5863,1.06E-29
12.5837,1.04E-29
12.581,1.01E-29
12.5784,9.80E-30
12.5758,9.53E-30
12.5732,9.25E-30
12.5706,8.98E-30
12.568,8.71E-30
12.5654,8.44E-30
12.5628,8.17E-30
12.5602,7.89E-30
12.5575,7.62E-30
12.5549,7.35E-30
12.5523,7.08E-30
12.5497,6.82E-30
12.5471,6.55E-30
12.5445,6.28E-30
12.5418,6.01E-30
12.5392,5.75E-30
12.5366,5.48E-30
12.534,5.21E-30
12.5313,4.95E-30
12.5287,4.68E-30
12.5261,4.42E-30
12.5235,4.16E-30
12.5208,3.90E-30
12.5182,3.63E-30
12.5156,3.37E-30
12.513,3.11E-30
12.5103,2.85E-30
12.5077,2.59E-30
12.5051,2.33E-30
12.5024,2.08E-30
12.4998,1.82E-30
12.4972,1.56E-30
12.4946,1.30E-30
12.4919,1.05E-30
12.4893,7.93E-31
12.4866,5.38E-31
12.484,2.84E-31
12.4814,3.06E-32
12.4787,-2.23E-31
12.4761,-4.75E-31
12.4735,-7.28E-31
12.4708,-9.79E-31
12.4682,-1.23E-30
12.4655,-1.48E-30
12.4629,-1.73E-30
12.4603,-1.98E-30
12.4576,-2.23E-30
12.455,-2.48E-30
12.4523,-2.73E-30
12.4497,-2.98E-30
12.447,-3.23E-30
12.4444,-3.48E-30
12.4417,-3.73E-30
12.4391,-3.97E-30
12.4364,-4.22E-30
12.4338,-4.47E-30
12.4311,-4.72E-30
12.4285,-4.97E-30
12.4258,-5.22E-30
12.4232,-5.46E-30
12.4205,-5.71E-30
12.4179,-5.96E-30
12.4152,-6.21E-30
12.4125,-6.46E-30
12.4099,-6.71E-30
12.4072,-6.96E-30
12.4046,-7.21E-30
12.4019,-7.46E-30
12.3993,-7.72E-30
12.3966,-7.86E-30
12.3939,-8.00E-30
12.3913,-8.14E-30
12.3886,-8.27E-30
12.3859,-8.40E-30
12.3833,-8.53E-30
12.3806,-8.66E-30
12.3779,-8.78E-30
12.3753,-8.90E-30
12.3726,-9.02E-30
12.3699,-9.14E-30
12.3673,-9.25E-30
12.3646,-9.36E-30
12.3619,-9.47E-30
12.3593,-9.58E-30
12.3566,-9.68E-30
12.3539,-9.79E-30
12.3512,-9.88E-30
12.3486,-9.98E-30
12.3459,-1.01E-29
12.3432,-1.02E-29
12.3405,-1.03E-29
12.3379,-1.03E-29
12.3352,-1.04E-29
12.3325,-1.05E-29
12.3298,-1.06E-29
12.3271,-1.07E-29
12.3244,-1.07E-29
12.3218,-1.08E-29
12.3191,-1.09E-29
12.3164,-1.09E-29
12.3137,-1.10E-29
12.311,-1.11E-29
12.3083,-1.11E-29
12.3057,-1.12E-29
12.303,-1.12E-29
12.3003,-1.13E-29
12.2976,-1.13E-29
12.2949,-1.14E-29
12.2922,-1.14E-29
12.2895,-1.15E-29
12.2868,-1.15E-29
12.2841,-1.15E-29
12.2814,-1.16E-29
12.2787,-1.16E-29
12.2761,-1.16E-29
12.2734,-1.17E-29
12.2707,-1.17E-29
12.268,-1.17E-29
12.2653,-1.17E-29
12.2626,-1.17E-29
12.2599,-1.18E-29
12.2572,-1.18E-29
12.2545,-1.18E-29
12.2518,-1.18E-29
12.2491,-1.18E-29
12.2464,-1.18E-29
12.2436,-1.18E-29
12.2409,-1.18E-29
12.2382,-1.18E-29
12.2355,-1.18E-29
12.2328,-1.18E-29
12.2301,-1.18E-29
12.2274,-1.18E-29
12.2247,-1.17E-29
12.222,-1.17E-29
12.2193,-1.17E-29
12.2166,-1.17E-29
12.2139,-1.17E-29
12.2111,-1.16E-29
12.2084,-1.16E-29
12.2057,-1.16E-29
12.203,-1.16E-29
12.2003,-1.15E-29
12.1976,-1.15E-29
12.1948,-1.15E-29
12.1921,-1.14E-29
12.1894,-1.14E-29
12.1867,-1.14E-29
12.184,-1.13E-29
12.1812,-1.13E-29
12.1785,-1.12E-29
12.1758,-1.12E-29
12.1731,-1.11E-29
12.1703,-1.11E-29
12.1676,-1.10E-29
12.1649,-1.10E-29
12.1622,-1.09E-29
12.1594,-1.09E-29
12.1567,-1.08E-29
12.154,-1.07E-29
12.1513,-1.07E-29
12.1485,-1.06E-29
12.1458,-1.06E-29
12.1431,-1.05E-29
12.1403,-1.04E-29
12.1376,-1.04E-29
12.1349,-1.03E-29
12.1321,-1.02E-29
12.1294,-1.01E-29
12.1267,-1.01E-29
12.1239,-1.00E-29
12.1212,-9.92E-30
12.1184,-9.85E-30
12.1157,-9.77E-30
12.113,-9.69E-30
12.1102,-9.61E-30
12.1075,-9.53E-30
12.1047,-9.45E-30
12.102,-9.37E-30
12.0992,-9.29E-30
12.0965,-9.21E-30
12.0938,-9.12E-30
12.091,-9.04E-30
12.0883,-8.95E-30
12.0855,-8.87E-30
12.0828,-8.78E-30
12.08,-8.69E-30
12.0773,-8.61E-30
12.0745,-8.52E-30
12.0718,-8.43E-30
12.069,-8.34E-30
12.0663,-8.25E-30
12.0635,-8.16E-30
12.0608,-8.07E-30
12.058,-7.98E-30
12.0552,-7.89E-30
12.0525,-7.80E-30
12.0497,-7.71E-30
12.047,-7.61E-30
12.0442,-7.52E-30
12.0414,-7.43E-30
12.0387,-7.34E-30
12.0359,-7.24E-30
12.0332,-7.15E-30
12.0304,-7.06E-30
12.0276,-6.97E-30
12.0249,-6.87E-30
12.0221,-6.78E-30
12.0193,-6.69E-30
12.0166,-6.60E-30
12.0138,-6.50E-30
12.011,-6.41E-30
12.0083,-6.32E-30
12.0055,-6.23E-30
12.0027,-6.14E-30
12,-6.05E-30
11.9972,-5.95E-30
11.9944,-5.86E-30
11.9916,-5.77E-30
11.9889,-5.68E-30
11.9861,-5.59E-30
11.9833,-5.50E-30
11.9805,-5.42E-30
11.9778,-5.33E-30
11.975,-5.24E-30
11.9722,-5.15E-30
11.9694,-5.07E-30
11.9667,-4.98E-30
11.9639,-4.89E-30
11.9611,-4.81E-30
11.9583,-4.72E-30
11.9555,-4.64E-30
11.9527,-4.56E-30
11.95,-4.47E-30
11.9472,-4.39E-30
11.9444,-4.31E-30
11.9416,-4.23E-30
11.9388,-4.15E-30
11.936,-4.07E-30
11.9332,-3.99E-30
11.9304,-3.92E-30
11.9277,-3.84E-30
11.9249,-3.76E-30
11.9221,-3.69E-30
11.9193,-3.61E-30
11.9165,-3.54E-30
11.9137,-3.47E-30
11.9109,-3.39E-30
11.9081,-3.32E-30
11.9053,-3.25E-30
11.9025,-3.18E-30
11.8997,-3.11E-30
11.8969,-3.04E-30
11.8941,-2.98E-30
11.8913,-2.91E-30
11.8885,-2.84E-30
11.8857,-2.78E-30
11.8829,-2.71E-30
11.8801,-2.65E-30
11.8773,-2.59E-30
11.8745,-2.52E-30
11.8717,-2.46E-30
11.8689,-2.40E-30
11.8661,-2.34E-30
11.8633,-2.28E-30
11.8605,-2.22E-30
11.8577,-2.16E-30
11.8548,-2.11E-30
11.852,-2.05E-30
11.8492,-1.99E-30
11.8464,-1.94E-30
11.8436,-1.88E-30
11.8408,-1.82E-30
11.838,-1.77E-30
11.8352,-1.71E-30
11.8323,-1.66E-30
11.8295,-1.61E-30
11.8267,-1.55E-30
11.8239,-1.50E-30
11.8211,-1.45E-30
11.8183,-1.39E-30
11.8154,-1.34E-30
11.8126,-1.29E-30
11.8098,-1.23E-30
11.807,-1.18E-30
11.8042,-1.15E-30
11.8013,-1.13E-30
11.7985,-1.10E-30
11.7957,-1.07E-30
11.7929,-1.05E-30
11.79,-1.03E-30
11.7872,-1.00E-30
11.7844,-9.78E-31
11.7815,-9.55E-31
11.7787,-9.32E-31
11.7759,-9.10E-31
11.773,-8.88E-31
11.7702,-8.66E-31
11.7674,-8.45E-31
11.7646,-8.24E-31
11.7617,-8.03E-31
11.7589,-7.83E-31
11.756,-7.63E-31
11.7532,-7.43E-31
11.7504,-7.24E-31
11.7475,-7.05E-31
11.7447,-6.86E-31
11.7419,-6.68E-31
11.739,-6.50E-31
11.7362,-6.32E-31
11.7333,-6.14E-31
11.7305,-5.97E-31
11.7277,-5.80E-31
11.7248,-5.63E-31
11.722,-5.47E-31
11.7191,-5.31E-31
11.7163,-5.14E-31
11.7134,-4.99E-31
11.7106,-4.83E-31
11.7077,-4.68E-31
11.7049,-4.52E-31
11.702,-4.37E-31
11.6992,-4.23E-31
11.6963,-4.08E-31
11.6935,-3.94E-31
11.6906,-3.79E-31
11.6878,-3.65E-31
11.6849,-3.51E-31
11.6821,-3.37E-31
11.6792,-3.23E-31
11.6764,-3.09E-31
11.6735,-2.96E-31
11.6706,-2.82E-31
11.6678,-2.69E-31
11.6649,-2.56E-31
11.6621,-2.42E-31
11.6592,-2.29E-31
11.6563,-2.16E-31
11.6535,-2.03E-31
11.6506,-1.90E-31
11.6477,-1.77E-31
11.6449,-1.64E-31
11.642,-1.51E-31
11.6392,-1.37E-31
11.6363,-1.24E-31
11.6334,-1.11E-31
11.6306,-9.83E-32
11.6277,-8.51E-32
11.6248,-7.20E-32
11.6219,-5.87E-32
11.6191,-4.55E-32
11.6162,-3.21E-32
11.6133,-1.87E-32
11.6105,-5.22E-33
11.6076,8.36E-33
11.6047,2.20E-32
11.6018,3.58E-32
11.599,4.97E-32
11.5961,6.37E-32
11.5932,7.78E-32
11.5903,9.21E-32
11.5874,1.06E-31
11.5846,1.21E-31
11.5817,1.36E-31
11.5788,1.50E-31
11.5759,1.65E-31
11.573,1.81E-31
11.5702,1.96E-31
11.5673,2.11E-31
11.5644,2.27E-31
11.5615,2.43E-31
11.5586,2.59E-31
11.5557,2.75E-31
11.5528,2.92E-31
11.5499,3.08E-31
11.5471,3.25E-31
11.5442,3.42E-31
11.5413,3.60E-31
11.5384,3.77E-31
11.5355,3.95E-31
11.5326,4.13E-31
11.5297,4.31E-31
11.5268,4.50E-31
11.5239,4.68E-31
11.521,4.87E-31
11.5181,5.06E-31
11.5152,5.26E-31
11.5123,5.45E-31
11.5094,5.65E-31
11.5065,5.85E-31
11.5036,6.06E-31
11.5007,6.26E-31
11.4978,6.47E-31
11.4949,6.68E-31
11.492,6.90E-31
11.4891,7.11E-31
11.4862,7.33E-31
11.4833,7.55E-31
11.4804,7.78E-31
11.4775,8.00E-31
11.4746,8.23E-31
11.4717,8.46E-31
11.4688,8.69E-31
11.4659,8.93E-31
11.463,9.16E-31
11.46,9.40E-31
11.4571,9.65E-31
11.4542,9.89E-31
11.4513,1.01E-30
11.4484,1.04E-30
11.4455,1.06E-30
11.4426,1.09E-30
11.4396,1.11E-30
11.4367,1.14E-30
11.4338,1.16E-30
11.4309,1.19E-30
11.428,1.22E-30
11.425,1.24E-30
11.4221,1.27E-30
11.4192,1.30E-30
11.4163,1.32E-30
11.4134,1.35E-30
11.4104,1.38E-30
11.4075,1.40E-30
11.4046,1.43E-30
11.4017,1.46E-30
11.3987,1.48E-30
11.3958,1.51E-30
11.3929,1.54E-30
11.3899,1.57E-30
11.387,1.59E-30
11.3841,1.62E-30
11.3812,1.65E-30
11.3782,1.68E-30
11.3753,1.70E-30
11.3724,1.73E-30
11.3694,1.76E-30
11.3665,1.78E-30
11.3636,1.81E-30
11.3606,1.84E-30
11.3577,1.87E-30
11.3547,1.89E-30
11.3518,1.92E-30
11.3489,1.95E-30
11.3459,1.97E-30
11.343,2.00E-30
11.34,2.02E-30
11.3371,2.05E-30
11.3342,2.08E-30
11.3312,2.10E-30
11.3283,2.13E-30
11.3253,2.15E-30
11.3224,2.17E-30
11.3194,2.20E-30
11.3165,2.22E-30
11.3135,2.25E-30
11.3106,2.27E-30
11.3076,2.29E-30
11.3047,2.31E-30
11.3017,2.34E-30
11.2988,2.36E-30
11.2958,2.38E-30
11.2929,2.40E-30
11.2899,2.42E-30
11.287,2.44E-30
11.284,2.46E-30
11.2811,2.48E-30
11.2781,2.49E-30
11.2751,2.51E-30
11.2722,2.53E-30
11.2692,2.54E-30
11.2663,2.56E-30
11.2633,2.58E-30
11.2604,2.59E-30
11.2574,2.60E-30
11.2544,2.62E-30
11.2515,2.63E-30
11.2485,2.64E-30
11.2455,2.65E-30
11.2426,2.66E-30
11.2396,2.67E-30
11.2366,2.68E-30
11.2337,2.68E-30
11.2307,2.69E-30
11.2277,2.70E-30
11.2248,2.70E-30
11.2218,2.70E-30
11.2188,2.71E-30
11.2158,2.71E-30
11.2129,2.71E-30
11.2099,2.71E-30
11.2069,2.71E-30
11.204,2.71E-30
11.201,2.70E-30
11.198,2.70E-30
11.195,2.69E-30
11.192,2.69E-30
11.1891,2.68E-30
11.1861,2.67E-30
11.1831,2.66E-30
11.1801,2.65E-30
11.1771,2.69E-30
11.1742,2.74E-30
11.1712,2.78E-30
11.1682,2.83E-30
11.1652,2.88E-30
11.1622,2.93E-30
11.1592,2.97E-30
11.1563,3.02E-30
11.1533,3.07E-30
11.1503,3.12E-30
11.1473,3.17E-30
11.1443,3.22E-30
11.1413,3.27E-30
11.1383,3.32E-30
11.1353,3.37E-30
11.1323,3.42E-30
11.1293,3.47E-30
11.1264,3.52E-30
11.1234,3.57E-30
11.1204,3.62E-30
11.1174,3.67E-30
11.1144,3.72E-30
11.1114,3.77E-30
11.1084,3.83E-30
11.1054,3.88E-30
11.1024,3.93E-30
11.0994,3.98E-30
11.0964,4.04E-30
11.0934,4.09E-30
11.0904,4.14E-30
11.0874,4.20E-30
11.0844,4.25E-30
11.0814,4.30E-30
11.0784,4.35E-30
11.0753,4.41E-30
11.0723,4.46E-30
11.0693,4.51E-30
11.0663,4.57E-30
11.0633,4.62E-30
11.0603,4.67E-30
11.0573,4.73E-30
11.0543,4.78E-30
11.0513,4.83E-30
11.0483,4.89E-30
11.0452,4.94E-30
11.0422,4.99E-30
11.0392,5.05E-30
11.0362,5.10E-30
11.0332,5.15E-30
11.0302,5.20E-30
11.0271,5.26E-30
11.0241,5.31E-30
11.0211,5.36E-30
11.0181,5.41E-30
11.0151,5.46E-30
11.012,5.51E-30
11.009,5.56E-30
11.006,5.61E-30
11.003,5.67E-30
11,5.72E-30
10.9969,5.76E-30
10.9939,5.81E-30
10.9909,5.86E-30
10.9879,5.91E-30
10.9848,5.96E-30
10.9818,6.01E-30
10.9788,6.06E-30
10.9757,6.10E-30
10.9727,6.15E-30
10.9697,6.19E-30
10.9666,6.24E-30
10.9636,6.29E-30
10.9606,6.33E-30
10.9575,6.37E-30
10.9545,6.42E-30
10.9515,6.46E-30
10.9484,6.50E-30
10.9454,6.54E-30
10.9424,6.58E-30
10.9393,6.62E-30
10.9363,6.66E-30
10.9332,6.70E-30
10.9302,6.74E-30
10.9272,6.78E-30
10.9241,6.81E-30
10.9211,6.85E-30
10.918,6.89E-30
10.915,6.92E-30
10.9119,6.95E-30
10.9089,6.99E-30
10.9058,7.02E-30
10.9028,7.05E-30
10.8997,7.08E-30
10.8967,7.11E-30
10.8937,7.13E-30
10.8906,7.16E-30
10.8876,7.19E-30
10.8845,7.21E-30
10.8814,7.24E-30
10.8784,7.26E-30
10.8753,7.28E-30
10.8723,7.30E-30
10.8692,7.32E-30
10.8662,7.34E-30
10.8631,7.36E-30
10.8601,7.37E-30
10.857,7.39E-30
10.8539,7.40E-30
10.8509,7.42E-30
10.8478,7.43E-30
10.8448,7.44E-30
10.8417,7.45E-30
10.8386,7.45E-30
10.8356,7.46E-30
10.8325,7.46E-30
10.8294,7.47E-30
10.8264,7.47E-30
10.8233,7.47E-30
10.8202,7.47E-30
10.8172,7.47E-30
10.8141,7.46E-30
10.811,7.46E-30
10.808,7.45E-30
10.8049,7.45E-30
10.8018,7.44E-30
10.7988,7.42E-30
10.7957,7.41E-30
10.7926,7.40E-30
10.7895,7.38E-30
10.7865,7.37E-30
10.7834,7.35E-30
10.7803,7.33E-30
10.7772,7.30E-30
10.7742,7.28E-30
10.7711,7.26E-30
10.768,7.23E-30
10.7649,7.20E-30
10.7618,7.17E-30
10.7588,7.14E-30
10.7557,7.10E-30
10.7526,7.07E-30
10.7495,7.03E-30
10.7464,6.99E-30
10.7433,6.95E-30
10.7403,6.91E-30
10.7372,6.86E-30
10.7341,6.82E-30
10.731,6.77E-30
10.7279,6.72E-30
10.7248,6.67E-30
10.7217,6.61E-30
10.7186,6.56E-30
10.7155,6.50E-30
10.7124,6.44E-30
10.7094,6.38E-30
10.7063,6.31E-30
10.7032,6.25E-30
10.7001,6.18E-30
10.697,6.11E-30
10.6939,6.04E-30
10.6908,5.97E-30
10.6877,5.90E-30
10.6846,5.82E-30
10.6815,5.74E-30
10.6784,5.66E-30
10.6753,5.58E-30
10.6722,5.49E-30
10.6691,5.41E-30
10.666,5.32E-30
10.6629,5.23E-30
10.6598,5.14E-30
10.6567,5.04E-30
10.6536,4.95E-30
10.6505,4.85E-30
10.6473,4.75E-30
10.6442,4.65E-30
10.6411,4.54E-30
10.638,4.44E-30
10.6349,4.33E-30
10.6318,4.22E-30
10.6287,4.11E-30
10.6256,4.00E-30
10.6225,3.88E-30
10.6193,3.77E-30
10.6162,3.65E-30
10.6131,3.53E-30
10.61,3.41E-30
10.6069,3.29E-30
10.6038,3.16E-30
10.6007,3.03E-30
10.5975,2.90E-30
10.5944,2.77E-30
10.5913,2.64E-30
10.5882,2.51E-30
10.585,2.37E-30
10.5819,2.24E-30
10.5788,2.10E-30
10.5757,1.96E-30
10.5726,1.82E-30
10.5694,1.67E-30
10.5663,1.53E-30
10.5632,1.38E-30
10.5601,1.24E-30
10.5569,1.09E-30
10.5538,9.40E-31
10.5507,7.89E-31
10.5475,6.38E-31
10.5444,4.84E-31
10.5413,3.30E-31
10.5381,1.75E-31
10.535,1.83E-32
10.5319,-1.39E-31
10.5287,-2.97E-31
10.5256,-4.57E-31
10.5225,-6.17E-31
10.5193,-7.78E-31
10.5162,-8.75E-31
10.5131,-9.58E-31
10.5099,-1.04E-30
10.5068,-1.13E-30
10.5036,-1.21E-30
10.5005,-1.29E-30
10.4974,-1.38E-30
10.4942,-1.46E-30
10.4911,-1.55E-30
10.4879,-1.63E-30
10.4848,-1.72E-30
10.4816,-1.80E-30
10.4785,-1.89E-30
10.4753,-1.97E-30
10.4722,-2.06E-30
10.469,-2.14E-30
10.4659,-2.23E-30
10.4627,-2.32E-30
10.4596,-2.40E-30
10.4564,-2.49E-30
10.4533,-2.57E-30
10.4501,-2.66E-30
10.447,-2.75E-30
10.4438,-2.83E-30
10.4407,-2.92E-30
10.4375,-3.00E-30
10.4344,-3.09E-30
10.4312,-3.17E-30
10.4281,-3.26E-30
10.4249,-3.35E-30
10.4217,-3.43E-30
10.4186,-3.52E-30
10.4154,-3.60E-30
10.4123,-3.69E-30
10.4091,-3.77E-30
10.4059,-3.86E-30
10.4028,-3.94E-30
10.3996,-4.03E-30
10.3964,-4.11E-30
10.3933,-4.20E-30
10.3901,-4.28E-30
10.3869,-4.36E-30
10.3838,-4.45E-30
10.3806,-4.53E-30
10.3774,-4.61E-30
10.3743,-4.69E-30
10.3711,-4.77E-30
10.3679,-4.86E-30
10.3648,-4.94E-30
10.3616,-5.02E-30
10.3584,-5.10E-30
10.3552,-5.18E-30
10.3521,-5.26E-30
10.3489,-5.34E-30
10.3457,-5.42E-30
10.3425,-5.49E-30
10.3393,-5.57E-30
10.3362,-5.65E-30
10.333,-5.72E-30
10.3298,-5.80E-30
10.3266,-5.88E-30
10.3235,-5.95E-30
10.3203,-6.03E-30
10.3171,-6.10E-30
10.3139,-6.17E-30
10.3107,-6.24E-30
10.3075,-6.32E-30
10.3043,-6.39E-30
10.3012,-6.46E-30
10.298,-6.53E-30
10.2948,-6.60E-30
10.2916,-6.67E-30
10.2884,-6.73E-30
10.2852,-6.80E-30
10.282,-6.87E-30
10.2788,-6.93E-30
10.2756,-7.00E-30
10.2725,-7.06E-30
10.2693,-7.12E-30
10.2661,-7.19E-30
10.2629,-7.25E-30
10.2597,-7.31E-30
10.2565,-7.37E-30
10.2533,-7.43E-30
10.2501,-7.49E-30
10.2469,-7.54E-30
10.2437,-7.60E-30
10.2405,-7.66E-30
10.2373,-7.71E-30
10.2341,-7.76E-30
10.2309,-7.82E-30
10.2277,-7.87E-30
10.2245,-7.92E-30
10.2213,-7.97E-30
10.2181,-8.02E-30
10.2149,-8.06E-30
10.2117,-8.11E-30
10.2085,-8.16E-30
10.2052,-8.20E-30
10.202,-8.24E-30
10.1988,-8.29E-30
10.1956,-8.33E-30
10.1924,-8.37E-30
10.1892,-8.41E-30
10.186,-8.45E-30
10.1828,-8.48E-30
10.1796,-8.52E-30
10.1763,-8.56E-30
10.1731,-8.59E-30
10.1699,-8.62E-30
10.1667,-8.65E-30
10.1635,-8.68E-30
10.1603,-8.71E-30
10.157,-8.74E-30
10.1538,-8.77E-30
10.1506,-8.79E-30
10.1474,-8.82E-30
10.1442,-8.84E-30
10.1409,-8.86E-30
10.1377,-8.88E-30
10.1345,-8.90E-30
10.1313,-8.92E-30
10.128,-8.94E-30
10.1248,-8.96E-30
10.1216,-8.97E-30
10.1184,-8.98E-30
10.1151,-9.00E-30
10.1119,-9.01E-30
10.1087,-9.02E-30
10.1055,-9.03E-30
10.1022,-9.03E-30
10.099,-9.04E-30
10.0958,-9.05E-30
10.0925,-9.05E-30
10.0893,-9.05E-30
10.0861,-9.05E-30
10.0828,-9.05E-30
10.0796,-9.05E-30
10.0764,-9.05E-30
10.0731,-9.04E-30
10.0699,-9.04E-30
10.0666,-9.03E-30
10.0634,-9.02E-30
10.0602,-9.01E-30
10.0569,-9.00E-30
10.0537,-8.99E-30
10.0504,-8.98E-30
10.0472,-8.97E-30
10.0439,-8.95E-30
10.0407,-8.93E-30
10.0375,-8.91E-30
10.0342,-8.90E-30
10.031,-8.87E-30
10.0277,-8.85E-30
10.0245,-8.83E-30
10.0212,-8.81E-30
10.018,-8.78E-30
10.0147,-8.75E-30
10.0115,-8.72E-30
10.0082,-8.69E-30
10.005,-8.66E-30
10.0017,-8.63E-30
9.99847,-8.60E-30
9.99521,-8.56E-30
9.99196,-8.53E-30
9.9887,-8.49E-30
9.98545,-8.45E-30
9.98219,-8.41E-30
9.97893,-8.37E-30
9.97567,-8.33E-30
9.97241,-8.29E-30
9.96915,-8.24E-30
9.96589,-8.19E-30
9.96263,-8.15E-30
9.95937,-8.10E-30
9.95611,-8.05E-30
9.95284,-8.00E-30
9.94958,-7.95E-30
9.94632,-7.89E-30
9.94305,-7.84E-30
9.93978,-7.78E-30
9.93652,-7.73E-30
9.93325,-7.67E-30
9.92998,-7.61E-30
9.92671,-7.55E-30
9.92344,-7.49E-30
9.92017,-7.43E-30
9.9169,-7.36E-30
9.91363,-7.30E-30
9.91036,-7.23E-30
9.90708,-7.16E-30
9.90381,-7.10E-30
9.90053,-7.03E-30
9.89726,-6.96E-30
9.89398,-6.88E-30
9.89071,-6.81E-30
9.88743,-6.74E-30
9.88415,-6.66E-30
9.88087,-6.59E-30
9.87759,-6.51E-30
9.87431,-6.43E-30
9.87103,-6.35E-30
9.86775,-6.27E-30
9.86446,-6.19E-30
9.86118,-6.11E-30
9.8579,-6.02E-30
9.85461,-5.94E-30
9.85133,-5.85E-30
9.84804,-5.76E-30
9.84475,-5.67E-30
9.84147,-5.59E-30
9.83818,-5.49E-30
9.83489,-5.40E-30
9.8316,-5.31E-30
9.82831,-5.22E-30
9.82502,-5.12E-30
9.82173,-5.07E-30
9.81843,-5.04E-30
9.81514,-5.01E-30
9.81185,-4.97E-30
9.80855,-4.94E-30
9.80526,-4.90E-30
9.80196,-4.87E-30
9.79866,-4.83E-30
9.79536,-4.80E-30
9.79207,-4.76E-30
9.78877,-4.72E-30
9.78547,-4.69E-30
9.78217,-4.65E-30
9.77887,-4.61E-30
9.77556,-4.58E-30
9.77226,-4.54E-30
9.76896,-4.50E-30
9.76565,-4.46E-30
9.76235,-4.43E-30
9.75904,-4.39E-30
9.75574,-4.35E-30
9.75243,-4.31E-30
9.74912,-4.27E-30
9.74582,-4.23E-30
9.74251,-4.19E-30
9.7392,-4.15E-30
9.73589,-4.11E-30
9.73258,-4.07E-30
9.72926,-4.03E-30
9.72595,-3.99E-30
9.72264,-3.95E-30
9.71932,-3.91E-30
9.71601,-3.87E-30
9.71269,-3.83E-30
9.70938,-3.79E-30
9.70606,-3.75E-30
9.70274,-3.71E-30
9.69942,-3.67E-30
9.69611,-3.62E-30
9.69279,-3.58E-30
9.68947,-3.54E-30
9.68614,-3.50E-30
9.68282,-3.46E-30
9.6795,-3.42E-30
9.67618,-3.38E-30
9.67285,-3.33E-30
9.66953,-3.29E-30
9.6662,-3.25E-30
9.66288,-3.21E-30
9.65955,-3.17E-30
9.65622,-3.13E-30
9.65289,-3.08E-30
9.64957,-3.04E-30
9.64624,-3.00E-30
9.64291,-2.96E-30
9.63957,-2.92E-30
9.63624,-2.88E-30
9.63291,-2.84E-30
9.62958,-2.80E-30
9.62624,-2.75E-30
9.62291,-2.71E-30
9.61957,-2.67E-30
9.61624,-2.63E-30
9.6129,-2.59E-30
9.60956,-2.55E-30
9.60622,-2.51E-30
9.60289,-2.47E-30
9.59955,-2.43E-30
9.59621,-2.39E-30
9.59286,-2.35E-30
9.58952,-2.31E-30
9.58618,-2.27E-30
9.58284,-2.23E-30
9.57949,-2.19E-30
9.57615,-2.15E-30
9.5728,-2.11E-30
9.56946,-2.08E-30
9.56611,-2.04E-30
9.56276,-2.00E-30
9.55941,-1.96E-30
9.55607,-1.92E-30
9.55272,-1.89E-30
9.54937,-1.85E-30
9.54601,-1.81E-30
9.54266,-1.77E-30
9.53931,-1.74E-30
9.53596,-1.70E-30
9.5326,-1.67E-30
9.52925,-1.63E-30
9.52589,-1.60E-30
9.52254,-1.56E-30
9.51918,-1.53E-30
9.51582,-1.49E-30
9.51247,-1.46E-30
9.50911,-1.42E-30
9.50575,-1.39E-30
9.50239,-1.36E-30
9.49903,-1.32E-30
9.49566,-1.29E-30
9.4923,-1.26E-30
9.48894,-1.23E-30
9.48557,-1.19E-30
9.48221,-1.16E-30
9.47884,-1.13E-30
9.47548,-1.10E-30
9.47211,-1.07E-30
9.46874,-1.04E-30
9.46538,-1.01E-30
9.46201,-9.84E-31
9.45864,-9.55E-31
9.45527,-9.27E-31
9.4519,-8.99E-31
9.44853,-8.72E-31
9.44515,-8.45E-31
9.44178,-8.18E-31
9.43841,-7.92E-31
9.43503,-7.66E-31
9.43166,-7.40E-31
9.42828,-7.15E-31
9.4249,-6.90E-31
9.42153,-6.66E-31
9.41815,-6.42E-31
9.41477,-6.19E-31
9.41139,-5.95E-31
9.40801,-5.73E-31
9.40463,-5.51E-31
9.40125,-5.29E-31
9.39786,-5.07E-31
9.39448,-4.86E-31
9.3911,-4.66E-31
9.38771,-4.46E-31
9.38433,-4.26E-31
9.38094,-4.06E-31
9.37756,-3.88E-31
9.37417,-3.69E-31
9.37078,-3.51E-31
9.36739,-3.33E-31
9.364,-3.16E-31
9.36061,-2.99E-31
9.35722,-2.83E-31
9.35383,-2.67E-31
9.35044,-2.52E-31
9.34704,-2.36E-31
9.34365,-2.22E-31
9.34026,-2.07E-31
9.33686,-1.94E-31
9.33346,-1.80E-31
9.33007,-1.67E-31
9.32667,-1.54E-31
9.32327,-1.42E-31
9.31987,-1.30E-31
9.31647,-1.19E-31
9.31307,-1.08E-31
9.30967,-9.72E-32
9.30627,-8.69E-32
9.30287,-7.71E-32
9.29947,-6.76E-32
9.29606,-5.85E-32
9.29266,-4.98E-32
9.28925,-4.14E-32
9.28585,-3.35E-32
9.28244,-2.59E-32
9.27903,-1.86E-32
9.27563,-1.17E-32
9.27222,-5.19E-33
9.26881,9.90E-34
9.2654,6.83E-33
9.26199,1.23E-32
9.25857,1.75E-32
9.25516,2.23E-32
9.25175,2.68E-32
9.24834,3.10E-32
9.24492,3.49E-32
9.24151,3.85E-32
9.23809,4.17E-32
9.23467,4.47E-32
9.23126,4.74E-32
9.22784,4.98E-32
9.22442,5.19E-32
9.221,5.38E-32
9.21758,5.54E-32
9.21416,5.67E-32
9.21074,5.78E-32
9.20732,5.87E-32
9.20389,5.93E-32
9.20047,5.97E-32
9.19704,5.98E-32
9.19362,5.98E-32
9.19019,5.95E-32
9.18677,5.91E-32
9.18334,5.84E-32
9.17991,5.76E-32
9.17648,5.66E-32
9.17305,5.54E-32
9.16962,5.41E-32
9.16619,5.26E-32
9.16276,5.10E-32
9.15933,4.92E-32
9.1559,4.74E-32
9.15246,4.54E-32
9.14903,4.33E-32
9.14559,4.11E-32
9.14216,3.88E-32
9.13872,3.64E-32
9.13528,3.39E-32
9.13185,3.14E-32
9.12841,2.88E-32
9.12497,2.62E-32
9.12153,2.35E-32
9.11809,2.09E-32
9.11465,1.81E-32
9.1112,1.54E-32
9.10776,1.27E-32
9.10432,9.96E-33
9.10087,7.24E-33
9.09743,4.55E-33
9.09398,1.21E-33
9.09053,-2.67E-33
9.08709,-6.83E-33
9.08364,-1.13E-32
9.08019,-1.60E-32
9.07674,-2.10E-32
9.07329,-2.63E-32
9.06984,-3.19E-32
9.06639,-3.77E-32
9.06294,-4.38E-32
9.05948,-5.02E-32
9.05603,-5.68E-32
9.05258,-6.37E-32
9.04912,-7.08E-32
9.04567,-7.82E-32
9.04221,-8.58E-32
9.03875,-9.36E-32
9.03529,-1.02E-31
9.03183,-1.10E-31
9.02838,-1.19E-31
9.02492,-1.27E-31
9.02145,-1.36E-31
9.01799,-1.46E-31
9.01453,-1.55E-31
9.01107,-1.65E-31
9.0076,-1.74E-31
9.00414,-1.85E-31
9.00068,-1.95E-31
8.99721,-2.05E-31
8.99374,-2.16E-31
8.99028,-2.27E-31
8.98681,-2.37E-31
8.98334,-2.49E-31
8.97987,-2.60E-31
8.9764,-2.71E-31
8.97293,-2.83E-31
8.96946,-2.95E-31
8.96599,-3.07E-31
8.96251,-3.19E-31
8.95904,-3.31E-31
8.95556,-3.43E-31
8.95209,-3.56E-31
8.94861,-3.68E-31
8.94514,-3.81E-31
8.94166,-3.94E-31
8.93818,-4.07E-31
8.9347,-4.20E-31
8.93122,-4.33E-31
8.92774,-4.46E-31
8.92426,-4.59E-31
8.92078,-4.72E-31
8.9173,-4.86E-31
8.91382,-4.99E-31
8.91033,-5.13E-31
8.90685,-5.27E-31
8.90336,-5.40E-31
8.89988,-5.54E-31
8.89639,-5.68E-31
8.8929,-5.81E-31
8.88942,-5.95E-31
8.88593,-6.09E-31
8.88244,-6.23E-31
8.87895,-6.37E-31
8.87546,-6.51E-31
8.87197,-6.65E-31
8.86847,-6.79E-31
8.86498,-6.92E-31
8.86149,-7.06E-31
8.85799,-7.20E-31
8.8545,-7.34E-31
8.851,-7.48E-31
8.84751,-7.62E-31
8.84401,-7.75E-31
8.84051,-7.89E-31
8.83701,-8.03E-31
8.83351,-8.16E-31
8.83001,-8.30E-31
8.82651,-8.43E-31
8.82301,-8.56E-31
8.81951,-8.70E-31
8.81601,-8.83E-31
8.8125,-8.96E-31
8.809,-9.09E-31
8.80549,-9.22E-31
8.80199,-9.34E-31
8.79848,-9.47E-31
8.79497,-9.59E-31
8.79147,-9.72E-31
8.78796,-9.84E-31
8.78445,-9.96E-31
8.78094,-1.01E-30
8.77743,-1.02E-30
8.77392,-1.03E-30
8.7704,-1.04E-30
8.76689,-1.05E-30
8.76338,-1.07E-30
8.75986,-1.08E-30
8.75635,-1.09E-30
8.75283,-1.10E-30
8.74932,-1.11E-30
8.7458,-1.12E-30
8.74228,-1.13E-30
8.73876,-1.14E-30
8.73524,-1.15E-30
8.73172,-1.16E-30
8.7282,-1.17E-30
8.72468,-1.18E-30
8.72116,-1.18E-30
8.71763,-1.19E-30
8.71411,-1.20E-30
8.71059,-1.21E-30
8.70706,-1.22E-30
8.70354,-1.22E-30
8.70001,-1.23E-30
8.69648,-1.24E-30
8.69295,-1.24E-30
8.68943,-1.25E-30
8.6859,-1.26E-30
8.68237,-1.26E-30
8.67884,-1.27E-30
8.6753,-1.27E-30
8.67177,-1.28E-30
8.66824,-1.28E-30
8.6647,-1.29E-30
8.66117,-1.29E-30
8.65764,-1.30E-30
8.6541,-1.30E-30
8.65056,-1.30E-30
8.64703,-1.30E-30
8.64349,-1.31E-30
8.63995,-1.31E-30
8.63641,-1.31E-30
8.63287,-1.31E-30
8.62933,-1.31E-30
8.62579,-1.31E-30
8.62224,-1.31E-30
8.6187,-1.31E-30
8.61516,-1.31E-30
8.61161,-1.31E-30
8.60807,-1.31E-30
8.60452,-1.31E-30
8.60098,-1.31E-30
8.59743,-1.31E-30
8.59388,-1.30E-30
8.59033,-1.30E-30
8.58678,-1.30E-30
8.58323,-1.29E-30
8.57968,-1.29E-30
8.57613,-1.29E-30
8.57258,-1.28E-30
8.56903,-1.28E-30
8.56547,-1.27E-30
8.56192,-1.26E-30
8.55836,-1.26E-30
8.55481,-1.25E-30
8.55125,-1.24E-30
8.54769,-1.24E-30
8.54413,-1.23E-30
8.54058,-1.22E-30
8.53702,-1.21E-30
8.53346,-1.20E-30
8.52989,-1.19E-30
8.52633,-1.18E-30
8.52277,-1.17E-30
8.51921,-1.16E-30
8.51564,-1.15E-30
8.51208,-1.14E-30
8.50851,-1.13E-30
8.50495,-1.11E-30
8.50138,-1.10E-30
8.49781,-1.09E-30
8.49425,-1.07E-30
8.49068,-1.06E-30
8.48711,-1.05E-30
8.48354,-1.03E-30
8.47997,-1.02E-30
8.4764,-1.00E-30
8.47282,-9.84E-31
8.46925,-9.67E-31
8.46568,-9.50E-31
8.4621,-9.33E-31
8.45853,-9.15E-31
8.45495,-8.97E-31
8.45137,-8.79E-31
8.4478,-8.60E-31
8.44422,-8.41E-31
8.44064,-8.21E-31
8.43706,-8.01E-31
8.43348,-7.81E-31
8.4299,-7.60E-31
8.42632,-7.39E-31
8.42273,-7.18E-31
8.41915,-6.96E-31
8.41557,-6.73E-31
8.41198,-6.51E-31
8.4084,-6.28E-31
8.40481,-6.05E-31
8.40122,-5.81E-31
8.39764,-5.57E-31
8.39405,-5.32E-31
8.39046,-5.08E-31
8.38687,-4.83E-31
8.38328,-4.57E-31
8.37969,-4.31E-31
8.3761,-4.05E-31
8.3725,-3.79E-31
8.36891,-3.52E-31
8.36532,-3.25E-31
8.36172,-2.97E-31
8.35813,-2.70E-31
8.35453,-2.42E-31
8.35093,-2.13E-31
8.34734,-1.85E-31
8.34374,-1.56E-31
8.34014,-1.27E-31
8.33654,-9.70E-32
8.33294,-6.61E-32
8.32934,-3.61E-32
8.32574,-8.13E-33
8.32213,1.78E-32
8.31853,4.16E-32
8.31493,6.32E-32
8.31132,8.27E-32
8.30772,1.00E-31
8.30411,1.15E-31
8.3005,1.28E-31
8.2969,1.38E-31
8.29329,1.46E-31
8.28968,1.52E-31
8.28607,1.55E-31
8.28246,1.56E-31
8.27885,1.55E-31
8.27523,1.50E-31
8.27162,1.44E-31
8.26801,1.36E-31
8.26439,1.30E-31
8.26078,1.23E-31
8.25716,1.15E-31
8.25355,1.07E-31
8.24993,9.75E-32
8.24631,8.82E-32
8.24269,7.87E-32
8.23908,6.91E-32
8.23546,5.97E-32
8.23183,5.05E-32
8.22821,4.18E-32
8.22459,3.37E-32
8.22097,2.64E-32
8.21735,2.01E-32
8.21372,1.48E-32
8.2101,1.09E-32
8.20647,8.38E-33
8.20284,6.84E-33
8.19922,1.21E-33
8.19559,-3.93E-33
8.19196,-8.58E-33
8.18833,-1.27E-32
8.1847,-1.63E-32
8.18107,-1.94E-32
8.17744,-2.20E-32
8.17381,-2.40E-32
8.17017,-2.56E-32
8.16654,-2.67E-32
8.16291,-2.73E-32
8.15927,-2.76E-32
8.15564,-2.74E-32
8.152,-2.70E-32
8.14836,-2.62E-32
8.14472,-2.52E-32
8.14109,-2.41E-32
8.13745,-2.29E-32
8.13381,-2.02E-32
8.13017,-1.70E-32
8.12652,-1.36E-32
8.12288,-9.91E-33
8.11924,-6.09E-33
8.11559,-2.19E-33
8.11195,1.76E-33
8.10831,5.67E-33
8.10466,9.49E-33
8.10101,1.31E-32
8.09737,1.65E-32
8.09372,1.96E-32
8.09007,2.22E-32
8.08642,2.44E-32
8.08277,2.59E-32
8.07912,2.68E-32
8.07547,2.68E-32
8.07181,2.60E-32
8.06816,2.66E-32
8.06451,2.85E-32
8.06085,3.02E-32
8.0572,3.17E-32
8.05354,3.29E-32
8.04988,3.40E-32
8.04623,3.47E-32
8.04257,3.52E-32
8.03891,3.55E-32
8.03525,3.55E-32
8.03159,3.53E-32
8.02793,3.49E-32
8.02427,3.42E-32
8.02061,3.33E-32
8.01694,3.22E-32
8.01328,3.09E-32
8.00961,2.95E-32
8.00595,2.80E-32
8.00228,2.61E-32
7.99862,2.38E-32
7.99495,2.13E-32
7.99128,1.87E-32
7.98761,1.59E-32
7.98394,1.31E-32
7.98027,1.03E-32
7.9766,7.38E-33
7.97293,4.53E-33
7.96925,1.77E-33
7.96558,-8.79E-34
7.96191,-3.35E-33
7.95823,-5.60E-33
7.95456,-7.56E-33
7.95088,-9.17E-33
7.9472,-1.04E-32
7.94353,-1.11E-32
7.93985,-1.13E-32
7.93617,-1.11E-32
7.93249,-1.31E-32
7.92881,-1.50E-32
7.92513,-1.68E-32
7.92144,-1.85E-32
7.91776,-2.00E-32
7.91408,-2.14E-32
7.91039,-2.27E-32
7.90671,-2.38E-32
7.90302,-2.47E-32
7.89934,-2.54E-32
7.89565,-2.59E-32
7.89196,-2.62E-32
7.88827,-2.62E-32
7.88458,-2.60E-32
7.88089,-2.56E-32
7.8772,-2.49E-32
7.87351,-2.40E-32
7.86982,-2.27E-32
7.86613,-2.18E-32
7.86243,-2.10E-32
7.85874,-2.00E-32
7.85504,-1.89E-32
7.85135,-1.77E-32
7.84765,-1.64E-32
7.84395,-1.51E-32
7.84026,-1.38E-32
7.83656,-1.24E-32
7.83286,-1.10E-32
7.82916,-9.69E-33
7.82546,-8.39E-33
7.82176,-7.16E-33
7.81805,-6.02E-33
7.81435,-5.02E-33
7.81065,-4.17E-33
7.80694,-3.51E-33
7.80324,-3.08E-33
7.79953,-2.22E-33
7.79582,-8.62E-34
7.79212,4.63E-34
7.78841,1.75E-33
7.7847,2.99E-33
7.78099,4.17E-33
7.77728,5.28E-33
7.77357,6.32E-33
7.76986,7.26E-33
7.76615,8.10E-33
7.76243,8.84E-33
7.75872,9.45E-33
7.755,9.92E-33
7.75129,1.03E-32
7.74757,1.04E-32
7.74386,1.04E-32
7.74014,1.03E-32
7.73642,9.88E-33
7.7327,9.49E-33
7.72898,9.43E-33
7.72526,9.30E-33
7.72154,9.10E-33
7.71782,8.83E-33
7.7141,8.51E-33
7.71037,8.13E-33
7.70665,7.71E-33
7.70292,7.25E-33
7.6992,6.75E-33
7.69547,6.24E-33
7.69175,5.72E-33
7.68802,5.20E-33
7.68429,4.69E-33
7.68056,4.21E-33
7.67683,3.76E-33
7.6731,3.38E-33
7.66937,3.06E-33
7.66564,2.81E-33
7.66191,2.10E-33
7.65817,1.39E-33
7.65444,6.79E-34
7.6507,-2.61E-35
7.64697,-7.17E-34
7.64323,-1.39E-33
7.63949,-2.03E-33
7.63576,-2.64E-33
7.63202,-3.20E-33
7.62828,-3.72E-33
7.62454,-4.17E-33
7.6208,-4.55E-33
7.61706,-4.86E-33
7.61332,-5.08E-33
7.60957,-5.21E-33
7.60583,-5.23E-33
7.60209,-5.13E-33
7.59834,-4.91E-33
7.59459,-4.92E-33
7.59085,-5.01E-33
7.5871,-5.06E-33
7.58335,-5.07E-33
7.5796,-5.04E-33
7.57586,-4.98E-33
7.57211,-4.89E-33
7.56836,-4.77E-33
7.5646,-4.62E-33
7.56085,-4.45E-33
7.5571,-4.25E-33
7.55335,-4.04E-33
7.54959,-3.82E-33
7.54584,-3.59E-33
7.54208,-3.36E-33
7.53832,-3.14E-33
7.53457,-2.92E-33
7.53081,-2.72E-33
7.52705,-2.44E-33
7.52329,-2.07E-33
7.51953,-1.68E-33
7.51577,-1.29E-33
7.51201,-9.00E-34
7.50825,-5.10E-34
7.50448,-1.26E-34
7.50072,2.46E-34
7.49696,6.03E-34
7.49319,9.38E-34
7.48943,1.25E-33
7.48566,1.53E-33
7.48189,1.77E-33
7.47812,1.96E-33
7.47436,2.11E-33
7.47059,2.20E-33
7.46682,2.23E-33
7.46304,2.18E-33
7.45927,2.14E-33
7.4555,2.27E-33
7.45173,2.39E-33
7.44795,2.49E-33
7.44418,2.57E-33
7.4404,2.64E-33
7.43663,2.68E-33
7.43285,2.70E-33
7.42908,2.70E-33
7.4253,2.69E-33
7.42152,2.66E-33
7.41774,2.61E-33
7.41396,2.54E-33
7.41018,2.46E-33
7.4064,2.37E-33
7.40261,2.26E-33
7.39883,2.15E-33
7.39505,2.03E-33
7.39126,1.90E-33
7.38748,1.66E-33
7.38369,1.40E-33
7.37991,1.12E-33
7.37612,8.25E-34
7.37233,5.13E-34
7.36854,1.86E-34
7.36475,-1.54E-34
7.36096,-5.03E-34
7.35717,-8.60E-34
7.35338,-1.22E-33
7.34959,-1.58E-33
7.34579,-1.95E-33
7.342,-2.30E-33
7.33821,-2.65E-33
7.33441,-2.99E-33
7.33061,-3.31E-33
7.32682,-3.61E-33
7.32302,-3.88E-33
7.31922,-4.13E-33
7.31542,-4.34E-33
7.31162,-4.50E-33
7.30782,-4.63E-33
7.30402,-4.70E-33
7.30022,-4.71E-33
7.29642,-4.66E-33
7.29262,-4.54E-33
7.28881,-4.34E-33
7.28501,-4.35E-33
7.2812,-4.65E-33
7.2774,-4.95E-33
7.27359,-5.25E-33
7.26978,-5.54E-33
7.26597,-5.82E-33
7.26216,-6.10E-33
7.25835,-6.36E-33
7.25454,-6.62E-33
7.25073,-6.86E-33
7.24692,-7.09E-33
7.24311,-7.30E-33
7.2393,-7.49E-33
7.23548,-7.66E-33
7.23167,-7.81E-33
7.22785,-7.94E-33
7.22404,-8.03E-33
7.22022,-8.10E-33
7.2164,-8.13E-33
7.21258,-8.13E-33
7.20877,-8.09E-33
7.20495,-8.00E-33
7.20113,-7.88E-33
7.1973,-7.70E-33
7.19348,-7.47E-33
7.18966,-7.19E-33
7.18584,-6.85E-33
7.18201,-6.46E-33
7.17819,-6.40E-33
7.17436,-6.34E-33
7.17054,-6.26E-33
7.16671,-6.18E-33
7.16288,-6.09E-33
7.15905,-5.99E-33
7.15523,-5.88E-33
7.1514,-5.77E-33
7.14757,-5.64E-33
7.14373,-5.51E-33
7.1399,-5.37E-33
7.13607,-5.23E-33
7.13224,-5.08E-33
7.1284,-4.92E-33
7.12457,-4.76E-33
7.12073,-4.59E-33
7.1169,-4.42E-33
7.11306,-4.24E-33
7.10922,-4.06E-33
7.10538,-3.88E-33
7.10155,-3.70E-33
7.09771,-3.51E-33
7.09387,-3.32E-33
7.09002,-3.13E-33
7.08618,-2.94E-33
7.08234,-2.75E-33
7.0785,-2.56E-33
7.07465,-2.36E-33
7.07081,-2.13E-33
7.06696,-1.90E-33
7.06312,-1.67E-33
7.05927,-1.43E-33
7.05542,-1.20E-33
7.05157,-9.68E-34
7.04773,-7.35E-34
7.04388,-5.04E-34
7.04003,-2.74E-34
7.03617,-4.56E-35
7.03232,1.80E-34
7.02847,4.02E-34
7.02462,6.21E-34
7.02076,8.35E-34
7.01691,1.04E-33
7.01305,1.25E-33
7.0092,1.45E-33
7.00534,1.64E-33
7.00148,1.82E-33
6.99762,1.99E-33
6.99376,2.16E-33
6.98991,2.32E-33
6.98604,2.47E-33
6.98218,2.60E-33
6.97832,2.73E-33
6.97446,2.84E-33
6.9706,2.94E-33
6.96673,3.03E-33
6.96287,3.11E-33
6.959,3.16E-33
6.95514,3.21E-33
6.95127,3.23E-33
6.9474,3.24E-33
6.94353,3.24E-33
6.93966,3.21E-33
6.93579,3.16E-33
6.93192,3.10E-33
6.92805,3.01E-33
6.92418,2.91E-33
6.92031,2.78E-33
6.91644,2.62E-33
6.91256,2.60E-33
6.90869,2.67E-33
6.90481,2.74E-33
6.90094,2.81E-33
6.89706,2.88E-33
6.89318,2.94E-33
6.8893,2.99E-33
6.88542,3.05E-33
6.88154,3.09E-33
6.87766,3.14E-33
6.87378,3.18E-33
6.8699,3.22E-33
6.86602,3.25E-33
6.86213,3.28E-33
6.85825,3.30E-33
6.85437,3.32E-33
6.85048,3.33E-33
6.84659,3.34E-33
6.84271,3.35E-33
6.83882,3.35E-33
6.83493,3.34E-33
6.83104,3.33E-33
6.82715,3.31E-33
6.82326,3.29E-33
6.81937,3.26E-33
6.81548,3.23E-33
6.81159,3.19E-33
6.80769,3.15E-33
6.8038,3.09E-33
6.79991,3.04E-33
6.79601,2.97E-33
6.79211,2.90E-33
6.78822,2.83E-33
6.78432,2.74E-33
6.78042,2.65E-33
6.77652,2.56E-33
6.77262,2.45E-33
6.76872,2.34E-33
6.76482,2.22E-33
6.76092,2.10E-33
6.75702,1.97E-33
6.75311,1.82E-33
6.74921,1.73E-33
6.7453,1.67E-33
6.7414,1.60E-33
6.73749,1.54E-33
6.73359,1.47E-33
6.72968,1.40E-33
6.72577,1.34E-33
6.72186,1.27E-33
6.71795,1.20E-33
6.71404,1.13E-33
6.71013,1.07E-33
6.70622,9.99E-34
6.70231,9.32E-34
6.69839,8.66E-34
6.69448,8.01E-34
6.69056,7.36E-34
6.68665,6.73E-34
6.68273,6.10E-34
6.67882,5.48E-34
6.6749,4.88E-34
6.67098,4.29E-34
6.66706,3.72E-34
6.66314,3.16E-34
6.65922,2.62E-34
6.6553,2.10E-34
6.65138,1.60E-34
6.64746,1.13E-34
6.64353,6.72E-35
6.63961,2.43E-35
6.63568,-1.61E-35
6.63176,-5.37E-35
6.62783,-8.85E-35
6.6239,-1.20E-34
6.61998,-1.49E-34
6.61605,-1.74E-34
6.61212,-1.96E-34
6.60819,-2.15E-34
6.60426,-2.29E-34
6.60033,-2.40E-34
6.5964,-2.47E-34
6.59246,-2.50E-34
6.58853,-2.48E-34
6.5846,-2.72E-34
6.58066,-3.07E-34
6.57673,-3.40E-34
6.57279,-3.73E-34
6.56885,-4.04E-34
6.56492,-4.33E-34
6.56098,-4.62E-34
6.55704,-4.89E-34
6.5531,-5.15E-34
6.54916,-5.39E-34
6.54522,-5.62E-34
6.54128,-5.84E-34
6.53733,-6.04E-34
6.53339,-6.23E-34
6.52945,-6.40E-34
6.5255,-6.56E-34
6.52156,-6.70E-34
6.51761,-6.82E-34
6.51366,-6.93E-34
6.50972,-7.02E-34
6.50577,-7.10E-34
6.50182,-7.16E-34
6.49787,-7.20E-34
6.49392,-7.22E-34
6.48997,-7.22E-34
6.48602,-7.21E-34
6.48206,-7.18E-34
6.47811,-7.13E-34
6.47416,-7.06E-34
6.4702,-6.97E-34
6.46625,-6.87E-34
6.46229,-6.74E-34
6.45833,-6.59E-34
6.45438,-6.43E-34
6.45042,-6.24E-34
6.44646,-6.03E-34
6.4425,-5.81E-34
6.43854,-5.56E-34
6.43458,-5.29E-34
6.43062,-5.00E-34
6.42665,-4.69E-34
6.42269,-4.35E-34
6.41873,-4.16E-34
6.41476,-4.01E-34
6.4108,-3.86E-34
6.40683,-3.70E-34
6.40286,-3.54E-34
6.3989,-3.37E-34
6.39493,-3.21E-34
6.39096,-3.04E-34
6.38699,-2.87E-34
6.38302,-2.69E-34
6.37905,-2.52E-34
6.37508,-2.34E-34
6.3711,-2.16E-34
6.36713,-1.99E-34
6.36316,-1.81E-34
6.35918,-1.64E-34
6.35521,-1.46E-34
6.35123,-1.29E-34
6.34725,-1.12E-34
6.34328,-9.57E-35
6.3393,-7.94E-35
6.33532,-6.34E-35
6.33134,-4.79E-35
6.32736,-3.28E-35
6.32338,-1.82E-35
6.3194,-4.23E-36
6.31541,9.17E-36
6.31143,2.19E-35
6.30745,3.39E-35
6.30346,4.52E-35
6.29948,5.57E-35
6.29549,6.53E-35
6.2915,7.39E-35
6.28752,8.17E-35
6.28353,8.84E-35
6.27954,9.40E-35
6.27555,9.85E-35
6.27156,1.02E-34
6.26757,1.04E-34
6.26358,1.05E-34
6.25958,1.04E-34
6.25559,1.02E-34
6.2516,1.20E-34
6.2476,1.43E-34
6.24361,1.65E-34
6.23961,1.88E-34
6.23561,2.11E-34
6.23162,2.34E-34
6.22762,2.57E-34
6.22362,2.80E-34
6.21962,3.03E-34
6.21562,3.26E-34
6.21162,3.49E-34
6.20762,3.72E-34
6.20361,3.94E-34
6.19961,4.17E-34
6.19561,4.40E-34
6.1916,4.62E-34
6.1876,4.84E-34
6.18359,5.05E-34
6.17958,5.27E-34
6.17558,5.48E-34
6.17157,5.69E-34
6.16756,5.89E-34
6.16355,6.09E-34
6.15954,6.28E-34
6.15553,6.47E-34
6.15152,6.65E-34
6.1475,6.83E-34
6.14349,7.00E-34
6.13948,7.16E-34
6.13546,7.32E-34
6.13145,7.47E-34
6.12743,7.61E-34
6.12341,7.74E-34
6.1194,7.87E-34
6.11538,7.98E-34
6.11136,8.09E-34
6.10734,8.18E-34
6.10332,8.27E-34
6.0993,8.35E-34
6.09528,8.41E-34
6.09125,8.47E-34
6.08723,8.51E-34
6.08321,8.54E-34
6.07918,8.55E-34
6.07516,8.56E-34
6.07113,8.55E-34
6.0671,8.52E-34
6.06308,8.49E-34
6.05905,8.43E-34
6.05502,8.37E-34
6.05099,8.28E-34
6.04696,8.18E-34
6.04293,8.07E-34
6.0389,7.93E-34
6.03486,7.78E-34
6.03083,7.62E-34
6.0268,7.43E-34
6.02276,7.23E-34
6.01873,7.00E-34
6.01469,6.76E-34
6.01065,6.49E-34
6.00661,6.21E-34
6.00258,5.91E-34
5.99854,5.58E-34
5.9945,5.23E-34
5.99046,4.86E-34
5.98642,4.55E-34
5.98237,4.58E-34
5.97833,4.61E-34
5.97429,4.64E-34
5.97024,4.67E-34
5.9662,4.70E-34
5.96215,4.72E-34
5.95811,4.74E-34
5.95406,4.76E-34
5.95001,4.78E-34
5.94597,4.80E-34
5.94192,4.81E-34
5.93787,4.83E-34
5.93382,4.84E-34
5.92977,4.85E-34
5.92571,4.85E-34
5.92166,4.86E-34
5.91761,4.86E-34
5.91355,4.86E-34
5.9095,4.86E-34
5.90544,4.85E-34
5.90139,4.85E-34
5.89733,4.84E-34
5.89327,4.82E-34
5.88921,4.81E-34
5.88515,4.79E-34
5.8811,4.77E-34
5.87703,4.74E-34
5.87297,4.72E-34
5.86891,4.68E-34
5.86485,4.65E-34
5.86079,4.61E-34
5.85672,4.57E-34
5.85266,4.53E-34
5.84859,4.48E-34
5.84452,4.43E-34
5.84046,4.38E-34
5.83639,4.32E-34
5.83232,4.26E-34
5.82825,4.19E-34
5.82418,4.12E-34
5.82011,4.04E-34
5.81604,3.97E-34
5.81197,3.88E-34
5.8079,3.80E-34
5.80382,3.70E-34
5.79975,3.61E-34
5.79567,3.51E-34
5.7916,3.40E-34
5.78752,3.29E-34
5.78345,3.18E-34
5.77937,3.06E-34
5.77529,2.93E-34
5.77121,2.80E-34
5.76713,2.67E-34
5.76305,2.53E-34
5.75897,2.38E-34
5.75489,2.23E-34
5.7508,2.08E-34
5.74672,1.91E-34
5.74264,1.75E-34
5.73855,1.57E-34
5.73447,1.39E-34
5.73038,1.21E-34
5.72629,1.02E-34
5.7222,8.20E-35
5.71812,6.16E-35
5.71403,5.56E-35
5.70994,6.14E-35
5.70585,6.78E-35
5.70175,7.46E-35
5.69766,8.19E-35
5.69357,8.97E-35
5.68948,9.80E-35
5.68538,1.07E-34
5.68129,1.16E-34
5.67719,1.26E-34
5.67309,1.36E-34
5.669,1.46E-34
5.6649,1.57E-34
5.6608,1.69E-34
5.6567,1.81E-34
5.6526,1.93E-34
5.6485,2.06E-34
5.6444,2.20E-34
5.6403,2.33E-34
5.63619,2.47E-34
5.63209,2.62E-34
5.62799,2.77E-34
5.62388,2.92E-34
5.61978,3.08E-34
5.61567,3.24E-34
5.61156,3.41E-34
5.60745,3.57E-34
5.60335,3.75E-34
5.59924,3.92E-34
5.59513,4.10E-34
5.59102,4.28E-34
5.5869,4.47E-34
5.58279,4.65E-34
5.57868,4.84E-34
5.57457,5.04E-34
5.57045,5.23E-34
5.56634,5.43E-34
5.56222,5.63E-34
5.5581,5.83E-34
5.55399,6.04E-34
5.54987,6.24E-34
5.54575,6.45E-34
5.54163,6.66E-34
5.53751,6.87E-34
5.53339,7.08E-34
5.52927,7.29E-34
5.52514,7.50E-34
5.52102,7.71E-34
5.5169,7.92E-34
5.51277,8.13E-34
5.50865,8.35E-34
5.50452,8.56E-34
5.5004,8.77E-34
5.49627,8.98E-34
5.49214,9.19E-34
5.48801,9.40E-34
5.48388,9.60E-34
5.47975,9.81E-34
5.47562,1.00E-33
5.47149,1.02E-33
5.46736,1.04E-33
5.46322,1.06E-33
5.45909,1.08E-33
5.45495,1.10E-33
5.45082,1.12E-33
5.44668,1.13E-33
5.44255,1.15E-33
5.43841,1.17E-33
5.43427,1.19E-33
5.43013,1.20E-33
5.42599,1.22E-33
5.42185,1.23E-33
5.41771,1.25E-33
5.41357,1.26E-33
5.40943,1.27E-33
5.40528,1.29E-33
5.40114,1.30E-33
5.39699,1.31E-33
5.39285,1.32E-33
5.3887,1.33E-33
5.38456,1.34E-33
5.38041,1.35E-33
5.37626,1.35E-33
5.37211,1.36E-33
5.36796,1.36E-33
5.36381,1.37E-33
5.35966,1.37E-33
5.35551,1.37E-33
5.35135,1.37E-33
5.3472,1.37E-33
5.34305,1.37E-33
5.33889,1.37E-33
5.33474,1.36E-33
5.33058,1.36E-33
5.32642,1.35E-33
5.32226,1.34E-33
5.31811,1.33E-33
5.31395,1.32E-33
5.30979,1.31E-33
5.30563,1.29E-33
5.30147,1.28E-33
5.2973,1.26E-33
5.29314,1.24E-33
5.28898,1.22E-33
5.28481,1.20E-33
5.28065,1.17E-33
5.27648,1.15E-33
5.27232,1.12E-33
5.26815,1.09E-33
5.26398,1.05E-33
5.25981,1.02E-33
5.25564,9.83E-34
5.25147,9.44E-34
5.2473,9.03E-34
5.24313,8.60E-34
5.23896,8.15E-34
5.23478,7.67E-34
5.23061,7.71E-34
5.22644,8.04E-34
5.22226,8.38E-34
5.21809,8.71E-34
5.21391,9.05E-34
5.20973,9.39E-34
5.20555,9.73E-34
5.20137,1.01E-33
5.19719,1.04E-33
5.19301,1.08E-33
5.18883,1.11E-33
5.18465,1.14E-33
5.18047,1.18E-33
5.17629,1.21E-33
5.1721,1.25E-33
5.16792,1.28E-33
5.16373,1.32E-33
5.15955,1.35E-33
5.15536,1.39E-33
5.15117,1.42E-33
5.14698,1.46E-33
5.14279,1.49E-33
5.1386,1.52E-33
5.13441,1.56E-33
5.13022,1.59E-33
5.12603,1.62E-33
5.12184,1.66E-33
5.11765,1.69E-33
5.11345,1.72E-33
5.10926,1.76E-33
5.10506,1.79E-33
5.10086,1.82E-33
5.09667,1.85E-33
5.09247,1.88E-33
5.08827,1.91E-33
5.08407,1.94E-33
5.07987,1.97E-33
5.07567,2.00E-33
5.07147,2.03E-33
5.06727,2.06E-33
5.06307,2.08E-33
5.05886,2.11E-33
5.05466,2.14E-33
5.05045,2.16E-33
5.04625,2.19E-33
5.04204,2.21E-33
5.03783,2.23E-33
5.03363,2.26E-33
5.02942,2.28E-33
5.02521,2.30E-33
5.021,2.32E-33
5.01679,2.34E-33
5.01257,2.36E-33
5.00836,2.37E-33
5.00415,2.39E-33
4.99994,2.41E-33
4.99572,2.42E-33
4.99151,2.43E-33
4.98729,2.45E-33
4.98307,2.46E-33
4.97886,2.47E-33
4.97464,2.47E-33
4.97042,2.48E-33
4.9662,2.49E-33
4.96198,2.49E-33
4.95776,2.50E-33
4.95354,2.50E-33
4.94931,2.50E-33
4.94509,2.50E-33
4.94087,2.50E-33
4.93664,2.50E-33
4.93242,2.49E-33
4.92819,2.48E-33
4.92396,2.48E-33
4.91974,2.47E-33
4.91551,2.46E-33
4.91128,2.44E-33
4.90705,2.43E-33
4.90282,2.41E-33
4.89859,2.40E-33
4.89435,2.38E-33
4.89012,2.35E-33
4.88589,2.33E-33
4.88165,2.31E-33
4.87742,2.28E-33
4.87318,2.25E-33
4.86895,2.22E-33
4.86471,2.18E-33
4.86047,2.15E-33
4.85623,2.11E-33
4.85199,2.07E-33
4.84775,2.03E-33
4.84351,1.99E-33
4.83927,1.94E-33
4.83503,1.89E-33
4.83078,1.84E-33
4.82654,1.79E-33
4.8223,1.73E-33
4.81805,1.67E-33
4.81381,1.61E-33
4.80956,1.55E-33
4.80531,1.48E-33
4.80106,1.41E-33
4.79681,1.34E-33
4.79256,1.27E-33
4.78831,1.19E-33
4.78406,1.11E-33
4.77981,1.03E-33
4.77556,9.47E-34
4.7713,8.59E-34
4.76705,7.69E-34
4.7628,6.75E-34
4.75854,5.79E-34
4.75428,4.79E-34
4.75003,3.77E-34
4.74577,2.71E-34
4.74151,1.62E-34
4.73725,1.30E-34
4.73299,1.28E-34
4.72873,1.26E-34
4.72447,1.24E-34
4.72021,1.22E-34
4.71594,1.21E-34
4.71168,1.19E-34
4.70742,1.17E-34
4.70315,1.16E-34
4.69888,1.14E-34
4.69462,1.13E-34
4.69035,1.11E-34
4.68608,1.10E-34
4.68181,1.09E-34
4.67754,1.08E-34
4.67327,1.07E-34
4.669,1.06E-34
4.66473,1.05E-34
4.66046,1.04E-34
4.65619,1.03E-34
4.65191,1.03E-34
4.64764,1.02E-34
4.64336,1.01E-34
4.63909,1.01E-34
4.63481,1.00E-34
4.63053,9.99E-35
4.62625,9.96E-35
4.62197,9.93E-35
4.61769,9.90E-35
4.61341,9.88E-35
4.60913,9.87E-35
4.60485,9.86E-35
4.60057,9.86E-35
4.59628,9.86E-35
4.592,9.86E-35
4.58771,9.87E-35
4.58343,9.88E-35
4.57914,9.90E-35
4.57485,9.92E-35
4.57057,9.94E-35
4.56628,9.97E-35
4.56199,1.00E-34
4.5577,1.00E-34
4.55341,1.01E-34
4.54911,1.01E-34
4.54482,1.01E-34
4.54053,1.02E-34
4.53623,1.02E-34
4.53194,1.03E-34
4.52764,1.03E-34
4.52335,1.04E-34
4.51905,1.04E-34
4.51475,1.04E-34
4.51046,1.05E-34
4.50616,1.05E-34
4.50186,1.06E-34
4.49756,1.06E-34
4.49325,1.07E-34
4.48895,1.07E-34
4.48465,1.08E-34
4.48035,1.08E-34
4.47604,1.08E-34
4.47174,1.09E-34
4.46743,1.09E-34
4.46312,1.09E-34
4.45882,1.10E-34
4.45451,1.10E-34
4.4502,1.10E-34
4.44589,1.10E-34
4.44158,1.10E-34
4.43727,1.10E-34
4.43296,1.10E-34
4.42864,1.10E-34
4.42433,1.10E-34
4.42002,1.10E-34
4.4157,1.10E-34
4.41139,1.10E-34
4.40707,1.09E-34
4.40275,1.09E-34
4.39844,1.08E-34
4.39412,1.08E-34
4.3898,1.07E-34
4.38548,1.06E-34
4.38116,1.05E-34
4.37684,1.04E-34
4.37251,1.03E-34
4.36819,1.02E-34
4.36387,1.01E-34
4.35954,9.97E-35
4.35522,9.82E-35
4.35089,9.66E-35
4.34656,9.49E-35
4.34224,9.30E-35
4.33791,9.11E-35
4.33358,8.90E-35
4.32925,8.67E-35
4.32492,8.43E-35
4.32059,8.18E-35
4.31626,7.92E-35
4.31192,7.63E-35
4.30759,7.34E-35
4.30326,7.02E-35
4.29892,6.69E-35
4.29459,6.35E-35
4.29025,5.98E-35
4.28591,5.60E-35
4.28158,5.20E-35
4.27724,4.79E-35
4.2729,4.35E-35
4.26856,3.89E-35
4.26422,3.42E-35
4.25987,2.92E-35
4.25553,2.41E-35
4.25119,1.87E-35
4.24684,1.31E-35
4.2425,7.31E-36
4.23815,1.29E-36
4.23381,1.89E-36
4.22946,4.04E-36
4.22511,6.20E-36
4.22077,8.39E-36
4.21642,1.06E-35
4.21207,1.28E-35
4.20772,1.50E-35
4.20336,1.73E-35
4.19901,1.95E-35
4.19466,2.17E-35
4.19031,2.40E-35
4.18595,2.63E-35
4.1816,2.85E-35
4.17724,3.08E-35
4.17288,3.30E-35
4.16853,3.53E-35
4.16417,3.76E-35
4.15981,3.98E-35
4.15545,4.21E-35
4.15109,4.43E-35
4.14673,4.65E-35
4.14237,4.87E-35
4.138,5.09E-35
4.13364,5.31E-35
4.12928,5.52E-35
4.12491,5.74E-35
4.12055,5.95E-35
4.11618,6.16E-35
4.11181,6.37E-35
4.10744,6.57E-35
4.10308,6.77E-35
4.09871,6.97E-35
4.09434,7.17E-35
4.08997,7.36E-35
4.08559,7.55E-35
4.08122,7.73E-35
4.07685,7.92E-35
4.07247,8.09E-35
4.0681,8.26E-35
4.06372,8.43E-35
4.05935,8.59E-35
4.05497,8.75E-35
4.05059,8.91E-35
4.04621,9.05E-35
4.04184,9.20E-35
4.03746,9.33E-35
4.03307,9.46E-35
4.02869,9.59E-35
4.02431,9.71E-35
4.01993,9.82E-35
4.01554,9.92E-35
4.01116,1.00E-34
4.00677,1.01E-34
4.00239,1.02E-34
3.998,1.03E-34
3.99361,1.03E-34
3.98923,1.04E-34
3.98484,1.05E-34
3.98045,1.05E-34
3.97606,1.05E-34
3.97166,1.06E-34
3.96727,1.06E-34
3.96288,1.06E-34
3.95849,1.06E-34
3.95409,1.06E-34
3.9497,1.05E-34
3.9453,1.05E-34
3.9409,1.05E-34
3.93651,1.04E-34
3.93211,1.04E-34
3.92771,1.03E-34
3.92331,1.02E-34
3.91891,1.01E-34
3.91451,1.00E-34
3.91011,9.88E-35
3.9057,9.75E-35
3.9013,9.61E-35
3.8969,9.45E-35
3.89249,9.28E-35
3.88809,9.10E-35
3.88368,8.91E-35
3.87927,8.70E-35
3.87486,8.48E-35
3.87045,8.24E-35
3.86605,7.99E-35
3.86164,7.73E-35
3.85722,7.45E-35
3.85281,7.15E-35
3.8484,6.85E-35
3.84399,6.52E-35
3.83957,6.18E-35
3.83516,5.83E-35
3.83074,5.46E-35
3.82633,5.07E-35
3.82191,4.67E-35
3.81749,4.25E-35
3.81307,3.81E-35
3.80865,3.36E-35
3.80423,2.88E-35
3.79981,2.40E-35
3.79539,1.89E-35
3.79097,1.37E-35
3.78654,8.22E-36
3.78212,2.61E-36
3.77769,-3.19E-36
3.77327,-9.18E-36
3.76884,-1.54E-35
3.76442,-2.17E-35
3.75999,-2.83E-35
3.75556,-3.51E-35
3.75113,-4.20E-35
3.7467,-4.92E-35
3.74227,-5.66E-35
3.73784,-6.42E-35
3.7334,-7.20E-35
3.72897,-8.00E-35
3.72454,-8.82E-35
3.7201,-9.02E-35
3.71567,-9.15E-35
3.71123,-9.28E-35
3.70679,-9.41E-35
3.70236,-9.55E-35
3.69792,-9.68E-35
3.69348,-9.81E-35
3.68904,-9.94E-35
3.6846,-1.01E-34
3.68016,-1.02E-34
3.67571,-1.03E-34
3.67127,-1.05E-34
3.66683,-1.06E-34
3.66238,-1.08E-34
3.65794,-1.09E-34
3.65349,-1.10E-34
3.64904,-1.12E-34
3.6446,-1.13E-34
3.64015,-1.14E-34
3.6357,-1.16E-34
3.63125,-1.17E-34
3.6268,-1.19E-34
3.62234,-1.20E-34
3.61789,-1.21E-34
3.61344,-1.23E-34
3.60899,-1.24E-34
3.60453,-1.25E-34
3.60008,-1.27E-34
3.59562,-1.28E-34
3.59116,-1.30E-34
3.5867,-1.31E-34
3.58225,-1.32E-34
3.57779,-1.34E-34
3.57333,-1.35E-34
3.56887,-1.37E-34
3.5644,-1.38E-34
3.55994,-1.39E-34
3.55548,-1.41E-34
3.55101,-1.42E-34
3.54655,-1.44E-34
3.54208,-1.45E-34
3.53762,-1.46E-34
3.53315,-1.48E-34
3.52868,-1.49E-34
3.52421,-1.50E-34
3.51975,-1.52E-34
3.51528,-1.53E-34
3.5108,-1.54E-34
3.50633,-1.56E-34
3.50186,-1.57E-34
3.49739,-1.58E-34
3.49291,-1.60E-34
3.48844,-1.61E-34
3.48396,-1.62E-34
3.47949,-1.64E-34
3.47501,-1.65E-34
3.47053,-1.66E-34
3.46605,-1.68E-34
3.46157,-1.69E-34
3.45709,-1.70E-34
3.45261,-1.71E-34
3.44813,-1.73E-34
3.44365,-1.74E-34
3.43916,-1.75E-34
3.43468,-1.76E-34
3.4302,-1.78E-34
3.42571,-1.79E-34
3.42122,-1.80E-34
3.41674,-1.81E-34
3.41225,-1.82E-34
3.40776,-1.83E-34
3.40327,-1.85E-34
3.39878,-1.86E-34
3.39429,-1.87E-34
3.3898,-1.88E-34
3.3853,-1.89E-34
3.38081,-1.90E-34
3.37632,-1.91E-34
3.37182,-1.92E-34
3.36733,-1.93E-34
3.36283,-1.94E-34
3.35833,-1.95E-34
3.35384,-1.96E-34
3.34934,-1.97E-34
3.34484,-1.98E-34
3.34034,-1.99E-34
3.33584,-2.00E-34
3.33133,-2.01E-34
3.32683,-2.02E-34
3.32233,-2.03E-34
3.31782,-2.04E-34
3.31332,-2.04E-34
3.30881,-2.05E-34
3.30431,-2.06E-34
3.2998,-2.07E-34
3.29529,-2.07E-34
3.29078,-2.08E-34
3.28627,-2.09E-34
3.28176,-2.10E-34
3.27725,-2.10E-34
3.27274,-2.11E-34
3.26822,-2.11E-34
3.26371,-2.12E-34
3.2592,-2.13E-34
3.25468,-2.13E-34
3.25016,-2.14E-34
3.24565,-2.14E-34
3.24113,-2.14E-34
3.23661,-2.15E-34
3.23209,-2.15E-34
3.22757,-2.16E-34
3.22305,-2.16E-34
3.21853,-2.16E-34
3.21401,-2.17E-34
3.20949,-2.17E-34
3.20496,-2.17E-34
3.20044,-2.17E-34
3.19591,-2.18E-34
3.19139,-2.18E-34
3.18686,-2.19E-34
3.18233,-2.19E-34
3.1778,-2.19E-34
3.17327,-2.20E-34
3.16874,-2.20E-34
3.16421,-2.21E-34
3.15968,-2.21E-34
3.15515,-2.21E-34
3.15061,-2.21E-34
3.14608,-2.22E-34
3.14155,-2.22E-34
3.13701,-2.22E-34
3.13247,-2.22E-34
3.12794,-2.22E-34
3.1234,-2.22E-34
3.11886,-2.22E-34
3.11432,-2.22E-34
3.10978,-2.23E-34
3.10524,-2.23E-34
3.1007,-2.22E-34
3.09615,-2.22E-34
3.09161,-2.22E-34
3.08707,-2.22E-34
3.08252,-2.22E-34
3.07798,-2.22E-34
3.07343,-2.22E-34
3.06888,-2.21E-34
3.06433,-2.21E-34
3.05978,-2.21E-34
3.05523,-2.21E-34
3.05068,-2.20E-34
3.04613,-2.20E-34
3.04158,-2.20E-34
3.03703,-2.19E-34
3.03247,-2.19E-34
3.02792,-2.18E-34
3.02336,-2.18E-34
3.01881,-2.17E-34
3.01425,-2.16E-34
3.00969,-2.16E-34
3.00513,-2.15E-34
3.00058,-2.14E-34
2.99602,-2.14E-34
2.99145,-2.13E-34
2.98689,-2.12E-34
2.98233,-2.11E-34
2.97777,-2.10E-34
2.9732,-2.09E-34
2.96864,-2.09E-34
2.96407,-2.08E-34
2.95951,-2.07E-34
2.95494,-2.05E-34
2.95037,-2.04E-34
2.9458,-2.03E-34
2.94123,-2.02E-34
2.93666,-2.01E-34
2.93209,-2.00E-34
2.92752,-1.98E-34
2.92295,-1.97E-34
2.91837,-1.96E-34
2.9138,-1.94E-34
2.90922,-1.93E-34
2.90465,-1.91E-34
2.90007,-1.90E-34
2.89549,-1.88E-34
2.89091,-1.87E-34
2.88633,-1.85E-34
2.88175,-1.83E-34
2.87717,-1.82E-34
2.87259,-1.80E-34
2.86801,-1.78E-34
2.86343,-1.76E-34
2.85884,-1.74E-34
2.85426,-1.73E-34
2.84967,-1.71E-34
2.84509,-1.69E-34
2.8405,-1.66E-34
2.83591,-1.64E-34
2.83132,-1.62E-34
2.82673,-1.60E-34
2.82214,-1.58E-34
2.81755,-1.56E-34
2.81296,-1.53E-34
2.80837,-1.51E-34
2.80377,-1.48E-34
2.79918,-1.46E-34
2.79458,-1.43E-34
2.78999,-1.41E-34
2.78539,-1.38E-34
2.78079,-1.36E-34
2.7762,-1.33E-34
2.7716,-1.30E-34
2.767,-1.27E-34
2.7624,-1.24E-34
2.75779,-1.22E-34
2.75319,-1.19E-34
2.74859,-1.16E-34
2.74398,-1.13E-34
2.73938,-1.09E-34
2.73477,-1.06E-34
2.73017,-1.03E-34
2.72556,-9.99E-35
2.72095,-9.66E-35
2.71634,-9.33E-35
2.71173,-8.99E-35
2.70712,-8.64E-35
2.70251,-8.29E-35
2.6979,-7.93E-35
2.69329,-7.57E-35
2.68867,-7.21E-35
2.68406,-6.84E-35
2.67944,-6.46E-35
2.67483,-6.08E-35
2.67021,-5.69E-35
2.66559,-5.31E-35
2.66098,-5.09E-35
2.65636,-4.88E-35
2.65174,-4.66E-35
2.64712,-4.44E-35
2.64249,-4.23E-35
2.63787,-4.01E-35
2.63325,-3.80E-35
2.62862,-3.58E-35
2.624,-3.37E-35
2.61937,-3.15E-35
2.61475,-2.94E-35
2.61012,-2.73E-35
2.60549,-2.51E-35
2.60086,-2.30E-35
2.59623,-2.09E-35
2.5916,-1.88E-35
2.58697,-1.67E-35
2.58234,-1.46E-35
2.57771,-1.25E-35
2.57307,-1.04E-35
2.56844,-8.29E-36
2.5638,-6.21E-36
2.55916,-4.15E-36
2.55453,-2.09E-36
2.54989,-4.63E-38
2.54525,1.99E-36
2.54061,4.02E-36
2.53597,6.03E-36
2.53133,8.04E-36
2.52669,1.00E-35
2.52205,1.20E-35
2.5174,1.40E-35
2.51276,1.59E-35
2.50811,1.79E-35
2.50347,1.98E-35
2.49882,2.17E-35
2.49417,2.36E-35
2.48952,2.55E-35
2.48487,2.74E-35
2.48022,2.92E-35
2.47557,3.11E-35
2.47092,3.29E-35
2.46627,3.47E-35
2.46162,3.65E-35
2.45696,3.82E-35
2.45231,4.00E-35
2.44765,4.17E-35
2.44299,4.34E-35
2.43834,4.51E-35
2.43368,4.67E-35
2.42902,4.84E-35
2.42436,5.00E-35
2.4197,5.16E-35
2.41504,5.32E-35
2.41038,5.47E-35
2.40571,5.63E-35
2.40105,5.78E-35
2.39638,5.93E-35
2.39172,6.07E-35
2.38705,6.22E-35
2.38238,6.36E-35
2.37772,6.49E-35
2.37305,6.63E-35
2.36838,6.76E-35
2.36371,6.89E-35
2.35904,7.02E-35
2.35436,7.14E-35
2.34969,7.27E-35
2.34502,7.38E-35
2.34034,7.50E-35
2.33567,7.61E-35
2.33099,7.72E-35
2.32631,7.83E-35
2.32164,7.93E-35
2.31696,8.03E-35
2.31228,8.13E-35
2.3076,8.22E-35
2.30292,8.31E-35
2.29823,8.39E-35
2.29355,8.48E-35
2.28887,8.56E-35
2.28418,8.63E-35
2.2795,8.70E-35
2.27481,8.77E-35
2.27012,8.84E-35
2.26544,8.90E-35
2.26075,8.95E-35
2.25606,9.01E-35
2.25137,9.06E-35
2.24668,9.10E-35
2.24199,9.14E-35
2.23729,9.18E-35
2.2326,9.21E-35
2.22791,9.24E-35
2.22321,9.27E-35
2.21851,9.29E-35
2.21382,9.30E-35
2.20912,9.32E-35
2.20442,9.32E-35
2.19972,9.33E-35
2.19502,9.32E-35
2.19032,9.32E-35
2.18562,9.31E-35
2.18092,9.29E-35
2.17621,9.27E-35
2.17151,9.25E-35
2.1668,9.22E-35
2.1621,9.19E-35
2.15739,9.15E-35
2.15268,9.10E-35
2.14797,9.05E-35
2.14327,9.00E-35
2.13855,8.94E-35
2.13384,8.88E-35
2.12913,8.81E-35
2.12442,8.74E-35
2.11971,8.67E-35
2.11499,8.70E-35
2.11028,8.73E-35
2.10556,8.76E-35
2.10084,8.78E-35
2.09613,8.80E-35
2.09141,8.82E-35
2.08669,8.84E-35
2.08197,8.85E-35
2.07725,8.87E-35
2.07253,8.88E-35
2.0678,8.89E-35
2.06308,8.89E-35
2.05836,8.90E-35
2.05363,8.90E-35
2.0489,8.90E-35
2.04418,8.90E-35
2.03945,8.90E-35
2.03472,8.90E-35
2.02999,8.89E-35
2.02526,8.88E-35
2.02053,8.87E-35
2.0158,8.86E-35
2.01107,8.84E-35
2.00633,8.83E-35
2.0016,8.81E-35
1.99686,8.79E-35
1.99213,8.77E-35
1.98739,8.74E-35
1.98265,8.71E-35
1.97792,8.68E-35
1.97318,8.65E-35
1.96844,8.62E-35
1.9637,8.59E-35
1.95895,8.55E-35
1.95421,8.51E-35
1.94947,8.47E-35
1.94472,8.42E-35
1.93998,8.38E-35
1.93523,8.33E-35
1.93048,8.28E-35
1.92574,8.23E-35
1.92099,8.17E-35
1.91624,8.12E-35
1.91149,8.06E-35
1.90674,8.00E-35
1.90199,7.94E-35
1.89723,7.87E-35
1.89248,7.81E-35
1.88773,7.74E-35
1.88297,7.67E-35
1.87821,7.60E-35
1.87346,7.52E-35
1.8687,7.44E-35
1.86394,7.36E-35
1.85918,7.28E-35
1.85442,7.20E-35
1.84966,7.12E-35
1.8449,7.03E-35
1.84013,6.94E-35
1.83537,6.85E-35
1.83061,6.75E-35
1.82584,6.66E-35
1.82107,6.56E-35
1.81631,6.46E-35
1.81154,6.36E-35
1.80677,6.25E-35
1.802,6.15E-35
1.79723,6.04E-35
1.79246,5.93E-35
1.78769,5.82E-35
1.78291,5.70E-35
1.77814,5.58E-35
1.77337,5.47E-35
1.76859,5.34E-35
1.76381,5.22E-35
1.75904,5.10E-35
1.75426,4.97E-35
1.74948,4.84E-35
1.7447,4.71E-35
1.73992,4.58E-35
1.73514,4.44E-35
1.73036,4.30E-35
1.72557,4.16E-35
1.72079,4.02E-35
1.716,3.88E-35
1.71122,3.73E-35
1.70643,3.59E-35
1.70164,3.44E-35
1.69685,3.28E-35
1.69207,3.13E-35
1.68728,2.97E-35
1.68248,2.82E-35
1.67769,2.66E-35
1.6729,2.49E-35
1.66811,2.33E-35
1.66331,2.16E-35
1.65852,2.00E-35
1.65372,1.83E-35
1.64892,1.65E-35
1.64413,1.48E-35
1.63933,1.30E-35
1.63453,1.13E-35
1.62973,9.45E-36
1.62493,7.63E-36
1.62013,5.79E-36
1.61532,3.93E-36
1.61052,2.05E-36
1.60571,1.48E-37
1.60091,-1.77E-36
1.5961,-3.71E-36
1.5913,-5.67E-36
1.58649,-7.65E-36
1.58168,-9.65E-36
1.57687,-1.17E-35
1.57206,-1.37E-35
1.56725,-1.58E-35
1.56244,-1.77E-35
1.55762,-1.90E-35
1.55281,-2.03E-35
1.54799,-2.17E-35
1.54318,-2.30E-35
1.53836,-2.43E-35
1.53354,-2.56E-35
1.52873,-2.69E-35
1.52391,-2.82E-35
1.51909,-2.95E-35
1.51427,-3.08E-35
1.50944,-3.21E-35
1.50462,-3.34E-35
1.4998,-3.47E-35
1.49497,-3.59E-35
1.49015,-3.72E-35
1.48532,-3.84E-35
1.4805,-3.97E-35
1.47567,-4.09E-35
1.47084,-4.21E-35
1.46601,-4.34E-35
1.46118,-4.46E-35
1.45635,-4.58E-35
1.45152,-4.69E-35
1.44668,-4.81E-35
1.44185,-4.93E-35
1.43701,-5.04E-35
1.43218,-5.16E-35
1.42734,-5.27E-35
1.4225,-5.38E-35
1.41767,-5.49E-35
1.41283,-5.60E-35
1.40799,-5.71E-35
1.40315,-5.81E-35
1.39831,-5.92E-35
1.39346,-6.02E-35
1.38862,-6.12E-35
1.38378,-6.22E-35
1.37893,-6.32E-35
1.37408,-6.42E-35
1.36924,-6.52E-35
1.36439,-6.61E-35
1.35954,-6.70E-35
1.35469,-6.79E-35
1.34984,-6.88E-35
1.34499,-6.97E-35
1.34014,-7.05E-35
1.33529,-7.14E-35
1.33043,-7.22E-35
1.32558,-7.30E-35
1.32072,-7.37E-35
1.31587,-7.45E-35
1.31101,-7.52E-35
1.30615,-7.59E-35
1.30129,-7.66E-35
1.29643,-7.73E-35
1.29157,-7.80E-35
1.28671,-7.86E-35
1.28185,-7.92E-35
1.27698,-7.98E-35
1.27212,-8.03E-35
1.26725,-8.08E-35
1.26239,-8.14E-35
1.25752,-8.18E-35
1.25265,-8.23E-35
1.24778,-8.27E-35
1.24291,-8.31E-35
1.23804,-8.35E-35
1.23317,-8.39E-35
1.2283,-8.42E-35
1.22343,-8.45E-35
1.21855,-8.48E-35
1.21368,-8.50E-35
1.2088,-8.52E-35
1.20393,-8.54E-35
1.19905,-8.56E-35
1.19417,-8.57E-35
1.18929,-8.58E-35
1.18441,-8.59E-35
1.17953,-8.59E-35
1.17465,-8.60E-35
1.16977,-8.59E-35
1.16488,-8.59E-35
1.16,-8.58E-35
1.15511,-8.57E-35
1.15023,-8.55E-35
1.14534,-8.54E-35
1.14045,-8.51E-35
1.13556,-8.49E-35
1.13067,-8.46E-35
1.12578,-8.43E-35
1.12089,-8.40E-35
1.116,-8.36E-35
1.11111,-8.32E-35
1.10621,-8.27E-35
1.10132,-8.22E-35
1.09642,-8.17E-35
1.09152,-8.11E-35
1.08663,-8.05E-35
1.08173,-7.99E-35
1.07683,-7.92E-35
1.07193,-7.85E-35
1.06703,-7.77E-35
1.06213,-7.69E-35
1.05722,-7.61E-35
1.05232,-7.52E-35
1.04741,-7.43E-35
1.04251,-7.34E-35
1.0376,-7.24E-35
1.03269,-7.13E-35
1.02779,-7.03E-35
1.02288,-6.92E-35
1.01797,-6.80E-35
1.01306,-6.68E-35
1.00814,-6.56E-35
1.00323,-6.43E-35
0.998318,-6.29E-35
0.993404,-6.19E-35
0.988489,-6.16E-35
0.983572,-6.12E-35
0.978655,-6.09E-35
0.973737,-6.05E-35
0.968818,-6.01E-35
0.963898,-5.97E-35
0.958978,-5.93E-35
0.954056,-5.89E-35
0.949134,-5.85E-35
0.94421,-5.80E-35
0.939286,-5.76E-35
0.934361,-5.71E-35
0.929435,-5.66E-35
0.924508,-5.61E-35
0.91958,-5.56E-35
0.914651,-5.51E-35
0.909722,-5.46E-35
0.904791,-5.41E-35
0.89986,-5.35E-35
0.894927,-5.29E-35
0.889994,-5.24E-35
0.88506,-5.18E-35
0.880125,-5.12E-35
0.875189,-5.06E-35
0.870252,-5.00E-35
0.865315,-4.94E-35
0.860376,-4.87E-35
0.855437,-4.81E-35
0.850496,-4.74E-35
0.845555,-4.67E-35
0.840613,-4.61E-35
0.83567,-4.54E-35
0.830726,-4.47E-35
0.825781,-4.40E-35
0.820835,-4.32E-35
0.815889,-4.25E-35
0.810941,-4.18E-35
0.805993,-4.10E-35
0.801043,-4.03E-35
0.796093,-3.95E-35
0.791142,-3.87E-35
0.78619,-3.79E-35
0.781237,-3.71E-35
0.776283,-3.63E-35
0.771328,-3.55E-35
0.766373,-3.46E-35
0.761416,-3.38E-35
0.756459,-3.30E-35
0.7515,-3.21E-35
0.746541,-3.12E-35
0.741581,-3.04E-35
0.73662,-2.95E-35
0.731658,-2.86E-35
0.726695,-2.77E-35
0.721731,-2.68E-35
0.716766,-2.59E-35
0.711801,-2.49E-35
0.706834,-2.40E-35
0.701867,-2.30E-35
0.696899,-2.21E-35
0.69193,-2.11E-35
0.686959,-2.02E-35
0.681988,-1.92E-35
0.677016,-1.82E-35
0.672044,-1.72E-35
0.66707,-1.62E-35
0.662095,-1.52E-35
0.65712,-1.42E-35
0.652143,-1.32E-35
0.647166,-1.22E-35
0.642188,-1.11E-35
0.637208,-1.01E-35
0.632228,-9.03E-36
0.627247,-7.98E-36
0.622265,-6.92E-36
0.617283,-5.85E-36
0.612299,-4.78E-36
0.607314,-3.70E-36
0.602329,-2.61E-36
0.597342,-1.52E-36
0.592355,-4.24E-37
0.587367,6.78E-37
0.582377,1.79E-36
0.577387,2.90E-36
0.572396,4.02E-36
0.567404,5.14E-36
0.562411,6.27E-36
0.557418,7.40E-36
0.552423,8.54E-36
0.547427,9.69E-36
0.542431,1.08E-35
0.537434,1.20E-35
0.532435,1.31E-35
0.527436,1.43E-35
0.522436,1.55E-35
0.517435,1.66E-35
0.512433,1.78E-35
0.50743,1.90E-35
0.502426,2.02E-35
0.497421,2.13E-35
0.492416,2.25E-35
0.487409,2.37E-35
0.482402,2.49E-35
0.477393,2.61E-35
0.472384,2.73E-35
0.467374,2.85E-35
0.462362,2.97E-35
0.45735,3.09E-35
0.452337,3.21E-35
0.447323,3.33E-35
0.442309,3.45E-35
0.437293,3.58E-35
0.432276,3.70E-35
0.427259,3.82E-35
0.42224,3.94E-35
0.417221,4.06E-35
0.4122,4.17E-35
0.407179,4.27E-35
0.402157,4.36E-35
0.397134,4.46E-35
0.39211,4.55E-35
0.387085,4.64E-35
0.382059,4.73E-35
0.377032,4.82E-35
0.372004,4.91E-35
0.366975,5.00E-35
0.361946,5.09E-35
0.356915,5.18E-35
0.351884,5.26E-35
0.346852,5.35E-35
0.341818,5.43E-35
0.336784,5.52E-35
0.331749,5.60E-35
0.326713,5.68E-35
0.321676,5.76E-35
0.316638,5.84E-35
0.311599,5.92E-35
0.306559,5.99E-35
0.301519,6.07E-35
0.296477,6.14E-35
0.291434,6.22E-35
0.286391,6.29E-35
0.281347,6.36E-35
0.276301,6.43E-35
0.271255,6.49E-35
0.266208,6.56E-35
0.26116,6.63E-35
0.256111,6.69E-35
0.251061,6.75E-35
0.24601,6.81E-35
0.240958,6.87E-35
0.235905,6.93E-35
0.230851,6.99E-35
0.225797,7.04E-35
0.220741,7.09E-35
0.215684,7.14E-35
0.210627,7.19E-35
0.205569,7.24E-35
0.200509,7.29E-35
0.195449,7.33E-35
0.190388,7.38E-35
0.185326,7.42E-35
0.180263,7.46E-35
0.175199,7.49E-35
0.170134,7.53E-35
0.165068,7.56E-35
0.160001,7.60E-35
0.154933,7.63E-35
0.149865,7.66E-35
0.144795,7.68E-35
0.139725,7.71E-35
0.134653,7.73E-35
0.129581,7.75E-35
0.124507,7.77E-35
0.119433,7.78E-35
0.114358,7.80E-35
0.109282,7.81E-35
0.104204,7.82E-35
0.0991264,7.83E-35
0.0940474,7.83E-35
0.0889675,7.84E-35
0.0838866,7.84E-35
0.0788048,7.84E-35
0.073722,7.83E-35
0.0686383,7.83E-35
0.0635537,7.82E-35
0.0584681,7.81E-35
0.0533816,7.79E-35
0.0482941,7.78E-35
0.0432057,7.76E-35
0.0381164,7.74E-35
0.0330261,7.72E-35
0.0279348,7.69E-35
0.0228427,7.66E-35
0.0177495,7.63E-35
0.0126555,7.60E-35
0.00756045,7.57E-35
0.00246449,7.53E-35
-0.00263242,7.49E-35
-0.00773027,7.44E-35
-0.0128291,7.40E-35
-0.0179288,7.35E-35
-0.0230295,7.30E-35
-0.0281311,7.24E-35
-0.0332337,7.18E-35
-0.0383373,7.12E-35
-0.0434418,7.06E-35
-0.0485472,7.00E-35
-0.0536536,6.93E-35
-0.0587609,6.85E-35
-0.0638692,6.78E-35
-0.0689784,6.70E-35
-0.0740886,6.62E-35
-0.0791997,6.54E-35
-0.0843118,6.45E-35
-0.0894248,6.36E-35
-0.0945388,6.27E-35
-0.0996537,6.17E-35
-0.10477,6.07E-35
-0.109886,5.97E-35
-0.115004,5.87E-35
-0.120123,5.76E-35
-0.125243,5.65E-35
-0.130363,5.53E-35
-0.135485,5.41E-35
-0.140607,5.29E-35
-0.145731,5.17E-35
-0.150855,5.04E-35
-0.155981,4.91E-35
-0.161107,4.77E-35
-0.166235,4.63E-35
-0.171363,4.49E-35
-0.176492,4.35E-35
-0.181622,4.24E-35
-0.186753,4.18E-35
-0.191885,4.12E-35
-0.197019,4.05E-35
-0.202153,3.99E-35
-0.207288,3.92E-35
-0.212423,3.86E-35
-0.21756,3.79E-35
-0.222698,3.73E-35
-0.227837,3.66E-35
-0.232977,3.59E-35
-0.238118,3.52E-35
-0.243259,3.45E-35
-0.248402,3.38E-35
-0.253545,3.31E-35
-0.25869,3.24E-35
-0.263836,3.16E-35
-0.268982,3.09E-35
-0.27413,3.02E-35
-0.279278,2.94E-35
-0.284427,2.87E-35
-0.289578,2.79E-35
-0.294729,2.72E-35
-0.299881,2.64E-35
-0.305034,2.56E-35
-0.310189,2.48E-35
-0.315344,2.40E-35
-0.3205,2.33E-35
-0.325657,2.25E-35
-0.330815,2.16E-35
-0.335974,2.08E-35
-0.341134,2.00E-35
-0.346295,1.92E-35
-0.351457,1.84E-35
-0.35662,1.76E-35
-0.361784,1.67E-35
-0.366949,1.59E-35
-0.372114,1.51E-35
-0.377281,1.42E-35
-0.382449,1.34E-35
-0.387617,1.25E-35
-0.392787,1.17E-35
-0.397958,1.08E-35
-0.403129,9.94E-36
-0.408302,9.08E-36
-0.413475,8.21E-36
-0.41865,7.34E-36
-0.423825,6.46E-36
-0.429002,5.59E-36
-0.434179,4.71E-36
-0.439358,3.83E-36
-0.444537,2.95E-36
-0.449717,2.06E-36
-0.454899,1.18E-36
-0.460081,2.86E-37
-0.465264,-6.04E-37
-0.470449,-1.50E-36
-0.475634,-2.39E-36
-0.48082,-3.28E-36
-0.486007,-4.18E-36
-0.491195,-5.07E-36
-0.496384,-5.97E-36
-0.501574,-6.87E-36
-0.506765,-7.76E-36
-0.511957,-8.66E-36
-0.51715,-9.56E-36
-0.522344,-1.05E-35
-0.527539,-1.14E-35
-0.532735,-1.23E-35
-0.537932,-1.32E-35
-0.54313,-1.40E-35
-0.548329,-1.49E-35
-0.553529,-1.58E-35
-0.55873,-1.67E-35
-0.563932,-1.76E-35
-0.569134,-1.85E-35
-0.574338,-1.94E-35
-0.579543,-2.03E-35
-0.584749,-2.12E-35
-0.589955,-2.21E-35
-0.595163,-2.29E-35
-0.600372,-2.38E-35
-0.605581,-2.47E-35
-0.610792,-2.56E-35
-0.616004,-2.64E-35
-0.621216,-2.73E-35
-0.62643,-2.82E-35
-0.631644,-2.90E-35
-0.63686,-2.99E-35
-0.642076,-3.07E-35
-0.647294,-3.16E-35
-0.652512,-3.24E-35
-0.657732,-3.33E-35
-0.662952,-3.41E-35
-0.668174,-3.50E-35
-0.673396,-3.58E-35
-0.67862,-3.66E-35
-0.683844,-3.74E-35
-0.68907,-3.82E-35
-0.694296,-3.90E-35
-0.699523,-3.99E-35
-0.704752,-4.07E-35
-0.709981,-4.14E-35
-0.715211,-4.22E-35
-0.720443,-4.30E-35
-0.725675,-4.38E-35
-0.730908,-4.45E-35
-0.736143,-4.53E-35
-0.741378,-4.61E-35
-0.746614,-4.68E-35
-0.751852,-4.75E-35
-0.75709,-4.83E-35
-0.762329,-4.90E-35
-0.767569,-4.97E-35
-0.772811,-5.04E-35
-0.778053,-5.11E-35
-0.783296,-5.18E-35
-0.78854,-5.25E-35
-0.793785,-5.32E-35
-0.799032,-5.38E-35
-0.804279,-5.45E-35
-0.809527,-5.51E-35
-0.814776,-5.58E-35
-0.820026,-5.64E-35
-0.825278,-5.70E-35
-0.83053,-5.76E-35
-0.835783,-5.82E-35
-0.841037,-5.88E-35
-0.846292,-5.93E-35
-0.851548,-5.99E-35
-0.856806,-6.05E-35
-0.862064,-6.10E-35
-0.867323,-6.15E-35
-0.872583,-6.20E-35
-0.877844,-6.25E-35
-0.883106,-6.30E-35
-0.88837,-6.35E-35
-0.893634,-6.40E-35
-0.898899,-6.44E-35
-0.904165,-6.49E-35
-0.909432,-6.53E-35
-0.9147,-6.57E-35
-0.919969,-6.61E-35
-0.92524,-6.65E-35
-0.930511,-6.69E-35
-0.935783,-6.73E-35
-0.941056,-6.76E-35
-0.94633,-6.80E-35
-0.951605,-6.83E-35
-0.956882,-6.86E-35
-0.962159,-6.89E-35
-0.967437,-6.92E-35
-0.972716,-6.95E-35
-0.977996,-6.97E-35
-0.983277,-7.00E-35
-0.98856,-7.02E-35
-0.993843,-7.04E-35
-0.999127,-7.06E-35
-1.00441,-7.08E-35
-1.0097,-7.09E-35
-1.01499,-7.11E-35
-1.02027,-7.12E-35
-1.02556,-7.13E-35
-1.03085,-7.14E-35
-1.03614,-7.15E-35
-1.04144,-7.16E-35
-1.04673,-7.16E-35
-1.05202,-7.16E-35
-1.05732,-7.16E-35
-1.06262,-7.16E-35
-1.06791,-7.16E-35
-1.07321,-7.16E-35
-1.07851,-7.15E-35
-1.08381,-7.14E-35
-1.08911,-7.13E-35
-1.09442,-7.12E-35
-1.09972,-7.11E-35
-1.10502,-7.10E-35
-1.11033,-7.08E-35
-1.11563,-7.06E-35
-1.12094,-7.04E-35
-1.12625,-7.02E-35
-1.13156,-6.99E-35
-1.13687,-6.96E-35
-1.14218,-6.94E-35
-1.14749,-6.90E-35
-1.15281,-6.87E-35
-1.15812,-6.84E-35
-1.16344,-6.80E-35
-1.16875,-6.76E-35
-1.17407,-6.72E-35
-1.17939,-6.68E-35
-1.18471,-6.63E-35
-1.19003,-6.58E-35
-1.19535,-6.53E-35
-1.20068,-6.48E-35
-1.206,-6.43E-35
-1.21132,-6.37E-35
-1.21665,-6.31E-35
-1.22198,-6.25E-35
-1.2273,-6.19E-35
-1.23263,-6.13E-35
-1.23796,-6.06E-35
-1.24329,-5.99E-35
-1.24863,-5.92E-35
-1.25396,-5.84E-35
-1.25929,-5.76E-35
-1.26463,-5.69E-35
-1.26996,-5.60E-35
-1.2753,-5.52E-35
-1.28064,-5.43E-35
-1.28598,-5.34E-35
-1.29132,-5.25E-35
-1.29666,-5.16E-35
-1.302,-5.06E-35
-1.30734,-4.96E-35
-1.31269,-4.86E-35
-1.31803,-4.76E-35
-1.32338,-4.65E-35
-1.32873,-4.54E-35
-1.33407,-4.43E-35
-1.33942,-4.32E-35
-1.34477,-4.20E-35
-1.35013,-4.08E-35
-1.35548,-3.96E-35
-1.36083,-3.84E-35
-1.36619,-3.71E-35
-1.37154,-3.58E-35
-1.3769,-3.45E-35
-1.38226,-3.31E-35
-1.38761,-3.17E-35
-1.39297,-3.03E-35
-1.39833,-2.89E-35
-1.4037,-2.74E-35
-1.40906,-2.64E-35
-1.41442,-2.57E-35
-1.41979,-2.49E-35
-1.42515,-2.42E-35
-1.43052,-2.34E-35
-1.43589,-2.26E-35
-1.44126,-2.18E-35
-1.44663,-2.11E-35
-1.452,-2.03E-35
-1.45737,-1.95E-35
-1.46274,-1.87E-35
-1.46812,-1.79E-35
-1.47349,-1.71E-35
-1.47887,-1.63E-35
-1.48424,-1.54E-35
-1.48962,-1.46E-35
-1.495,-1.38E-35
-1.50038,-1.30E-35
-1.50576,-1.22E-35
-1.51114,-1.13E-35
-1.51653,-1.05E-35
-1.52191,-9.65E-36
-1.5273,-8.81E-36
-1.53268,-7.97E-36
-1.53807,-7.13E-36
-1.54346,-6.28E-36
-1.54885,-5.43E-36
-1.55424,-4.58E-36
-1.55963,-3.73E-36
-1.56503,-2.87E-36
-1.57042,-2.01E-36
-1.57581,-1.16E-36
-1.58121,-2.98E-37
-1.58661,5.62E-37
-1.592,1.42E-36
-1.5974,2.29E-36
-1.6028,3.15E-36
-1.6082,4.01E-36
-1.61361,4.87E-36
-1.61901,5.74E-36
-1.62441,6.60E-36
-1.62982,7.46E-36
-1.63523,8.33E-36
-1.64063,9.19E-36
-1.64604,1.01E-35
-1.65145,1.09E-35
-1.65686,1.18E-35
-1.66227,1.26E-35
-1.66769,1.35E-35
-1.6731,1.43E-35
-1.67851,1.52E-35
-1.68393,1.61E-35
-1.68935,1.69E-35
-1.69476,1.78E-35
-1.70018,1.86E-35
-1.7056,1.95E-35
-1.71102,2.03E-35
-1.71645,2.11E-35
-1.72187,2.20E-35
-1.72729,2.28E-35
-1.73272,2.36E-35
-1.73814,2.45E-35
-1.74357,2.53E-35
-1.749,2.61E-35
-1.75443,2.69E-35
-1.75986,2.77E-35
-1.76529,2.85E-35
-1.77072,2.93E-35
-1.77616,3.01E-35
-1.78159,3.09E-35
-1.78703,3.17E-35
-1.79246,3.25E-35
-1.7979,3.33E-35
-1.80334,3.41E-35
-1.80878,3.48E-35
-1.81422,3.56E-35
-1.81966,3.63E-35
-1.82511,3.71E-35
-1.83055,3.78E-35
-1.836,3.86E-35
-1.84144,3.93E-35
-1.84689,4.00E-35
-1.85234,4.07E-35
-1.85779,4.14E-35
-1.86324,4.21E-35
-1.86869,4.28E-35
-1.87414,4.35E-35
-1.8796,4.42E-35
-1.88505,4.49E-35
-1.89051,4.55E-35
-1.89596,4.62E-35
-1.90142,4.68E-35
-1.90688,4.75E-35
-1.91234,4.81E-35
-1.9178,4.87E-35
-1.92326,4.93E-35
-1.92873,4.99E-35
-1.93419,5.05E-35
-1.93966,5.11E-35
-1.94512,5.16E-35
-1.95059,5.22E-35
-1.95606,5.27E-35
-1.96153,5.33E-35
-1.967,5.38E-35
-1.97247,5.43E-35
-1.97794,5.48E-35
-1.98342,5.53E-35
-1.98889,5.58E-35
-1.99437,5.63E-35
-1.99985,5.67E-35
-2.00533,5.72E-35
-2.0108,5.76E-35
-2.01628,5.80E-35
-2.02177,5.84E-35
-2.02725,5.88E-35
-2.03273,5.92E-35
-2.03822,5.96E-35
-2.0437,6.00E-35
-2.04919,6.05E-35
-2.05468,6.09E-35
-2.06017,6.14E-35
-2.06566,6.18E-35
-2.07115,6.23E-35
-2.07664,6.27E-35
-2.08213,6.31E-35
-2.08763,6.35E-35
-2.09312,6.39E-35
-2.09862,6.43E-35
-2.10412,6.46E-35
-2.10961,6.50E-35
-2.11511,6.53E-35
-2.12061,6.57E-35
-2.12612,6.60E-35
-2.13162,6.63E-35
-2.13712,6.66E-35
-2.14263,6.69E-35
-2.14813,6.72E-35
-2.15364,6.74E-35
-2.15915,6.77E-35
-2.16466,6.79E-35
-2.17017,6.82E-35
-2.17568,6.84E-35
-2.18119,6.86E-35
-2.18671,6.87E-35
-2.19222,6.89E-35
-2.19774,6.91E-35
-2.20325,6.92E-35
-2.20877,6.94E-35
-2.21429,6.95E-35
-2.21981,6.96E-35
-2.22533,6.97E-35
-2.23086,6.97E-35
-2.23638,6.98E-35
-2.2419,6.99E-35
-2.24743,6.99E-35
-2.25296,6.99E-35
-2.25848,6.99E-35
-2.26401,6.99E-35
-2.26954,6.99E-35
-2.27507,6.98E-35
-2.28061,6.98E-35
-2.28614,6.97E-35
-2.29167,6.96E-35
-2.29721,6.95E-35
-2.30274,6.94E-35
-2.30828,6.92E-35
-2.31382,6.91E-35
-2.31936,6.89E-35
-2.3249,6.87E-35
-2.33044,6.85E-35
-2.33599,6.83E-35
-2.34153,6.81E-35
-2.34708,6.78E-35
-2.35262,6.76E-35
-2.35817,6.73E-35
-2.36372,6.70E-35
-2.36927,6.67E-35
-2.37482,6.63E-35
-2.38037,6.60E-35
-2.38592,6.56E-35
-2.39148,6.52E-35
-2.39703,6.48E-35
-2.40259,6.44E-35
-2.40814,6.39E-35
-2.4137,6.34E-35
-2.41926,6.30E-35
-2.42482,6.25E-35
-2.43038,6.19E-35
-2.43595,6.14E-35
-2.44151,6.08E-35
-2.44707,6.03E-35
-2.45264,5.97E-35
-2.45821,5.91E-35
-2.46378,5.84E-35
-2.46934,5.78E-35
-2.47491,5.71E-35
-2.48049,5.64E-35
-2.48606,5.57E-35
-2.49163,5.49E-35
-2.49721,5.42E-35
-2.50278,5.34E-35
-2.50836,5.26E-35
-2.51394,5.18E-35
-2.51952,5.10E-35
-2.5251,5.01E-35
-2.53068,4.92E-35
-2.53626,4.83E-35
-2.54184,4.74E-35
-2.54743,4.65E-35
-2.55301,4.55E-35
-2.5586,4.45E-35
-2.56419,4.35E-35
-2.56978,4.25E-35
-2.57537,4.14E-35
-2.58096,4.04E-35
-2.58655,3.93E-35
-2.59215,3.81E-35
-2.59774,3.70E-35
-2.60334,3.58E-35
-2.60893,3.47E-35
-2.61453,3.35E-35
-2.62013,3.22E-35
-2.62573,3.10E-35
-2.63133,2.97E-35
-2.63693,2.84E-35
-2.64254,2.71E-35
-2.64814,2.57E-35
-2.65375,2.44E-35
-2.65935,2.30E-35
-2.66496,2.16E-35
-2.67057,2.01E-35
-2.67618,1.87E-35
-2.68179,1.72E-35
-2.6874,1.57E-35
-2.69302,1.47E-35
-2.69863,1.38E-35
-2.70425,1.30E-35
-2.70986,1.21E-35
-2.71548,1.12E-35
-2.7211,1.03E-35
-2.72672,9.46E-36
-2.73234,8.57E-36
-2.73797,7.68E-36
-2.74359,6.79E-36
-2.74921,5.90E-36
-2.75484,5.00E-36
-2.76047,4.10E-36
-2.76609,3.20E-36
-2.77172,2.29E-36
-2.77735,1.39E-36
-2.78298,4.78E-37
-2.78862,-4.31E-37
-2.79425,-1.34E-36
-2.79988,-2.25E-36
-2.80552,-3.17E-36
-2.81116,-4.08E-36
-2.81679,-4.99E-36
-2.82243,-5.91E-36
-2.82807,-6.82E-36
-2.83372,-7.74E-36
-2.83936,-8.65E-36
-2.845,-9.57E-36
-2.85065,-1.05E-35
-2.85629,-1.14E-35
-2.86194,-1.23E-35
-2.86759,-1.32E-35
-2.87324,-1.41E-35
-2.87889,-1.50E-35
-2.88454,-1.60E-35
-2.89019,-1.69E-35
-2.89584,-1.78E-35
-2.9015,-1.87E-35
-2.90716,-1.96E-35
-2.91281,-2.05E-35
-2.91847,-2.14E-35
-2.92413,-2.23E-35
-2.92979,-2.32E-35
-2.93545,-2.41E-35
-2.94111,-2.49E-35
-2.94678,-2.58E-35
-2.95244,-2.67E-35
-2.95811,-2.76E-35
-2.96378,-2.85E-35
-2.96944,-2.93E-35
-2.97511,-3.02E-35
-2.98078,-3.10E-35
-2.98646,-3.19E-35
-2.99213,-3.28E-35
-2.9978,-3.36E-35
-3.00348,-3.44E-35
-3.00915,-3.53E-35
-3.01483,-3.61E-35
-3.02051,-3.69E-35
-3.02619,-3.77E-35
-3.03187,-3.86E-35
-3.03755,-3.94E-35
-3.04324,-4.02E-35
-3.04892,-4.10E-35
-3.05461,-4.18E-35
-3.06029,-4.25E-35
-3.06598,-4.33E-35
-3.07167,-4.41E-35
-3.07736,-4.48E-35
-3.08305,-4.56E-35
-3.08874,-4.63E-35
-3.09443,-4.71E-35
-3.10013,-4.78E-35
-3.10582,-4.85E-35
-3.11152,-4.92E-35
-3.11722,-4.99E-35
-3.12292,-5.06E-35
-3.12862,-5.13E-35
-3.13432,-5.20E-35
-3.14002,-5.26E-35
-3.14572,-5.33E-35
-3.15143,-5.39E-35
-3.15714,-5.46E-35
-3.16284,-5.52E-35
-3.16855,-5.58E-35
-3.17426,-5.64E-35
-3.17997,-5.70E-35
-3.18568,-5.76E-35
-3.19139,-5.82E-35
-3.19711,-5.87E-35
-3.20282,-5.93E-35
-3.20854,-5.98E-35
-3.21426,-6.03E-35
-3.21997,-6.08E-35
-3.22569,-6.13E-35
-3.23141,-6.18E-35
-3.23714,-6.23E-35
-3.24286,-6.27E-35
-3.24858,-6.32E-35
-3.25431,-6.36E-35
-3.26003,-6.40E-35
-3.26576,-6.45E-35
-3.27149,-6.48E-35
-3.27722,-6.52E-35
-3.28295,-6.56E-35
-3.28868,-6.59E-35
-3.29442,-6.63E-35
-3.30015,-6.66E-35
-3.30589,-6.69E-35
-3.31162,-6.72E-35
-3.31736,-6.75E-35
-3.3231,-6.77E-35
-3.32884,-6.80E-35
-3.33458,-6.82E-35
-3.34032,-6.84E-35
-3.34607,-6.86E-35
-3.35181,-6.88E-35
-3.35756,-6.91E-35
-3.36331,-6.95E-35
-3.36905,-6.98E-35
-3.3748,-7.01E-35
-3.38055,-7.04E-35
-3.38631,-7.08E-35
-3.39206,-7.10E-35
-3.39781,-7.13E-35
-3.40357,-7.16E-35
-3.40932,-7.18E-35
-3.41508,-7.21E-35
-3.42084,-7.23E-35
-3.4266,-7.25E-35
-3.43236,-7.28E-35
-3.43812,-7.29E-35
-3.44389,-7.31E-35
-3.44965,-7.33E-35
-3.45542,-7.35E-35
-3.46118,-7.36E-35
-3.46695,-7.37E-35
-3.47272,-7.38E-35
-3.47849,-7.40E-35
-3.48426,-7.40E-35
-3.49003,-7.41E-35
-3.49581,-7.42E-35
-3.50158,-7.42E-35
-3.50736,-7.43E-35
-3.51314,-7.43E-35
-3.51891,-7.43E-35
-3.52469,-7.43E-35
-3.53047,-7.43E-35
-3.53626,-7.42E-35
-3.54204,-7.42E-35
-3.54782,-7.41E-35
-3.55361,-7.40E-35
-3.5594,-7.39E-35
-3.56518,-7.38E-35
-3.57097,-7.37E-35
-3.57676,-7.36E-35
-3.58255,-7.34E-35
-3.58835,-7.32E-35
-3.59414,-7.31E-35
-3.59993,-7.29E-35
-3.60573,-7.26E-35
-3.61153,-7.24E-35
-3.61732,-7.22E-35
-3.62312,-7.19E-35
-3.62892,-7.16E-35
-3.63473,-7.13E-35
-3.64053,-7.10E-35
-3.64633,-7.07E-35
-3.65214,-7.03E-35
-3.65794,-7.00E-35
-3.66375,-6.96E-35
-3.66956,-6.92E-35
-3.67537,-6.88E-35
-3.68118,-6.83E-35
-3.68699,-6.79E-35
-3.69281,-6.74E-35
-3.69862,-6.69E-35
-3.70444,-6.64E-35
-3.71025,-6.59E-35
-3.71607,-6.54E-35
-3.72189,-6.48E-35
-3.72771,-6.43E-35
-3.73353,-6.37E-35
-3.73936,-6.31E-35
-3.74518,-6.24E-35
-3.75101,-6.18E-35
-3.75683,-6.11E-35
-3.76266,-6.04E-35
-3.76849,-5.97E-35
-3.77432,-5.90E-35
-3.78015,-5.83E-35
-3.78598,-5.75E-35
-3.79181,-5.68E-35
-3.79765,-5.60E-35
-3.80348,-5.52E-35
-3.80932,-5.43E-35
-3.81516,-5.35E-35
-3.821,-5.26E-35
-3.82684,-5.17E-35
-3.83268,-5.08E-35
-3.83852,-4.99E-35
-3.84437,-4.89E-35
-3.85021,-4.80E-35
-3.85606,-4.70E-35
-3.86191,-4.60E-35
-3.86776,-4.49E-35
-3.87361,-4.39E-35
-3.87946,-4.28E-35
-3.88531,-4.17E-35
-3.89116,-4.06E-35
-3.89702,-3.95E-35
-3.90287,-3.83E-35
-3.90873,-3.72E-35
-3.91459,-3.60E-35
-3.92045,-3.48E-35
-3.92631,-3.35E-35
-3.93217,-3.23E-35
-3.93803,-3.10E-35
-3.9439,-2.97E-35
-3.94976,-2.84E-35
-3.95563,-2.71E-35
-3.9615,-2.57E-35
-3.96737,-2.43E-35
-3.97324,-2.29E-35
-3.97911,-2.15E-35
-3.98498,-2.00E-35
-3.99085,-1.86E-35
-3.99673,-1.71E-35
-4.0026,-1.56E-35
-4.00848,-1.40E-35
-4.01436,-1.25E-35
-4.02024,-1.09E-35
-4.02612,-9.30E-36
-4.032,-7.68E-36
-4.03789,-6.68E-36
-4.04377,-5.68E-36
-4.04966,-4.67E-36
-4.05554,-3.67E-36
-4.06143,-2.66E-36
-4.06732,-1.65E-36
-4.07321,-6.37E-37
-4.0791,3.77E-37
-4.08499,1.39E-36
-4.09089,2.41E-36
-4.09678,3.43E-36
-4.10268,4.45E-36
-4.10858,5.48E-36
-4.11448,6.50E-36
-4.12038,7.52E-36
-4.12628,8.55E-36
-4.13218,9.57E-36
-4.13808,1.06E-35
-4.14399,1.16E-35
-4.14989,1.26E-35
-4.1558,1.37E-35
-4.16171,1.47E-35
-4.16762,1.57E-35
-4.17353,1.67E-35
-4.17944,1.78E-35
-4.18535,1.88E-35
-4.19127,1.98E-35
-4.19718,2.08E-35
-4.2031,2.18E-35
-4.20902,2.29E-35
-4.21494,2.39E-35
-4.22086,2.49E-35
-4.22678,2.59E-35
-4.2327,2.69E-35
-4.23863,2.79E-35
-4.24455,2.89E-35
-4.25048,2.99E-35
-4.25641,3.09E-35
-4.26233,3.19E-35
-4.26826,3.29E-35
-4.2742,3.39E-35
-4.28013,3.48E-35
-4.28606,3.58E-35
-4.292,3.68E-35
-4.29793,3.78E-35
-4.30387,3.87E-35
-4.30981,3.97E-35
-4.31575,4.06E-35
-4.32169,4.16E-35
-4.32763,4.25E-35
-4.33357,4.34E-35
-4.33952,4.44E-35
-4.34546,4.53E-35
-4.35141,4.62E-35
-4.35736,4.71E-35
-4.36331,4.80E-35
-4.36926,4.89E-35
-4.37521,4.98E-35
-4.38116,5.07E-35
-4.38712,5.15E-35
-4.39307,5.24E-35
-4.39903,5.33E-35
-4.40499,5.41E-35
-4.41095,5.50E-35
-4.41691,5.58E-35
-4.42287,5.66E-35
-4.42883,5.74E-35
-4.4348,5.82E-35
-4.44076,5.90E-35
-4.44673,5.98E-35
-4.45269,6.06E-35
-4.45866,6.14E-35
-4.46463,6.21E-35
-4.4706,6.29E-35
-4.47658,6.36E-35
-4.48255,6.43E-35
-4.48853,6.50E-35
-4.4945,6.57E-35
-4.50048,6.64E-35
-4.50646,6.71E-35
-4.51244,6.78E-35
-4.51842,6.84E-35
-4.5244,6.91E-35
-4.53038,6.97E-35
-4.53637,7.03E-35
-4.54235,7.09E-35
-4.54834,7.15E-35
-4.55433,7.21E-35
-4.56032,7.27E-35
-4.56631,7.32E-35
-4.5723,7.37E-35
-4.57829,7.43E-35
-4.58429,7.48E-35
-4.59029,7.53E-35
-4.59628,7.58E-35
-4.60228,7.62E-35
-4.60828,7.67E-35
-4.61428,7.71E-35
-4.62028,7.75E-35
-4.62628,7.79E-35
-4.63229,7.83E-35
-4.63829,7.87E-35
-4.6443,7.90E-35
-4.65031,7.94E-35
-4.65632,7.97E-35
-4.66233,8.00E-35
-4.66834,8.03E-35
-4.67435,8.06E-35
-4.68037,8.08E-35
-4.68638,8.11E-35
-4.6924,8.13E-35
-4.69842,8.15E-35
-4.70444,8.17E-35
-4.71046,8.18E-35
-4.71648,8.20E-35
-4.7225,8.21E-35
-4.72852,8.22E-35
-4.73455,8.25E-35
-4.74058,8.28E-35
-4.7466,8.31E-35
-4.75263,8.34E-35
-4.75866,8.37E-35
-4.76469,8.39E-35
-4.77073,8.42E-35
-4.77676,8.44E-35
-4.78279,8.46E-35
-4.78883,8.48E-35
-4.79487,8.50E-35
-4.80091,8.52E-35
-4.80695,8.53E-35
-4.81299,8.55E-35
-4.81903,8.56E-35
-4.82507,8.57E-35
-4.83112,8.58E-35
-4.83717,8.59E-35
-4.84321,8.60E-35
-4.84926,8.60E-35
-4.85531,8.61E-35
-4.86136,8.61E-35
-4.86741,8.61E-35
-4.87347,8.61E-35
-4.87952,8.61E-35
-4.88558,8.61E-35
-4.89164,8.60E-35
-4.89769,8.59E-35
-4.90375,8.59E-35
-4.90982,8.58E-35
-4.91588,8.56E-35
-4.92194,8.55E-35
-4.92801,8.54E-35
-4.93407,8.52E-35
-4.94014,8.50E-35
-4.94621,8.48E-35
-4.95228,8.46E-35
-4.95835,8.44E-35
-4.96442,8.41E-35
-4.97049,8.39E-35
-4.97657,8.36E-35
-4.98264,8.33E-35
-4.98872,8.30E-35
-4.9948,8.27E-35
-5.00088,8.23E-35
-5.00696,8.19E-35
-5.01304,8.16E-35
-5.01913,8.12E-35
-5.02521,8.07E-35
-5.0313,8.03E-35
-5.03738,7.98E-35
-5.04347,7.94E-35
-5.04956,7.89E-35
-5.05565,7.84E-35
-5.06175,7.78E-35
-5.06784,7.73E-35
-5.07393,7.67E-35
-5.08003,7.61E-35
-5.08613,7.55E-35
-5.09223,7.49E-35
-5.09832,7.42E-35
-5.10443,7.36E-35
-5.11053,7.29E-35
-5.11663,7.22E-35
-5.12274,7.14E-35
-5.12884,7.07E-35
-5.13495,6.99E-35
-5.14106,6.92E-35
-5.14717,6.83E-35
-5.15328,6.75E-35
-5.15939,6.67E-35
-5.1655,6.58E-35
-5.17162,6.49E-35
-5.17773,6.40E-35
-5.18385,6.31E-35
-5.18997,6.21E-35
-5.19609,6.12E-35
-5.20221,6.02E-35
-5.20833,5.92E-35
-5.21446,5.81E-35
-5.22058,5.71E-35
-5.22671,5.60E-35
-5.23284,5.49E-35
-5.23896,5.38E-35
-5.24509,5.27E-35
-5.25122,5.15E-35
-5.25736,5.03E-35
-5.26349,4.91E-35
-5.26963,4.79E-35
-5.27576,4.66E-35
-5.2819,4.54E-35
-5.28804,4.41E-35
-5.29418,4.28E-35
-5.30032,4.14E-35
-5.30646,4.01E-35
-5.31261,3.87E-35
-5.31875,3.73E-35
-5.3249,3.58E-35
-5.33104,3.44E-35
-5.33719,3.29E-35
-5.34334,3.14E-35
-5.34949,2.99E-35
-5.35565,2.84E-35
-5.3618,2.68E-35
-5.36796,2.52E-35
-5.37411,2.36E-35
-5.38027,2.20E-35
-5.38643,2.03E-35
-5.39259,1.86E-35
-5.39875,1.69E-35
-5.40491,1.52E-35
-5.41108,1.34E-35
-5.41724,1.16E-35
-5.42341,9.84E-36
-5.42958,8.01E-36
-5.43575,6.16E-36
-5.44192,4.40E-36
-5.44809,3.20E-36
-5.45426,1.99E-36
-5.46043,7.85E-37
-5.46661,-4.26E-37
-5.47279,-1.64E-36
-5.47896,-2.86E-36
-5.48514,-4.07E-36
-5.49132,-5.30E-36
-5.49751,-6.52E-36
-5.50369,-7.74E-36
-5.50987,-8.97E-36
-5.51606,-1.02E-35
-5.52225,-1.14E-35
-5.52843,-1.27E-35
-5.53462,-1.39E-35
-5.54081,-1.51E-35
-5.54701,-1.64E-35
-5.5532,-1.76E-35
-5.55939,-1.88E-35
-5.56559,-2.01E-35
-5.57179,-2.13E-35
-5.57798,-2.25E-35
-5.58418,-2.38E-35
-5.59038,-2.50E-35
-5.59659,-2.62E-35
-5.60279,-2.74E-35
-5.60899,-2.87E-35
-5.6152,-2.99E-35
-5.62141,-3.11E-35
-5.62762,-3.23E-35
-5.63383,-3.36E-35
-5.64004,-3.48E-35
-5.64625,-3.60E-35
-5.65246,-3.72E-35
-5.65868,-3.84E-35
-5.66489,-3.96E-35
-5.67111,-4.08E-35
-5.67733,-4.20E-35
-5.68355,-4.32E-35
-5.68977,-4.44E-35
-5.69599,-4.56E-35
-5.70222,-4.68E-35
-5.70844,-4.80E-35
-5.71467,-4.91E-35
-5.7209,-5.03E-35
-5.72713,-5.15E-35
-5.73336,-5.26E-35
-5.73959,-5.38E-35
-5.74582,-5.49E-35
-5.75206,-5.60E-35
-5.75829,-5.72E-35
-5.76453,-5.83E-35
-5.77077,-5.94E-35
-5.77701,-6.05E-35
-5.78325,-6.16E-35
-5.78949,-6.27E-35
-5.79573,-6.38E-35
-5.80198,-6.49E-35
-5.80822,-6.59E-35
-5.81447,-6.70E-35
-5.82072,-6.80E-35
-5.82697,-6.91E-35
-5.83322,-7.01E-35
-5.83947,-7.11E-35
-5.84572,-7.22E-35
-5.85198,-7.32E-35
-5.85823,-7.41E-35
-5.86449,-7.51E-35
-5.87075,-7.61E-35
-5.87701,-7.71E-35
-5.88327,-7.80E-35
-5.88953,-7.90E-35
-5.8958,-7.99E-35
-5.90206,-8.08E-35
-5.90833,-8.17E-35
-5.9146,-8.26E-35
-5.92087,-8.35E-35
-5.92714,-8.43E-35
-5.93341,-8.52E-35
-5.93968,-8.60E-35
-5.94595,-8.68E-35
-5.95223,-8.77E-35
-5.95851,-8.85E-35
-5.96478,-8.92E-35
-5.97106,-9.00E-35
-5.97734,-9.08E-35
-5.98363,-9.15E-35
-5.98991,-9.22E-35
-5.99619,-9.29E-35
-6.00248,-9.36E-35
-6.00877,-9.43E-35
-6.01506,-9.50E-35
-6.02134,-9.56E-35
-6.02764,-9.62E-35
-6.03393,-9.68E-35
-6.04022,-9.74E-35
-6.04652,-9.80E-35
-6.05281,-9.86E-35
-6.05911,-9.91E-35
-6.06541,-9.96E-35
-6.07171,-1.00E-34
-6.07801,-1.01E-34
-6.08431,-1.01E-34
-6.09062,-1.02E-34
-6.09692,-1.02E-34
-6.10323,-1.02E-34
-6.10954,-1.03E-34
-6.11585,-1.03E-34
-6.12216,-1.04E-34
-6.12847,-1.04E-34
-6.13478,-1.04E-34
-6.1411,-1.04E-34
-6.14741,-1.05E-34
-6.15373,-1.05E-34
-6.16005,-1.05E-34
-6.16637,-1.05E-34
-6.17269,-1.06E-34
-6.17901,-1.06E-34
-6.18533,-1.06E-34
-6.19166,-1.07E-34
-6.19798,-1.07E-34
-6.20431,-1.08E-34
-6.21064,-1.08E-34
-6.21697,-1.08E-34
-6.2233,-1.09E-34
-6.22963,-1.09E-34
-6.23597,-1.09E-34
-6.2423,-1.10E-34
-6.24864,-1.10E-34
-6.25498,-1.10E-34
-6.26132,-1.10E-34
-6.26766,-1.11E-34
-6.274,-1.11E-34
-6.28034,-1.11E-34
-6.28669,-1.11E-34
-6.29303,-1.11E-34
-6.29938,-1.12E-34
-6.30573,-1.12E-34
-6.31208,-1.12E-34
-6.31843,-1.12E-34
-6.32478,-1.12E-34
-6.33114,-1.12E-34
-6.33749,-1.12E-34
-6.34385,-1.12E-34
-6.3502,-1.12E-34
-6.35656,-1.12E-34
-6.36292,-1.12E-34
-6.36928,-1.12E-34
-6.37565,-1.12E-34
-6.38201,-1.12E-34
-6.38838,-1.12E-34
-6.39474,-1.12E-34
-6.40111,-1.12E-34
-6.40748,-1.12E-34
-6.41385,-1.11E-34
-6.42022,-1.11E-34
-6.4266,-1.11E-34
-6.43297,-1.11E-34
-6.43935,-1.11E-34
-6.44572,-1.10E-34
-6.4521,-1.10E-34
-6.45848,-1.10E-34
-6.46486,-1.09E-34
-6.47125,-1.09E-34
-6.47763,-1.09E-34
-6.48402,-1.08E-34
-6.4904,-1.08E-34
-6.49679,-1.08E-34
-6.50318,-1.07E-34
-6.50957,-1.07E-34
-6.51596,-1.06E-34
-6.52235,-1.06E-34
-6.52875,-1.05E-34
-6.53514,-1.05E-34
-6.54154,-1.04E-34
-6.54794,-1.04E-34
-6.55434,-1.03E-34
-6.56074,-1.02E-34
-6.56714,-1.02E-34
-6.57355,-1.01E-34
-6.57995,-1.00E-34
-6.58636,-9.96E-35
-6.59277,-9.89E-35
-6.59917,-9.82E-35
-6.60558,-9.74E-35
-6.612,-9.66E-35
-6.61841,-9.58E-35
-6.62482,-9.50E-35
-6.63124,-9.41E-35
-6.63766,-9.32E-35
-6.64407,-9.23E-35
-6.65049,-9.14E-35
-6.65691,-9.05E-35
-6.66334,-8.95E-35
-6.66976,-8.85E-35
-6.67618,-8.75E-35
-6.68261,-8.64E-35
-6.68904,-8.54E-35
-6.69547,-8.43E-35
-6.7019,-8.32E-35
-6.70833,-8.21E-35
-6.71476,-8.09E-35
-6.72119,-7.97E-35
-6.72763,-7.85E-35
-6.73407,-7.73E-35
-6.74051,-7.61E-35
-6.74694,-7.48E-35
-6.75339,-7.35E-35
-6.75983,-7.22E-35
-6.76627,-7.09E-35
-6.77272,-6.95E-35
-6.77916,-6.81E-35
-6.78561,-6.67E-35
-6.79206,-6.53E-35
-6.79851,-6.38E-35
-6.80496,-6.23E-35
-6.81141,-6.08E-35
-6.81787,-5.93E-35
-6.82432,-5.77E-35
-6.83078,-5.61E-35
-6.83724,-5.45E-35
-6.84369,-5.29E-35
-6.85016,-5.12E-35
-6.85662,-4.95E-35
-6.86308,-4.78E-35
-6.86955,-4.61E-35
-6.87601,-4.43E-35
-6.88248,-4.25E-35
-6.88895,-4.07E-35
-6.89542,-3.89E-35
-6.90189,-3.70E-35
-6.90836,-3.51E-35
-6.91484,-3.32E-35
-6.92131,-3.15E-35
-6.92779,-3.02E-35
-6.93427,-2.89E-35
-6.94075,-2.76E-35
-6.94723,-2.62E-35
-6.95371,-2.49E-35
-6.96019,-2.36E-35
-6.96668,-2.23E-35
-6.97316,-2.09E-35
-6.97965,-1.96E-35
-6.98614,-1.82E-35
-6.99263,-1.69E-35
-6.99912,-1.55E-35
-7.00561,-1.42E-35
-7.01211,-1.28E-35
-7.0186,-1.14E-35
-7.0251,-1.01E-35
-7.0316,-8.68E-36
-7.0381,-7.30E-36
-7.0446,-5.92E-36
-7.0511,-4.54E-36
-7.0576,-3.15E-36
-7.06411,-1.76E-36
-7.07061,-3.70E-37
-7.07712,1.02E-36
-7.08363,2.42E-36
-7.09014,3.81E-36
-7.09665,5.21E-36
-7.10316,6.61E-36
-7.10968,8.01E-36
-7.11619,9.41E-36
-7.12271,1.08E-35
-7.12923,1.22E-35
-7.13575,1.36E-35
-7.14227,1.50E-35
-7.14879,1.64E-35
-7.15531,1.78E-35
-7.16184,1.92E-35
-7.16837,2.06E-35
-7.17489,2.20E-35
-7.18142,2.34E-35
-7.18795,2.48E-35
-7.19448,2.62E-35
-7.20102,2.76E-35
-7.20755,2.90E-35
-7.21409,3.04E-35
-7.22062,3.18E-35
-7.22716,3.32E-35
-7.2337,3.45E-35
-7.24024,3.59E-35
-7.24679,3.73E-35
-7.25333,3.87E-35
-7.25987,4.00E-35
-7.26642,4.14E-35
-7.27297,4.28E-35
-7.27952,4.41E-35
-7.28607,4.55E-35
-7.29262,4.68E-35
-7.29917,4.81E-35
-7.30573,4.95E-35
-7.31228,5.08E-35
-7.31884,5.21E-35
-7.3254,5.35E-35
-7.33196,5.48E-35
-7.33852,5.61E-35
-7.34508,5.74E-35
-7.35165,5.87E-35
-7.35821,6.00E-35
-7.36478,6.12E-35
-7.37135,6.25E-35
-7.37792,6.38E-35
-7.38449,6.50E-35
-7.39106,6.63E-35
-7.39763,6.75E-35
-7.40421,6.88E-35
-7.41078,7.00E-35
-7.41736,7.12E-35
-7.42394,7.24E-35
-7.43052,7.36E-35
-7.4371,7.48E-35
-7.44368,7.60E-35
-7.45027,7.71E-35
-7.45685,7.83E-35
-7.46344,7.95E-35
-7.47003,8.06E-35
-7.47662,8.17E-35
-7.48321,8.28E-35
-7.4898,8.39E-35
-7.4964,8.50E-35
-7.50299,8.61E-35
-7.50959,8.72E-35
-7.51619,8.82E-35
-7.52278,8.93E-35
-7.52939,9.03E-35
-7.53599,9.13E-35
-7.54259,9.24E-35
-7.54919,9.33E-35
-7.5558,9.43E-35
-7.56241,9.53E-35
-7.56902,9.63E-35
-7.57563,9.72E-35
-7.58224,9.81E-35
-7.58885,9.90E-35
-7.59546,9.99E-35
-7.60208,1.01E-34
-7.6087,1.02E-34
-7.61532,1.03E-34
-7.62193,1.03E-34
-7.62856,1.04E-34
-7.63518,1.05E-34
-7.6418,1.06E-34
-7.64843,1.07E-34
-7.65505,1.07E-34
-7.66168,1.08E-34
-7.66831,1.09E-34
-7.67494,1.09E-34
-7.68157,1.10E-34
-7.6882,1.11E-34
-7.69484,1.12E-34
-7.70147,1.12E-34
-7.70811,1.13E-34
-7.71475,1.14E-34
-7.72139,1.14E-34
-7.72803,1.15E-34
-7.73467,1.16E-34
-7.74132,1.16E-34
-7.74796,1.17E-34
-7.75461,1.17E-34
-7.76126,1.18E-34
-7.76791,1.18E-34
-7.77456,1.19E-34
-7.78121,1.19E-34
-7.78786,1.20E-34
-7.79452,1.20E-34
-7.80118,1.21E-34
-7.80783,1.21E-34
-7.81449,1.22E-34
-7.82115,1.22E-34
-7.82781,1.22E-34
-7.83448,1.23E-34
-7.84114,1.23E-34
-7.84781,1.23E-34
-7.85447,1.24E-34
-7.86114,1.24E-34
-7.86781,1.24E-34
-7.87448,1.24E-34
-7.88116,1.25E-34
-7.88783,1.25E-34
-7.89451,1.25E-34
-7.90118,1.25E-34
-7.90786,1.25E-34
-7.91454,1.25E-34
-7.92122,1.25E-34
-7.9279,1.25E-34
-7.93459,1.25E-34
-7.94127,1.25E-34
-7.94796,1.25E-34
-7.95465,1.25E-34
-7.96134,1.25E-34
-7.96803,1.25E-34
-7.97472,1.25E-34
-7.98141,1.25E-34
-7.98811,1.25E-34
-7.9948,1.24E-34
-8.0015,1.24E-34
-8.0082,1.24E-34
-8.0149,1.24E-34
-8.0216,1.23E-34
-8.0283,1.23E-34
-8.03501,1.23E-34
-8.04171,1.22E-34
-8.04842,1.22E-34
-8.05513,1.22E-34
-8.06184,1.21E-34
-8.06855,1.21E-34
-8.07526,1.20E-34
-8.08197,1.20E-34
-8.08869,1.19E-34
-8.0954,1.18E-34
-8.10212,1.18E-34
-8.10884,1.17E-34
-8.11556,1.16E-34
-8.12228,1.16E-34
-8.12901,1.15E-34
-8.13573,1.14E-34
-8.14246,1.14E-34
-8.14918,1.13E-34
-8.15591,1.12E-34
-8.16264,1.11E-34
-8.16938,1.10E-34
-8.17611,1.09E-34
-8.18284,1.08E-34
-8.18958,1.07E-34
-8.19632,1.06E-34
-8.20305,1.05E-34
-8.20979,1.04E-34
-8.21653,1.03E-34
-8.22328,1.02E-34
-8.23002,1.01E-34
-8.23677,9.95E-35
-8.24351,9.82E-35
-8.25026,9.70E-35
-8.25701,9.57E-35
-8.26376,9.43E-35
-8.27051,9.30E-35
-8.27727,9.16E-35
-8.28402,9.02E-35
-8.29078,8.87E-35
-8.29754,8.72E-35
-8.3043,8.57E-35
-8.31106,8.41E-35
-8.31782,8.26E-35
-8.32458,8.09E-35
-8.33135,7.93E-35
-8.33811,7.76E-35
-8.34488,7.59E-35
-8.35165,7.41E-35
-8.35842,7.23E-35
-8.36519,7.05E-35
-8.37196,6.86E-35
-8.37874,6.68E-35
-8.38551,6.48E-35
-8.39229,6.29E-35
-8.39907,6.09E-35
-8.40585,5.88E-35
-8.41263,5.68E-35
-8.41941,5.47E-35
-8.42619,5.25E-35
-8.43298,5.03E-35
-8.43977,4.81E-35
-8.44655,4.59E-35
-8.45334,4.36E-35
-8.46013,4.13E-35
-8.46693,3.89E-35
-8.47372,3.70E-35
-8.48051,3.54E-35
-8.48731,3.38E-35
-8.49411,3.23E-35
-8.50091,3.07E-35
-8.50771,2.91E-35
-8.51451,2.75E-35
-8.52131,2.59E-35
-8.52812,2.42E-35
-8.53492,2.26E-35
-8.54173,2.09E-35
-8.54854,1.93E-35
-8.55535,1.76E-35
-8.56216,1.60E-35
-8.56897,1.43E-35
-8.57579,1.26E-35
-8.5826,1.09E-35
-8.58942,9.17E-36
-8.59624,7.46E-36
-8.60306,5.73E-36
-8.60988,4.00E-36
-8.6167,2.26E-36
-8.62353,5.19E-37
-8.63035,-1.23E-36
-8.63718,-2.99E-36
-8.64401,-4.76E-36
-8.65084,-6.53E-36
-8.65767,-8.31E-36
-8.6645,-1.01E-35
-8.67133,-1.19E-35
-8.67817,-1.37E-35
-8.68501,-1.55E-35
-8.69184,-1.73E-35
-8.69868,-1.91E-35
-8.70552,-2.09E-35
-8.71236,-2.27E-35
-8.71921,-2.46E-35
-8.72605,-2.64E-35
-8.7329,-2.82E-35
-8.73975,-3.01E-35
-8.7466,-3.19E-35
-8.75345,-3.38E-35
-8.7603,-3.56E-35
-8.76715,-3.75E-35
-8.774,-3.93E-35
-8.78086,-4.12E-35
-8.78772,-4.30E-35
-8.79458,-4.49E-35
-8.80144,-4.68E-35
-8.8083,-4.86E-35
-8.81516,-5.05E-35
-8.82202,-5.23E-35
-8.82889,-5.42E-35
-8.83576,-5.61E-35
-8.84262,-5.79E-35
-8.84949,-5.98E-35
-8.85637,-6.17E-35
-8.86324,-6.36E-35
-8.87011,-6.54E-35
-8.87699,-6.73E-35
-8.88386,-6.92E-35
-8.89074,-7.10E-35
-8.89762,-7.29E-35
-8.9045,-7.47E-35
-8.91138,-7.66E-35
-8.91827,-7.85E-35
-8.92515,-8.03E-35
-8.93204,-8.22E-35
-8.93893,-8.40E-35
-8.94582,-8.59E-35
-8.95271,-8.77E-35
-8.9596,-8.96E-35
-8.96649,-9.14E-35
-8.97339,-9.32E-35
-8.98028,-9.51E-35
-8.98718,-9.69E-35
-8.99408,-9.87E-35
-9.00098,-1.01E-34
-9.00788,-1.02E-34
-9.01478,-1.04E-34
-9.02169,-1.06E-34
-9.02859,-1.08E-34
-9.0355,-1.09E-34
-9.04241,-1.11E-34
-9.04932,-1.13E-34
-9.05623,-1.15E-34
-9.06314,-1.17E-34
-9.07006,-1.18E-34
-9.07697,-1.20E-34
-9.08389,-1.22E-34
-9.09081,-1.24E-34
-9.09773,-1.25E-34
-9.10465,-1.27E-34
-9.11157,-1.29E-34
-9.1185,-1.30E-34
-9.12542,-1.32E-34
-9.13235,-1.34E-34
-9.13928,-1.35E-34
-9.14621,-1.37E-34
-9.15314,-1.39E-34
-9.16007,-1.40E-34
-9.167,-1.42E-34
-9.17394,-1.43E-34
-9.18087,-1.45E-34
-9.18781,-1.47E-34
-9.19475,-1.48E-34
-9.20169,-1.50E-34
-9.20863,-1.51E-34
-9.21558,-1.53E-34
-9.22252,-1.54E-34
-9.22947,-1.56E-34
-9.23642,-1.57E-34
-9.24336,-1.59E-34
-9.25031,-1.60E-34
-9.25727,-1.62E-34
-9.26422,-1.63E-34
-9.27117,-1.65E-34
-9.27813,-1.66E-34
-9.28509,-1.67E-34
-9.29205,-1.68E-34
-9.29901,-1.69E-34
-9.30597,-1.71E-34
-9.31293,-1.72E-34
-9.31989,-1.73E-34
-9.32686,-1.74E-34
-9.33383,-1.75E-34
-9.3408,-1.76E-34
-9.34777,-1.77E-34
-9.35474,-1.78E-34
-9.36171,-1.79E-34
-9.36868,-1.80E-34
-9.37566,-1.81E-34
-9.38264,-1.82E-34
-9.38961,-1.83E-34
-9.39659,-1.84E-34
-9.40357,-1.84E-34
-9.41056,-1.85E-34
-9.41754,-1.86E-34
-9.42453,-1.87E-34
-9.43151,-1.88E-34
-9.4385,-1.88E-34
-9.44549,-1.89E-34
-9.45248,-1.90E-34
-9.45947,-1.90E-34
-9.46647,-1.91E-34
-9.47346,-1.91E-34
-9.48046,-1.92E-34
-9.48746,-1.92E-34
-9.49446,-1.93E-34
-9.50146,-1.93E-34
-9.50846,-1.94E-34
-9.51546,-1.94E-34
-9.52247,-1.94E-34
-9.52947,-1.95E-34
-9.53648,-1.95E-34
-9.54349,-1.95E-34
-9.5505,-1.95E-34
-9.55751,-1.96E-34
-9.56452,-1.96E-34
-9.57154,-1.96E-34
-9.57855,-1.96E-34
-9.58557,-1.96E-34
-9.59259,-1.96E-34
-9.59961,-1.96E-34
-9.60663,-1.96E-34
-9.61366,-1.96E-34
-9.62068,-1.96E-34
-9.62771,-1.95E-34
-9.63473,-1.95E-34
-9.64176,-1.95E-34
-9.64879,-1.95E-34
-9.65582,-1.94E-34
-9.66285,-1.94E-34
-9.66989,-1.94E-34
-9.67692,-1.93E-34
-9.68396,-1.93E-34
-9.691,-1.92E-34
-9.69804,-1.92E-34
-9.70508,-1.91E-34
-9.71212,-1.90E-34
-9.71917,-1.90E-34
-9.72621,-1.89E-34
-9.73326,-1.88E-34
-9.74031,-1.88E-34
-9.74736,-1.87E-34
-9.75441,-1.86E-34
-9.76146,-1.85E-34
-9.76851,-1.84E-34
-9.77557,-1.83E-34
-9.78262,-1.82E-34
-9.78968,-1.81E-34
-9.79674,-1.80E-34
-9.8038,-1.79E-34
-9.81086,-1.77E-34
-9.81793,-1.76E-34
-9.82499,-1.75E-34
-9.83206,-1.73E-34
-9.83913,-1.72E-34
-9.8462,-1.71E-34
-9.85327,-1.69E-34
-9.86034,-1.67E-34
-9.86741,-1.66E-34
-9.87449,-1.64E-34
-9.88156,-1.63E-34
-9.88864,-1.61E-34
-9.89572,-1.59E-34
-9.9028,-1.57E-34
-9.90988,-1.55E-34
-9.91696,-1.53E-34
-9.92405,-1.52E-34
-9.93113,-1.49E-34
-9.93822,-1.47E-34
-9.94531,-1.45E-34
-9.9524,-1.43E-34
-9.95949,-1.41E-34
-9.96658,-1.39E-34
-9.97368,-1.36E-34
-9.98077,-1.34E-34
-9.98787,-1.32E-34
-9.99497,-1.29E-34
-10.0021,-1.26E-34
-10.0092,-1.24E-34
-10.0163,-1.21E-34
-10.0234,-1.19E-34
-10.0305,-1.16E-34
-10.0376,-1.13E-34
-10.0447,-1.10E-34
-10.0518,-1.07E-34
-10.0589,-1.04E-34
-10.066,-1.01E-34
-10.0731,-9.82E-35
-10.0803,-9.51E-35
-10.0874,-9.19E-35
-10.0945,-8.87E-35
-10.1016,-8.62E-35
-10.1087,-8.40E-35
-10.1159,-8.19E-35
-10.123,-7.97E-35
-10.1301,-7.75E-35
-10.1372,-7.52E-35
-10.1444,-7.30E-35
-10.1515,-7.07E-35
-10.1586,-6.84E-35
-10.1658,-6.61E-35
-10.1729,-6.38E-35
-10.18,-6.14E-35
-10.1872,-5.91E-35
-10.1943,-5.67E-35
-10.2014,-5.43E-35
-10.2086,-5.18E-35
-10.2157,-4.94E-35
-10.2229,-4.69E-35
-10.23,-4.45E-35
-10.2371,-4.20E-35
-10.2443,-3.95E-35
-10.2514,-3.69E-35
-10.2586,-3.44E-35
-10.2657,-3.18E-35
-10.2729,-2.92E-35
-10.2801,-2.66E-35
-10.2872,-2.40E-35
-10.2944,-2.14E-35
-10.3015,-1.87E-35
-10.3087,-1.61E-35
-10.3158,-1.34E-35
-10.323,-1.07E-35
-10.3302,-8.00E-36
-10.3373,-5.28E-36
-10.3445,-2.54E-36
-10.3517,2.06E-37
-10.3588,2.97E-36
-10.366,5.75E-36
-10.3732,8.54E-36
-10.3804,1.13E-35
-10.3875,1.42E-35
-10.3947,1.70E-35
-10.4019,1.98E-35
-10.4091,2.27E-35
-10.4163,2.56E-35
-10.4234,2.85E-35
-10.4306,3.13E-35
-10.4378,3.43E-35
-10.445,3.72E-35
-10.4522,4.01E-35
-10.4594,4.30E-35
-10.4666,4.60E-35
-10.4738,4.89E-35
-10.4809,5.19E-35
-10.4881,5.49E-35
-10.4953,5.79E-35
-10.5025,6.09E-35
-10.5097,6.39E-35
-10.5169,6.69E-35
-10.5241,6.99E-35
-10.5313,7.29E-35
-10.5385,7.60E-35
-10.5458,7.90E-35
-10.553,8.21E-35
-10.5602,8.52E-35
-10.5674,8.82E-35
-10.5746,9.13E-35
-10.5818,9.44E-35
-10.589,9.75E-35
-10.5962,1.01E-34
-10.6035,1.04E-34
-10.6107,1.07E-34
-10.6179,1.10E-34
-10.6251,1.13E-34
-10.6323,1.16E-34
-10.6396,1.19E-34
-10.6468,1.22E-34
-10.654,1.26E-34
-10.6612,1.29E-34
-10.6685,1.32E-34
-10.6757,1.35E-34
-10.6829,1.38E-34
-10.6902,1.41E-34
-10.6974,1.44E-34
-10.7046,1.48E-34
-10.7119,1.51E-34
-10.7191,1.54E-34
-10.7264,1.57E-34
-10.7336,1.60E-34
-10.7408,1.63E-34
-10.7481,1.66E-34
-10.7553,1.70E-34
-10.7626,1.73E-34
-10.7698,1.76E-34
-10.7771,1.79E-34
-10.7843,1.82E-34
-10.7916,1.85E-34
-10.7989,1.89E-34
-10.8061,1.92E-34
-10.8134,1.95E-34
-10.8206,1.98E-34
-10.8279,2.01E-34
-10.8351,2.04E-34
-10.8424,2.07E-34
-10.8497,2.11E-34
-10.8569,2.14E-34
-10.8642,2.17E-34
-10.8715,2.20E-34
-10.8788,2.23E-34
-10.886,2.26E-34
-10.8933,2.29E-34
-10.9006,2.32E-34
-10.9078,2.35E-34
-10.9151,2.39E-34
-10.9224,2.42E-34
-10.9297,2.45E-34
-10.937,2.48E-34
-10.9442,2.50E-34
-10.9515,2.53E-34
-10.9588,2.55E-34
-10.9661,2.58E-34
-10.9734,2.60E-34
-10.9807,2.63E-34
-10.988,2.65E-34
-10.9953,2.67E-34
-11.0026,2.70E-34
-11.0099,2.72E-34
-11.0172,2.74E-34
-11.0245,2.77E-34
-11.0318,2.79E-34
-11.0391,2.81E-34
-11.0464,2.83E-34
-11.0537,2.85E-34
-11.061,2.87E-34
-11.0683,2.89E-34
-11.0756,2.91E-34
-11.0829,2.93E-34
-11.0902,2.95E-34
-11.0975,2.97E-34
-11.1048,2.99E-34
-11.1121,3.01E-34
-11.1195,3.03E-34
-11.1268,3.05E-34
-11.1341,3.06E-34
-11.1414,3.08E-34
-11.1487,3.10E-34
-11.1561,3.12E-34
-11.1634,3.13E-34
-11.1707,3.15E-34
-11.178,3.16E-34
-11.1854,3.18E-34
-11.1927,3.19E-34
-11.2,3.21E-34
-11.2074,3.22E-34
-11.2147,3.23E-34
-11.222,3.24E-34
-11.2294,3.26E-34
-11.2367,3.27E-34
-11.2441,3.28E-34
-11.2514,3.29E-34
-11.2587,3.30E-34
-11.2661,3.31E-34
-11.2734,3.32E-34
-11.2808,3.33E-34
-11.2881,3.34E-34
-11.2955,3.35E-34
-11.3028,3.36E-34
-11.3102,3.36E-34
-11.3175,3.37E-34
-11.3249,3.38E-34
-11.3323,3.38E-34
-11.3396,3.39E-34
-11.347,3.39E-34
-11.3543,3.40E-34
-11.3617,3.40E-34
-11.3691,3.40E-34
-11.3764,3.41E-34
-11.3838,3.41E-34
-11.3912,3.41E-34
-11.3985,3.41E-34
-11.4059,3.41E-34
-11.4133,3.41E-34
-11.4206,3.41E-34
-11.428,3.41E-34
-11.4354,3.41E-34
-11.4428,3.41E-34
-11.4502,3.40E-34
-11.4575,3.40E-34
-11.4649,3.40E-34
-11.4723,3.39E-34
-11.4797,3.39E-34
-11.4871,3.38E-34
-11.4945,3.37E-34
-11.5018,3.37E-34
-11.5092,3.36E-34
-11.5166,3.35E-34
-11.524,3.34E-34
-11.5314,3.33E-34
-11.5388,3.32E-34
-11.5462,3.31E-34
-11.5536,3.30E-34
-11.561,3.29E-34
-11.5684,3.28E-34
-11.5758,3.26E-34
-11.5832,3.25E-34
-11.5906,3.23E-34
-11.598,3.22E-34
-11.6054,3.20E-34
-11.6128,3.18E-34
-11.6203,3.17E-34
-11.6277,3.15E-34
-11.6351,3.13E-34
-11.6425,3.11E-34
-11.6499,3.09E-34
-11.6573,3.07E-34
-11.6648,3.05E-34
-11.6722,3.02E-34
-11.6796,3.00E-34
-11.687,2.98E-34
-11.6945,2.95E-34
-11.7019,2.93E-34
-11.7093,2.90E-34
-11.7167,2.87E-34
-11.7242,2.85E-34
-11.7316,2.82E-34
-11.739,2.79E-34
-11.7465,2.76E-34
-11.7539,2.73E-34
-11.7613,2.70E-34
-11.7688,2.66E-34
-11.7762,2.63E-34
-11.7837,2.60E-34
-11.7911,2.56E-34
-11.7985,2.53E-34
-11.806,2.50E-34
-11.8134,2.48E-34
-11.8209,2.45E-34
-11.8283,2.43E-34
-11.8358,2.41E-34
-11.8432,2.38E-34
-11.8507,2.36E-34
-11.8582,2.33E-34
-11.8656,2.31E-34
-11.8731,2.28E-34
-11.8805,2.26E-34
-11.888,2.23E-34
-11.8955,2.21E-34
-11.9029,2.18E-34
-11.9104,2.16E-34
-11.9179,2.13E-34
-11.9253,2.10E-34
-11.9328,2.08E-34
-11.9403,2.05E-34
-11.9477,2.02E-34
-11.9552,2.00E-34
-11.9627,1.97E-34
-11.9702,1.94E-34
-11.9776,1.91E-34
-11.9851,1.89E-34
-11.9926,1.86E-34
-12.0001,1.83E-34
-12.0076,1.80E-34
-12.015,1.78E-34
-12.0225,1.75E-34
-12.03,1.72E-34
-12.0375,1.69E-34
-12.045,1.67E-34
-12.0525,1.64E-34
-12.06,1.61E-34
-12.0675,1.58E-34
-12.075,1.55E-34
-12.0825,1.53E-34
-12.09,1.50E-34
-12.0975,1.47E-34
-12.105,1.44E-34
-12.1125,1.41E-34
-12.12,1.39E-34
-12.1275,1.36E-34
-12.135,1.33E-34
-12.1425,1.30E-34
-12.15,1.28E-34
-12.1575,1.25E-34
-12.165,1.22E-34
-12.1725,1.20E-34
-12.1801,1.17E-34
-12.1876,1.14E-34
-12.1951,1.12E-34
-12.2026,1.09E-34
-12.2101,1.06E-34
-12.2177,1.04E-34
-12.2252,1.01E-34
-12.2327,9.86E-35
-12.2402,9.61E-35
-12.2478,9.36E-35
-12.2553,9.11E-35
-12.2628,8.86E-35
-12.2703,8.62E-35
-12.2779,8.38E-35
-12.2854,8.14E-35
-12.2929,7.90E-35
-12.3005,7.67E-35
-12.308,7.44E-35
-12.3156,7.21E-35
-12.3231,6.99E-35
-12.3306,6.77E-35
-12.3382,6.56E-35
-12.3457,6.34E-35
-12.3533,6.14E-35
-12.3608,5.93E-35
-12.3684,5.73E-35
-12.3759,5.54E-35
-12.3835,5.34E-35
-12.391,5.16E-35
-12.3986,4.97E-35
-12.4061,4.79E-35
-12.4137,4.62E-35
-12.4213,4.45E-35
-12.4288,4.29E-35
-12.4364,4.13E-35
-12.444,3.94E-35
-12.4515,3.71E-35
-12.4591,3.49E-35
-12.4666,3.26E-35
-12.4742,3.04E-35
-12.4818,2.82E-35
-12.4894,2.60E-35
-12.4969,2.38E-35
-12.5045,2.17E-35
-12.5121,1.96E-35
-12.5197,1.75E-35
-12.5272,1.54E-35
-12.5348,1.34E-35
-12.5424,1.14E-35
-12.55,9.37E-36
-12.5576,7.41E-36
-12.5651,5.47E-36
-12.5727,3.56E-36
-12.5803,1.68E-36
-12.5879,-1.76E-37
-12.5955,-2.00E-36
-12.6031,-3.79E-36
-12.6107,-5.56E-36
-12.6183,-7.29E-36
-12.6259,-8.99E-36
-12.6335,-1.07E-35
-12.6411,-1.23E-35
-12.6487,-1.39E-35
-12.6563,-1.55E-35
-12.6639,-1.70E-35
-12.6715,-1.85E-35
-12.6791,-2.00E-35
-12.6867,-2.14E-35
-12.6943,-2.28E-35
-12.7019,-2.42E-35
-12.7095,-2.55E-35
-12.7171,-2.68E-35
-12.7248,-2.80E-35
-12.7324,-2.92E-35
-12.74,-3.04E-35
-12.7476,-3.15E-35
-12.7552,-3.26E-35
-12.7628,-3.36E-35
-12.7705,-3.46E-35
-12.7781,-3.56E-35
-12.7857,-3.65E-35
-12.7933,-3.74E-35
-12.801,-3.82E-35
-12.8086,-3.90E-35
-12.8162,-3.98E-35
-12.8239,-4.05E-35
-12.8315,-4.11E-35
-12.8391,-4.17E-35
-12.8468,-4.23E-35
-12.8544,-4.28E-35
-12.862,-4.33E-35
-12.8697,-4.37E-35
-12.8773,-4.41E-35
-12.885,-4.44E-35
-12.8926,-4.47E-35
-12.9002,-4.49E-35
-12.9079,-4.51E-35
-12.9155,-4.52E-35
-12.9232,-4.53E-35
-12.9308,-4.53E-35
-12.9385,-4.53E-35
-12.9461,-4.52E-35
-12.9538,-4.50E-35
-12.9615,-4.48E-35
-12.9691,-4.46E-35
-12.9768,-4.43E-35
-12.9844,-4.39E-35
-12.9921,-4.35E-35
-12.9998,-4.31E-35
-13.0074,-4.25E-35
-13.0151,-4.19E-35
-13.0228,-4.13E-35
-13.0304,-4.06E-35
-13.0381,-3.98E-35
-13.0458,-3.90E-35
-13.0534,-3.81E-35
-13.0611,-3.72E-35
-13.0688,-3.62E-35
-13.0765,-3.52E-35
-13.0841,-3.40E-35
-13.0918,-3.28E-35
-13.0995,-3.23E-35
-13.1072,-3.17E-35
-13.1149,-3.10E-35
-13.1225,-3.04E-35
-13.1302,-2.98E-35
-13.1379,-2.91E-35
-13.1456,-2.84E-35
-13.1533,-2.77E-35
-13.161,-2.70E-35
-13.1687,-2.62E-35
-13.1764,-2.55E-35
-13.1841,-2.47E-35
-13.1918,-2.39E-35
-13.1995,-2.32E-35
-13.2072,-2.24E-35
-13.2149,-2.16E-35
-13.2226,-2.08E-35
-13.2303,-2.00E-35
-13.238,-1.91E-35
-13.2457,-1.83E-35
-13.2534,-1.75E-35
-13.2611,-1.67E-35
-13.2688,-1.58E-35
-13.2765,-1.50E-35
-13.2842,-1.42E-35
-13.2919,-1.34E-35
-13.2997,-1.25E-35
-13.3074,-1.17E-35
-13.3151,-1.09E-35
-13.3228,-1.01E-35
-13.3305,-9.33E-36
-13.3383,-8.55E-36
-13.346,-7.78E-36
-13.3537,-7.03E-36
-13.3614,-6.29E-36
-13.3692,-5.56E-36
-13.3769,-4.85E-36
-13.3846,-4.16E-36
-13.3924,-3.49E-36
-13.4001,-2.84E-36
-13.4078,-2.21E-36
-13.4156,-1.61E-36
-13.4233,-1.03E-36
-13.431,-4.75E-37
-13.4388,4.88E-38
-13.4465,5.43E-37
-13.4543,1.01E-36
-13.462,1.44E-36
-13.4697,1.83E-36
-13.4775,2.20E-36
-13.4852,2.52E-36
-13.493,2.80E-36
-13.5007,3.05E-36
-13.5085,3.25E-36
-13.5162,3.41E-36
-13.524,3.53E-36
-13.5318,3.59E-36
-13.5395,3.61E-36
-13.5473,3.58E-36
-13.555,3.50E-36
-13.5628,3.98E-36
-13.5706,4.55E-36
-13.5783,5.11E-36
-13.5861,5.67E-36
-13.5938,6.21E-36
-13.6016,6.74E-36
-13.6094,7.26E-36
-13.6172,7.78E-36
-13.6249,8.27E-36
-13.6327,8.76E-36
-13.6405,9.24E-36
-13.6483,9.70E-36
-13.656,1.01E-35
-13.6638,1.06E-35
-13.6716,1.10E-35
-13.6794,1.14E-35
-13.6872,1.18E-35
-13.6949,1.22E-35
-13.7027,1.26E-35
-13.7105,1.29E-35
-13.7183,1.32E-35
-13.7261,1.36E-35
-13.7339,1.39E-35
-13.7417,1.42E-35
-13.7495,1.44E-35
-13.7573,1.47E-35
-13.765,1.49E-35
-13.7728,1.51E-35
-13.7806,1.54E-35
-13.7884,1.55E-35
-13.7962,1.57E-35
-13.804,1.59E-35
-13.8119,1.60E-35
-13.8197,1.61E-35
-13.8275,1.62E-35
-13.8353,1.63E-35
-13.8431,1.63E-35
-13.8509,1.64E-35
-13.8587,1.64E-35
-13.8665,1.64E-35
-13.8743,1.64E-35
-13.8821,1.63E-35
-13.89,1.63E-35
-13.8978,1.62E-35
-13.9056,1.61E-35
-13.9134,1.60E-35
-13.9212,1.58E-35
-13.9291,1.57E-35
-13.9369,1.55E-35
-13.9447,1.53E-35
-13.9525,1.51E-35
-13.9604,1.48E-35
-13.9682,1.45E-35
-13.976,1.43E-35
-13.9839,1.39E-35
-13.9917,1.36E-35
-13.9995,1.33E-35
-14.0074,1.29E-35
-14.0152,1.25E-35
-14.0231,1.21E-35
-14.0309,1.18E-35
-14.0387,1.15E-35
-14.0466,1.12E-35
-14.0544,1.09E-35
-14.0623,1.06E-35
-14.0701,1.03E-35
-14.078,1.00E-35
-14.0858,9.72E-36
-14.0937,9.39E-36
-14.1015,9.06E-36
-14.1094,8.73E-36
-14.1172,8.38E-36
-14.1251,8.03E-36
-14.133,7.67E-36
-14.1408,7.31E-36
-14.1487,6.95E-36
-14.1565,6.57E-36
-14.1644,6.20E-36
-14.1723,5.82E-36
-14.1801,5.44E-36
-14.188,5.06E-36
-14.1959,4.67E-36
-14.2037,4.29E-36
-14.2116,3.90E-36
-14.2195,3.51E-36
-14.2274,3.12E-36
-14.2352,2.74E-36
-14.2431,2.35E-36
-14.251,1.97E-36
-14.2589,1.58E-36
-14.2667,1.20E-36
-14.2746,8.29E-37
-14.2825,4.58E-37
-14.2904,9.09E-38
-14.2983,-2.70E-37
-14.3062,-6.26E-37
-14.3141,-9.74E-37
-14.3219,-1.32E-36
-14.3298,-1.65E-36
-14.3377,-1.97E-36
-14.3456,-2.29E-36
-14.3535,-2.60E-36
-14.3614,-2.89E-36
-14.3693,-3.18E-36
-14.3772,-3.45E-36
-14.3851,-3.71E-36
-14.393,-3.95E-36
-14.4009,-4.18E-36
-14.4088,-4.40E-36
-14.4167,-4.60E-36
-14.4246,-4.78E-36
-14.4325,-4.95E-36
-14.4404,-5.10E-36
-14.4484,-5.23E-36
-14.4563,-5.34E-36
-14.4642,-5.43E-36
-14.4721,-5.50E-36
-14.48,-5.55E-36
-14.4879,-5.57E-36
-14.4958,-5.57E-36
-14.5038,-5.73E-36
-14.5117,-6.01E-36
-14.5196,-6.29E-36
-14.5275,-6.57E-36
-14.5355,-6.83E-36
-14.5434,-7.10E-36
-14.5513,-7.35E-36
-14.5592,-7.60E-36
-14.5672,-7.84E-36
-14.5751,-8.08E-36
-14.583,-8.30E-36
-14.591,-8.52E-36
-14.5989,-8.73E-36
-14.6068,-8.94E-36
-14.6148,-9.13E-36
-14.6227,-9.32E-36
-14.6307,-9.50E-36
-14.6386,-9.66E-36
-14.6465,-9.82E-36
-14.6545,-9.97E-36
-14.6624,-1.01E-35
-14.6704,-1.02E-35
-14.6783,-1.04E-35
-14.6863,-1.05E-35
-14.6942,-1.06E-35
-14.7022,-1.06E-35
-14.7101,-1.07E-35
-14.7181,-1.08E-35
-14.726,-1.08E-35
-14.734,-1.08E-35
-14.742,-1.09E-35
-14.7499,-1.09E-35
-14.7579,-1.09E-35
-14.7658,-1.09E-35
-14.7738,-1.08E-35
-14.7818,-1.08E-35
-14.7897,-1.07E-35
-14.7977,-1.06E-35
-14.8057,-1.05E-35
-14.8136,-1.04E-35
-14.8216,-1.03E-35
-14.8296,-1.02E-35
-14.8376,-1.00E-35
-14.8455,-9.85E-36
-14.8535,-9.66E-36
-14.8615,-9.46E-36
-14.8695,-9.23E-36
-14.8774,-8.99E-36
-14.8854,-8.74E-36
-14.8934,-8.46E-36
-14.9014,-8.17E-36
-14.9094,-7.85E-36
-14.9174,-7.52E-36
-14.9254,-7.17E-36
-14.9333,-6.80E-36
-14.9413,-6.41E-36
-14.9493,-6.00E-36
-14.9573,-5.57E-36
-14.9653,-5.11E-36
-14.9733,-4.64E-36
-14.9813,-4.26E-36
-14.9893,-4.00E-36
-14.9973,-3.74E-36
-15.0053,-3.48E-36
-15.0133,-3.21E-36
-15.0213,-2.93E-36
-15.0293,-2.66E-36
-15.0373,-2.37E-36
-15.0453,-2.09E-36
-15.0533,-1.80E-36
-15.0614,-1.50E-36
-15.0694,-1.21E-36
-15.0774,-9.06E-37
-15.0854,-6.04E-37
-15.0934,-3.00E-37
-15.1014,6.88E-39
-15.1094,3.15E-37
-15.1175,6.25E-37
-15.1255,9.36E-37
-15.1335,1.25E-36
-15.1415,1.56E-36
-15.1495,1.87E-36
-15.1576,2.18E-36
-15.1656,2.49E-36
-15.1736,2.81E-36
-15.1817,3.11E-36
-15.1897,3.42E-36
-15.1977,3.73E-36
-15.2057,4.03E-36
-15.2138,4.33E-36
-15.2218,4.63E-36
-15.2299,4.93E-36
-15.2379,5.22E-36
-15.2459,5.50E-36
-15.254,5.79E-36
-15.262,6.06E-36
-15.2701,6.33E-36
-15.2781,6.60E-36
-15.2861,6.86E-36
-15.2942,7.11E-36
-15.3022,7.36E-36
-15.3103,7.59E-36
-15.3183,7.82E-36
-15.3264,8.04E-36
-15.3344,8.26E-36
-15.3425,8.46E-36
-15.3506,8.65E-36
-15.3586,8.83E-36
-15.3667,9.00E-36
-15.3747,9.16E-36
-15.3828,9.31E-36
-15.3909,9.45E-36
-15.3989,9.57E-36
-15.407,9.68E-36
-15.415,9.77E-36
-15.4231,9.85E-36
-15.4312,9.92E-36
-15.4393,9.97E-36
-15.4473,1.00E-35
-15.4554,1.00E-35
-15.4635,1.01E-35
-15.4715,1.03E-35
-15.4796,1.04E-35
-15.4877,1.06E-35
-15.4958,1.08E-35
-15.5039,1.10E-35
-15.5119,1.11E-35
-15.52,1.13E-35
-15.5281,1.14E-35
-15.5362,1.16E-35
-15.5443,1.17E-35
-15.5524,1.18E-35
-15.5604,1.19E-35
-15.5685,1.21E-35
-15.5766,1.22E-35
-15.5847,1.23E-35
-15.5928,1.23E-35
-15.6009,1.24E-35
-15.609,1.25E-35
-15.6171,1.26E-35
-15.6252,1.26E-35
-15.6333,1.27E-35
-15.6414,1.27E-35
-15.6495,1.27E-35
-15.6576,1.27E-35
-15.6657,1.27E-35
-15.6738,1.27E-35
-15.6819,1.27E-35
-15.69,1.27E-35
-15.6981,1.27E-35
-15.7063,1.26E-35
-15.7144,1.26E-35
-15.7225,1.25E-35
-15.7306,1.24E-35
-15.7387,1.23E-35
-15.7468,1.22E-35
-15.7549,1.21E-35
-15.7631,1.20E-35
-15.7712,1.19E-35
-15.7793,1.17E-35
-15.7874,1.15E-35
-15.7956,1.14E-35
-15.8037,1.12E-35
-15.8118,1.10E-35
-15.8199,1.08E-35
-15.8281,1.05E-35
-15.8362,1.03E-35
-15.8443,1.00E-35
-15.8525,9.75E-36
-15.8606,9.46E-36
-15.8687,9.16E-36
-15.8769,8.84E-36
-15.885,8.51E-36
-15.8932,8.16E-36
-15.9013,7.79E-36
-15.9094,7.41E-36
-15.9176,7.01E-36
-15.9257,6.60E-36
-15.9339,6.17E-36
-15.942,5.72E-36
-15.9502,5.29E-36
-15.9583,5.01E-36
-15.9665,4.74E-36
-15.9746,4.45E-36
-15.9828,4.17E-36
-15.9909,3.88E-36
-15.9991,3.59E-36
-16.0072,3.29E-36
-16.0154,2.99E-36
-16.0236,2.69E-36
-16.0317,2.39E-36
-16.0399,2.08E-36
-16.048,1.77E-36
-16.0562,1.46E-36
-16.0644,1.15E-36
-16.0725,8.39E-37
-16.0807,5.24E-37
-16.0889,2.09E-37
-16.097,-1.07E-37
-16.1052,-4.23E-37
-16.1134,-7.39E-37
-16.1216,-1.06E-36
-16.1297,-1.37E-36
-16.1379,-1.69E-36
-16.1461,-2.00E-36
-16.1543,-2.31E-36
-16.1625,-2.62E-36
-16.1706,-2.93E-36
-16.1788,-3.24E-36
-16.187,-3.54E-36
-16.1952,-3.84E-36
-16.2034,-4.14E-36
-16.2116,-4.44E-36
-16.2198,-4.73E-36
-16.2279,-5.02E-36
-16.2361,-5.30E-36
-16.2443,-5.58E-36
-16.2525,-5.85E-36
-16.2607,-6.12E-36
-16.2689,-6.38E-36
-16.2771,-6.63E-36
-16.2853,-6.88E-36
-16.2935,-7.12E-36
-16.3017,-7.36E-36
-16.3099,-7.58E-36
-16.3181,-7.80E-36
-16.3263,-8.01E-36
-16.3345,-8.21E-36
-16.3427,-8.40E-36
-16.3509,-8.59E-36
-16.3591,-8.76E-36
-16.3674,-8.92E-36
-16.3756,-9.07E-36
-16.3838,-9.21E-36
-16.392,-9.34E-36
-16.4002,-9.45E-36
-16.4084,-9.55E-36
-16.4167,-9.64E-36
-16.4249,-9.72E-36
-16.4331,-9.78E-36
-16.4413,-9.84E-36
-16.4495,-1.00E-35
-16.4578,-1.02E-35
-16.466,-1.04E-35
-16.4742,-1.05E-35
-16.4824,-1.07E-35
-16.4907,-1.09E-35
-16.4989,-1.10E-35
-16.5071,-1.12E-35
-16.5154,-1.13E-35
-16.5236,-1.14E-35
-16.5318,-1.16E-35
-16.5401,-1.17E-35
-16.5483,-1.18E-35
-16.5565,-1.19E-35
-16.5648,-1.20E-35
-16.573,-1.21E-35
-16.5813,-1.22E-35
-16.5895,-1.22E-35
-16.5978,-1.23E-35
-16.606,-1.23E-35
-16.6143,-1.24E-35
-16.6225,-1.24E-35
-16.6308,-1.24E-35
-16.639,-1.25E-35
-16.6473,-1.25E-35
-16.6555,-1.25E-35
-16.6638,-1.25E-35
-16.672,-1.24E-35
-16.6803,-1.24E-35
-16.6885,-1.24E-35
-16.6968,-1.23E-35
-16.7051,-1.22E-35
-16.7133,-1.22E-35
-16.7216,-1.21E-35
-16.7298,-1.20E-35
-16.7381,-1.19E-35
-16.7464,-1.18E-35
-16.7546,-1.16E-35
-16.7629,-1.15E-35
-16.7712,-1.13E-35
-16.7795,-1.12E-35
-16.7877,-1.10E-35
-16.796,-1.08E-35
-16.8043,-1.06E-35
-16.8125,-1.04E-35
-16.8208,-1.01E-35
-16.8291,-9.87E-36
-16.8374,-9.61E-36
-16.8457,-9.34E-36
-16.8539,-9.05E-36
-16.8622,-8.74E-36
-16.8705,-8.43E-36
-16.8788,-8.09E-36
-16.8871,-7.75E-36
-16.8954,-7.38E-36
-16.9037,-7.01E-36
-16.912,-6.61E-36
-16.9202,-6.21E-36
-16.9285,-5.78E-36
-16.9368,-5.34E-36
-16.9451,-5.05E-36
-16.9534,-4.78E-36
-16.9617,-4.50E-36
-16.97,-4.22E-36
-16.9783,-3.93E-36
-16.9866,-3.64E-36
-16.9949,-3.35E-36
-17.0032,-3.05E-36
-17.0115,-2.75E-36
-17.0198,-2.45E-36
-17.0281,-2.14E-36
-17.0365,-1.83E-36
-17.0448,-1.52E-36
-17.0531,-1.21E-36
-17.0614,-8.97E-37
-17.0697,-5.81E-37
-17.078,-2.65E-37
-17.0863,5.30E-38
-17.0946,3.72E-37
-17.103,6.91E-37
-17.1113,1.01E-36
-17.1196,1.33E-36
-17.1279,1.65E-36
-17.1362,1.97E-36
-17.1446,2.29E-36
-17.1529,2.60E-36
-17.1612,2.92E-36
-17.1696,3.23E-36
-17.1779,3.55E-36
-17.1862,3.86E-36
-17.1945,4.16E-36
-17.2029,4.47E-36
-17.2112,4.77E-36
-17.2195,5.07E-36
-17.2279,5.36E-36
-17.2362,5.65E-36
-17.2445,5.94E-36
-17.2529,6.22E-36
-17.2612,6.50E-36
-17.2696,6.77E-36
-17.2779,7.04E-36
-17.2863,7.30E-36
-17.2946,7.55E-36
-17.3029,7.80E-36
-17.3113,8.04E-36
-17.3196,8.27E-36
-17.328,8.50E-36
-17.3363,8.72E-36
-17.3447,8.92E-36
-17.353,9.12E-36
-17.3614,9.31E-36
-17.3698,9.49E-36
-17.3781,9.66E-36
-17.3865,9.82E-36
-17.3948,9.97E-36
-17.4032,1.01E-35
-17.4116,1.02E-35
-17.4199,1.04E-35
-17.4283,1.05E-35
-17.4366,1.05E-35
-17.445,1.07E-35
-17.4534,1.09E-35
-17.4617,1.11E-35
-17.4701,1.13E-35
-17.4785,1.15E-35
-17.4869,1.16E-35
-17.4952,1.18E-35
-17.5036,1.20E-35
-17.512,1.21E-35
-17.5204,1.23E-35
-17.5287,1.24E-35
-17.5371,1.25E-35
-17.5455,1.27E-35
-17.5539,1.28E-35
-17.5623,1.29E-35
-17.5706,1.30E-35
-17.579,1.31E-35
-17.5874,1.32E-35
-17.5958,1.32E-35
-17.6042,1.33E-35
-17.6126,1.34E-35
-17.621,1.34E-35
-17.6294,1.35E-35
-17.6378,1.35E-35
-17.6461,1.35E-35
-17.6545,1.35E-35
-17.6629,1.35E-35
-17.6713,1.35E-35
-17.6797,1.35E-35
-17.6881,1.34E-35
-17.6965,1.34E-35
-17.7049,1.33E-35
-17.7133,1.33E-35
-17.7217,1.32E-35
-17.7302,1.31E-35
-17.7386,1.30E-35
-17.747,1.29E-35
-17.7554,1.28E-35
-17.7638,1.26E-35
-17.7722,1.25E-35
-17.7806,1.23E-35
-17.789,1.21E-35
-17.7974,1.19E-35
-17.8059,1.17E-35
-17.8143,1.15E-35
-17.8227,1.13E-35
-17.8311,1.10E-35
-17.8395,1.07E-35
-17.848,1.05E-35
-17.8564,1.02E-35
-17.8648,9.85E-36
-17.8732,9.53E-36
-17.8817,9.19E-36
-17.8901,8.83E-36
-17.8985,8.45E-36
-17.9069,8.07E-36
-17.9154,7.66E-36
-17.9238,7.24E-36
-17.9322,6.80E-36
-17.9407,6.34E-36
-17.9491,5.99E-36
-17.9575,5.70E-36
-17.966,5.40E-36
-17.9744,5.11E-36
-17.9829,4.80E-36
-17.9913,4.50E-36
-17.9997,4.19E-36
-18.0082,3.87E-36
-18.0166,3.55E-36
-18.0251,3.23E-36
-18.0335,2.90E-36
-18.042,2.57E-36
-18.0504,2.24E-36
-18.0589,1.91E-36
-18.0673,1.57E-36
-18.0758,1.23E-36
-18.0842,8.86E-37
-18.0927,5.41E-37
-18.1011,1.95E-37
-18.1096,-1.53E-37
-18.1181,-5.02E-37
-18.1265,-8.52E-37
-18.135,-1.20E-36
-18.1434,-1.55E-36
-18.1519,-1.91E-36
-18.1604,-2.26E-36
-18.1688,-2.61E-36
-18.1773,-2.96E-36
-18.1858,-3.31E-36
-18.1942,-3.66E-36
-18.2027,-4.01E-36
-18.2112,-4.35E-36
-18.2197,-4.70E-36
-18.2281,-5.04E-36
-18.2366,-5.38E-36
-18.2451,-5.71E-36
-18.2536,-6.05E-36
-18.262,-6.38E-36
-18.2705,-6.70E-36
-18.279,-7.02E-36
-18.2875,-7.34E-36
-18.296,-7.65E-36
-18.3044,-7.96E-36
-18.3129,-8.26E-36
-18.3214,-8.56E-36
-18.3299,-8.85E-36
-18.3384,-9.13E-36
-18.3469,-9.41E-36
-18.3554,-9.67E-36
-18.3639,-9.93E-36
-18.3723,-1.02E-35
-18.3808,-1.04E-35
-18.3893,-1.07E-35
-18.3978,-1.09E-35
-18.4063,-1.11E-35
-18.4148,-1.13E-35
-18.4233,-1.15E-35
-18.4318,-1.17E-35
-18.4403,-1.19E-35
-18.4488,-1.20E-35
-18.4573,-1.22E-35
-18.4658,-1.25E-35
-18.4743,-1.27E-35
-18.4829,-1.30E-35
-18.4914,-1.32E-35
-18.4999,-1.34E-35
-18.5084,-1.36E-35
-18.5169,-1.38E-35
-18.5254,-1.40E-35
-18.5339,-1.42E-35
-18.5424,-1.44E-35
-18.551,-1.46E-35
-18.5595,-1.48E-35
-18.568,-1.49E-35
-18.5765,-1.51E-35
-18.585,-1.52E-35
-18.5936,-1.54E-35
-18.6021,-1.55E-35
-18.6106,-1.56E-35
-18.6191,-1.57E-35
-18.6277,-1.58E-35
-18.6362,-1.59E-35
-18.6447,-1.60E-35
-18.6532,-1.61E-35
-18.6618,-1.61E-35
-18.6703,-1.62E-35
-18.6788,-1.62E-35
-18.6874,-1.62E-35
-18.6959,-1.62E-35
-18.7044,-1.62E-35
-18.713,-1.62E-35
-18.7215,-1.62E-35
-18.7301,-1.61E-35
-18.7386,-1.61E-35
-18.7471,-1.60E-35
-18.7557,-1.59E-35
-18.7642,-1.58E-35
-18.7728,-1.57E-35
-18.7813,-1.56E-35
-18.7899,-1.54E-35
-18.7984,-1.53E-35
-18.807,-1.51E-35
-18.8155,-1.49E-35
-18.8241,-1.47E-35
-18.8326,-1.45E-35
-18.8412,-1.42E-35
-18.8497,-1.40E-35
-18.8583,-1.37E-35
-18.8669,-1.34E-35
-18.8754,-1.31E-35
-18.884,-1.28E-35
-18.8925,-1.24E-35
-18.9011,-1.21E-35
-18.9097,-1.17E-35
-18.9182,-1.13E-35
-18.9268,-1.09E-35
-18.9354,-1.04E-35
-18.9439,-9.99E-36
-18.9525,-9.51E-36
-18.9611,-9.01E-36
-18.9696,-8.57E-36
-18.9782,-8.26E-36
-18.9868,-7.94E-36
-18.9954,-7.62E-36
-19.0039,-7.29E-36
-19.0125,-6.96E-36
-19.0211,-6.62E-36
-19.0297,-6.27E-36
-19.0382,-5.92E-36
-19.0468,-5.56E-36
-19.0554,-5.20E-36
-19.064,-4.83E-36
-19.0726,-4.46E-36
-19.0812,-4.08E-36
-19.0897,-3.70E-36
-19.0983,-3.31E-36
-19.1069,-2.92E-36
-19.1155,-2.53E-36
-19.1241,-2.13E-36
-19.1327,-1.73E-36
-19.1413,-1.33E-36
-19.1499,-9.19E-37
-19.1585,-5.10E-37
-19.1671,-9.75E-38
-19.1757,3.17E-37
-19.1843,7.33E-37
-19.1929,1.15E-36
-19.2015,1.57E-36
-19.2101,1.99E-36
-19.2187,2.41E-36
-19.2273,2.83E-36
-19.2359,3.25E-36
-19.2445,3.68E-36
-19.2531,4.10E-36
-19.2617,4.52E-36
-19.2703,4.94E-36
-19.2789,5.36E-36
-19.2876,5.78E-36
-19.2962,6.19E-36
-19.3048,6.60E-36
-19.3134,7.01E-36
-19.322,7.42E-36
-19.3306,7.83E-36
-19.3393,8.23E-36
-19.3479,8.63E-36
-19.3565,9.02E-36
-19.3651,9.41E-36
-19.3737,9.79E-36
-19.3824,1.02E-35
-19.391,1.05E-35
-19.3996,1.09E-35
-19.4082,1.13E-35
-19.4169,1.16E-35
-19.4255,1.20E-35
-19.4341,1.23E-35
-19.4428,1.26E-35
-19.4514,1.30E-35
-19.46,1.33E-35
-19.4687,1.36E-35
-19.4773,1.39E-35
-19.4859,1.42E-35
-19.4946,1.45E-35
-19.5032,1.49E-35
-19.5119,1.52E-35
-19.5205,1.55E-35
-19.5292,1.59E-35
-19.5378,1.62E-35
-19.5464,1.65E-35
-19.5551,1.68E-35
-19.5637,1.71E-35
-19.5724,1.74E-35
-19.581,1.76E-35
-19.5897,1.79E-35
-19.5983,1.82E-35
-19.607,1.84E-35
-19.6156,1.87E-35
-19.6243,1.89E-35
-19.633,1.91E-35
-19.6416,1.93E-35
-19.6503,1.95E-35
-19.6589,1.97E-35
-19.6676,1.99E-35
-19.6763,2.00E-35
-19.6849,2.02E-35
-19.6936,2.03E-35
-19.7022,2.04E-35
-19.7109,2.05E-35
-19.7196,2.06E-35
-19.7282,2.07E-35
-19.7369,2.08E-35
-19.7456,2.08E-35
-19.7543,2.09E-35
-19.7629,2.09E-35
-19.7716,2.09E-35
-19.7803,2.09E-35
-19.789,2.09E-35
-19.7976,2.08E-35
-19.8063,2.07E-35
-19.815,2.07E-35
-19.8237,2.06E-35
-19.8324,2.04E-35
-19.841,2.03E-35
-19.8497,2.02E-35
-19.8584,2.00E-35
-19.8671,1.98E-35
-19.8758,1.96E-35
-19.8845,1.93E-35
-19.8932,1.91E-35
-19.9018,1.88E-35
-19.9105,1.85E-35
-19.9192,1.82E-35
-19.9279,1.78E-35
-19.9366,1.74E-35
-19.9453,1.70E-35
-19.954,1.66E-35
-19.9627,1.62E-35
-19.9714,1.57E-35
-19.9801,1.52E-35
-19.9888,1.47E-35
-19.9975,1.42E-35
-20.0062,1.36E-35
-20.0149,1.32E-35
-20.0236,1.28E-35
-20.0323,1.24E-35
-20.041,1.20E-35
-20.0498,1.16E-35
-20.0585,1.12E-35
-20.0672,1.08E-35
-20.0759,1.04E-35
-20.0846,9.94E-36
-20.0933,9.51E-36
-20.102,9.08E-36
-20.1107,8.65E-36
-20.1195,8.22E-36
-20.1282,7.79E-36
-20.1369,7.36E-36
-20.1456,6.94E-36
-20.1543,6.52E-36
-20.1631,6.10E-36
-20.1718,5.68E-36
-20.1805,5.28E-36
-20.1892,4.88E-36
-20.198,4.48E-36
-20.2067,4.10E-36
-20.2154,3.72E-36
-20.2242,3.36E-36
-20.2329,3.00E-36
-20.2416,2.66E-36
-20.2504,2.34E-36
-20.2591,2.02E-36
-20.2678,1.72E-36
-20.2766,1.44E-36
-20.2853,1.18E-36
-20.294,9.37E-37
-20.3028,7.13E-37
-20.3115,5.11E-37
-20.3203,3.31E-37
-20.329,1.75E-37
-20.3378,4.41E-38
-20.3465,-6.07E-38
-20.3553,-1.38E-37
-20.364,-2.72E-37
-20.3728,-4.43E-37
-20.3815,-6.03E-37
-20.3903,-7.53E-37
-20.399,-8.92E-37
-20.4078,-1.02E-36
-20.4165,-1.14E-36
-20.4253,-1.25E-36
-20.434,-1.34E-36
-20.4428,-1.43E-36
-20.4515,-1.50E-36
-20.4603,-1.57E-36
-20.4691,-1.63E-36
-20.4778,-1.67E-36
-20.4866,-1.71E-36
-20.4954,-1.74E-36
-20.5041,-1.76E-36
-20.5129,-1.77E-36
-20.5217,-1.77E-36
-20.5304,-1.77E-36
-20.5392,-1.76E-36
-20.548,-1.74E-36
-20.5567,-1.71E-36
-20.5655,-1.68E-36
-20.5743,-1.64E-36
-20.5831,-1.60E-36
-20.5918,-1.55E-36
-20.6006,-1.50E-36
-20.6094,-1.44E-36
-20.6182,-1.37E-36
-20.627,-1.29E-36
-20.6357,-1.20E-36
-20.6445,-1.11E-36
-20.6533,-1.02E-36
-20.6621,-9.23E-37
-20.6709,-8.24E-37
-20.6797,-7.24E-37
-20.6884,-6.22E-37
-20.6972,-5.20E-37
-20.706,-4.18E-37
-20.7148,-3.16E-37
-20.7236,-2.16E-37
-20.7324,-1.18E-37
-20.7412,-2.25E-38
-20.75,6.95E-38
-20.7588,1.57E-37
-20.7676,2.40E-37
-20.7764,3.17E-37
-20.7852,3.88E-37
-20.794,4.51E-37
-20.8028,5.05E-37
-20.8116,5.51E-37
-20.8204,5.87E-37
-20.8292,6.11E-37
-20.838,6.24E-37
-20.8468,6.24E-37
-20.8556,6.10E-37
-20.8644,5.81E-37
-20.8733,5.89E-37
-20.8821,6.39E-37
-20.8909,6.86E-37
-20.8997,7.30E-37
-20.9085,7.71E-37
-20.9173,8.08E-37
-20.9261,8.42E-37
-20.935,8.72E-37
-20.9438,8.99E-37
-20.9526,9.22E-37
-20.9614,9.42E-37
-20.9703,9.58E-37
-20.9791,9.71E-37
-20.9879,9.80E-37
-20.9967,9.85E-37
-21.0056,9.87E-37
-21.0144,9.85E-37
-21.0232,9.80E-37
-21.032,9.71E-37
-21.0409,9.59E-37
-21.0497,9.44E-37
-21.0585,9.26E-37
-21.0674,9.05E-37
-21.0762,8.81E-37
-21.085,8.55E-37
-21.0939,8.26E-37
-21.1027,7.95E-37
-21.1116,7.62E-37
-21.1204,7.27E-37
-21.1293,6.87E-37
-21.1381,6.40E-37
-21.1469,5.92E-37
-21.1558,5.42E-37
-21.1646,4.90E-37
-21.1735,4.36E-37
-21.1823,3.82E-37
-21.1912,3.26E-37
-21.2,2.70E-37
-21.2089,2.13E-37
-21.2177,1.57E-37
-21.2266,1.00E-37
-21.2354,4.45E-38
-21.2443,-1.03E-38
-21.2532,-6.37E-38
-21.262,-1.15E-37
-21.2709,-1.65E-37
-21.2797,-2.12E-37
-21.2886,-2.55E-37
-21.2975,-2.96E-37
-21.3063,-3.32E-37
-21.3152,-3.64E-37
-21.3241,-3.91E-37
-21.3329,-4.13E-37
-21.3418,-4.29E-37
-21.3507,-4.38E-37
-21.3595,-4.40E-37
-21.3684,-4.34E-37
-21.3773,-4.20E-37
-21.3862,-4.19E-37
-21.395,-4.45E-37
-21.4039,-4.68E-37
-21.4128,-4.89E-37
-21.4217,-5.08E-37
-21.4305,-5.23E-37
-21.4394,-5.36E-37
-21.4483,-5.45E-37
-21.4572,-5.52E-37
-21.4661,-5.55E-37
-21.475,-5.54E-37
-21.4838,-5.50E-37
-21.4927,-5.42E-37
-21.5016,-5.30E-37
-21.5105,-5.14E-37
-21.5194,-4.94E-37
-21.5283,-4.69E-37
-21.5372,-4.40E-37
-21.5461,-4.06E-37
-21.555,-3.68E-37
-21.5639,-3.24E-37
-21.5728,-2.75E-37
-21.5817,-2.21E-37
-21.5906,-1.62E-37
-21.5995,-9.73E-38
-21.6084,-2.70E-38
-21.6173,4.91E-38
-21.6262,1.31E-37
-21.6351,2.19E-37
-21.644,3.02E-37
-21.6529,3.70E-37
-21.6618,4.39E-37
-21.6707,5.10E-37
-21.6796,5.82E-37
-21.6885,6.56E-37
-21.6974,7.31E-37
-21.7064,8.06E-37
-21.7153,8.83E-37
-21.7242,9.59E-37
-21.7331,1.04E-36
-21.742,1.11E-36
-21.7509,1.19E-36
-21.7599,1.27E-36
-21.7688,1.34E-36
-21.7777,1.41E-36
-21.7866,1.49E-36
-21.7955,1.56E-36
-21.8045,1.62E-36
-21.8134,1.69E-36
-21.8223,1.75E-36
-21.8313,1.81E-36
-21.8402,1.86E-36
-21.8491,1.91E-36
-21.858,1.95E-36
-21.867,1.99E-36
-21.8759,2.03E-36
-21.8849,2.06E-36
-21.8938,2.08E-36
-21.9027,2.10E-36
-21.9117,2.15E-36
-21.9206,2.19E-36
-21.9295,2.23E-36
-21.9385,2.27E-36
-21.9474,2.30E-36
-21.9564,2.34E-36
-21.9653,2.36E-36
-21.9743,2.39E-36
-21.9832,2.40E-36
-21.9922,2.42E-36
-22.0011,2.43E-36
-22.0101,2.44E-36
-22.019,2.44E-36
-22.028,2.43E-36
-22.0369,2.42E-36
-22.0459,2.40E-36
-22.0548,2.38E-36
-22.0638,2.36E-36
-22.0727,2.32E-36
-22.0817,2.28E-36
-22.0907,2.23E-36
-22.0996,2.18E-36
-22.1086,2.12E-36
-22.1175,2.05E-36
-22.1265,1.97E-36
-22.1355,1.89E-36
-22.1444,1.79E-36
-22.1534,1.69E-36
-22.1624,1.59E-36
-22.1714,1.51E-36
-22.1803,1.43E-36
-22.1893,1.34E-36
-22.1983,1.26E-36
-22.2072,1.17E-36
-22.2162,1.08E-36
-22.2252,9.95E-37
-22.2342,9.08E-37
-22.2432,8.23E-37
-22.2521,7.39E-37
-22.2611,6.59E-37
-22.2701,5.81E-37
-22.2791,5.08E-37
-22.2881,4.39E-37
-22.2971,3.76E-37
-22.306,3.19E-37
-22.315,2.70E-37
-22.324,2.28E-37
-22.333,1.96E-37
-22.342,1.74E-37
-22.351,1.50E-37
-22.36,1.00E-37
-22.369,5.38E-38
-22.378,1.14E-38
-22.387,-2.69E-38
-22.396,-6.09E-38
-22.405,-9.02E-38
-22.414,-1.15E-37
-22.423,-1.34E-37
-22.432,-1.48E-37
-22.441,-1.57E-37
-22.45,-1.60E-37
-22.459,-1.57E-37
-22.468,-1.48E-37
-22.477,-1.32E-37
-22.486,-1.10E-37
-22.495,-8.19E-38
-22.504,-4.65E-38
-22.513,-4.10E-39
-22.5221,4.55E-38
-22.5311,1.02E-37
-22.5401,1.59E-37
-22.5491,2.03E-37
-22.5581,2.50E-37
-22.5671,2.99E-37
-22.5762,3.49E-37
-22.5852,4.01E-37
-22.5942,4.53E-37
-22.6032,5.06E-37
-22.6122,5.58E-37
-22.6213,6.10E-37
-22.6303,6.61E-37
-22.6393,7.09E-37
-22.6484,7.55E-37
-22.6574,7.97E-37
-22.6664,8.36E-37
-22.6754,8.69E-37
-22.6845,8.97E-37
-22.6935,9.18E-37
-22.7026,9.32E-37
-22.7116,9.37E-37
-22.7206,9.33E-37
-22.7297,9.34E-37
-22.7387,9.59E-37
-22.7477,9.81E-37
-22.7568,9.99E-37
-22.7658,1.01E-36
-22.7749,1.03E-36
-22.7839,1.03E-36
-22.793,1.04E-36
-22.802,1.04E-36
-22.8111,1.03E-36
-22.8201,1.02E-36
-22.8292,1.00E-36
-22.8382,9.84E-37
-22.8473,9.57E-37
-22.8563,9.24E-37
-22.8654,8.85E-37
-22.8744,8.40E-37
-22.8835,7.87E-37
-22.8926,7.29E-37
-22.9016,6.62E-37
-22.9107,5.89E-37
-22.9197,5.17E-37
-22.9288,4.57E-37
-22.9379,3.94E-37
-22.9469,3.29E-37
-22.956,2.62E-37
-22.9651,1.93E-37
-22.9741,1.23E-37
-22.9832,5.22E-38
-22.9923,-1.93E-38
-23.0013,-9.09E-38
-23.0104,-1.62E-37
-23.0195,-2.32E-37
-23.0286,-3.01E-37
-23.0376,-3.68E-37
-23.0467,-4.32E-37
-23.0558,-4.92E-37
-23.0649,-5.49E-37
-23.074,-6.01E-37
-23.083,-6.48E-37
-23.0921,-6.88E-37
-23.1012,-7.22E-37
-23.1103,-7.59E-37
-23.1194,-8.13E-37
-23.1285,-8.63E-37
-23.1376,-9.11E-37
-23.1467,-9.55E-37
-23.1557,-9.96E-37
-23.1648,-1.03E-36
-23.1739,-1.06E-36
-23.183,-1.09E-36
-23.1921,-1.11E-36
-23.2012,-1.13E-36
-23.2103,-1.14E-36
-23.2194,-1.15E-36
-23.2285,-1.14E-36
-23.2376,-1.13E-36
-23.2467,-1.12E-36
-23.2558,-1.09E-36
-23.2649,-1.06E-36
-23.274,-1.02E-36
-23.2831,-9.70E-37
-23.2922,-9.11E-37
-23.3014,-8.55E-37
-23.3105,-8.13E-37
-23.3196,-7.67E-37
-23.3287,-7.18E-37
-23.3378,-6.65E-37
-23.3469,-6.10E-37
-23.356,-5.52E-37
-23.3652,-4.91E-37
-23.3743,-4.28E-37
-23.3834,-3.64E-37
-23.3925,-2.98E-37
-23.4016,-2.31E-37
-23.4108,-1.64E-37
-23.4199,-9.62E-38
-23.429,-2.94E-38
-23.4381,3.63E-38
-23.4473,1.00E-37
-23.4564,1.62E-37
-23.4655,2.22E-37
-23.4746,2.77E-37
-23.4838,3.29E-37
-23.4929,3.85E-37
-23.502,4.52E-37
-23.5112,5.17E-37
-23.5203,5.80E-37
-23.5295,6.40E-37
-23.5386,6.98E-37
-23.5477,7.53E-37
-23.5569,8.03E-37
-23.566,8.50E-37
-23.5752,8.92E-37
-23.5843,9.29E-37
-23.5935,9.60E-37
-23.6026,9.86E-37
-23.6117,1.00E-36
-23.6209,1.02E-36
-23.63,1.02E-36
-23.6392,1.02E-36
-23.6483,1.00E-36
-23.6575,9.79E-37
-23.6667,9.46E-37
-23.6758,9.03E-37
-23.685,8.62E-37
-23.6941,8.31E-37
-23.7033,7.97E-37
-23.7124,7.60E-37
-23.7216,7.21E-37
-23.7308,6.79E-37
-23.7399,6.36E-37
-23.7491,5.93E-37
-23.7583,5.50E-37
-23.7674,5.08E-37
-23.7766,4.68E-37
-23.7858,4.31E-37
-23.7949,3.99E-37
-23.8041,3.73E-37
-23.8133,3.53E-37
-23.8225,3.31E-37
-23.8316,2.90E-37
-23.8408,2.50E-37
-23.85,2.11E-37
-23.8592,1.74E-37
-23.8684,1.38E-37
-23.8775,1.06E-37
-23.8867,7.54E-38
-23.8959,4.81E-38
-23.9051,2.42E-38
-23.9143,3.82E-39
-23.9235,-1.26E-38
-23.9326,-2.48E-38
-23.9418,-3.25E-38
-23.951,-3.52E-38
-23.9602,-3.44E-38
-23.9694,-3.81E-38
-23.9786,-3.89E-38
-23.9878,-3.72E-38
-23.997,-3.31E-38
-24.0062,-2.66E-38
-24.0154,-1.80E-38
-24.0246,-7.67E-39
-24.0338,4.27E-39
-24.043,1.74E-38
-24.0522,3.15E-38
-24.0614,4.59E-38
-24.0706,6.04E-38
-24.0798,7.45E-38
-24.089,8.75E-38
-24.0982,9.91E-38
-24.1074,1.20E-37
-24.1166,1.40E-37
-24.1259,1.61E-37
-24.1351,1.81E-37
-24.1443,2.00E-37
-24.1535,2.19E-37
-24.1627,2.35E-37
-24.1719,2.50E-37
-24.1812,2.61E-37
-24.1904,2.70E-37
-24.1996,2.76E-37
-24.2088,2.77E-37
-24.218,2.74E-37
-24.2273,2.66E-37
-24.2365,2.52E-37
-24.2457,2.48E-37
-24.2549,2.44E-37
-24.2642,2.38E-37
-24.2734,2.30E-37
-24.2826,2.21E-37
-24.2919,2.09E-37
-24.3011,1.96E-37
-24.3103,1.80E-37
-24.3196,1.64E-37
-24.3288,1.45E-37
-24.3381,1.26E-37
-24.3473,1.05E-37
-24.3565,8.39E-38
-24.3658,6.18E-38
-24.375,3.93E-38
-24.3843,1.49E-38
-24.3935,-1.05E-38
-24.4028,-3.61E-38
-24.412,-6.16E-38
-24.4213,-8.67E-38
-24.4305,-1.11E-37
-24.4398,-1.34E-37
-24.449,-1.56E-37
-24.4583,-1.76E-37
-24.4675,-1.93E-37
-24.4768,-2.07E-37
-24.486,-2.19E-37
-24.4953,-2.26E-37
-24.5046,-2.29E-37
-24.5138,-2.26E-37
-24.5231,-2.28E-37
-24.5323,-2.34E-37
-24.5416,-2.38E-37
-24.5509,-2.40E-37
-24.5601,-2.40E-37
-24.5694,-2.38E-37
-24.5787,-2.34E-37
-24.5879,-2.28E-37
-24.5972,-2.19E-37
-24.6065,-2.09E-37
-24.6158,-1.96E-37
-24.625,-1.81E-37
-24.6343,-1.64E-37
-24.6436,-1.46E-37
-24.6529,-1.25E-37
-24.6622,-1.03E-37
-24.6714,-8.21E-38
-24.6807,-6.01E-38
-24.69,-3.74E-38
-24.6993,-1.45E-38
-24.7086,8.47E-39
-24.7179,3.11E-38
-24.7271,5.32E-38
-24.7364,7.42E-38
-24.7457,9.39E-38
-24.755,1.12E-37
-24.7643,1.27E-37
-24.7736,1.40E-37
-24.7829,1.50E-37
-24.7922,1.55E-37
-24.8015,1.61E-37
-24.8108,1.73E-37
-24.8201,1.84E-37
-24.8294,1.93E-37
-24.8387,2.00E-37
-24.848,2.06E-37
-24.8573,2.09E-37
-24.8666,2.11E-37
-24.8759,2.10E-37
-24.8852,2.07E-37
-24.8945,2.01E-37
-24.9038,1.93E-37
-24.9132,1.83E-37
-24.9225,1.69E-37
-24.9318,1.53E-37
-24.9411,1.34E-37
-24.9504,1.19E-37
-24.9597,1.03E-37
-24.969,8.49E-38
-24.9784,6.64E-38
-24.9877,4.73E-38
-24.997,2.78E-38
-25.0063,8.21E-39
-25.0157,-1.12E-38
-25.025,-3.02E-38
-25.0343,-4.83E-38
-25.0436,-6.52E-38
-25.053,-8.04E-38
-25.0623,-9.36E-38
-25.0716,-1.04E-37
-25.081,-1.12E-37
-25.0903,-1.23E-37
-25.0996,-1.33E-37
-25.109,-1.42E-37
-25.1183,-1.49E-37
-25.1277,-1.55E-37
-25.137,-1.59E-37
-25.1463,-1.62E-37
-25.1557,-1.63E-37
-25.165,-1.62E-37
-25.1744,-1.60E-37
-25.1837,-1.57E-37
-25.1931,-1.53E-37
-25.2024,-1.48E-37
-25.2118,-1.42E-37
-25.2211,-1.35E-37
-25.2305,-1.29E-37
-25.2398,-1.22E-37
-25.2492,-1.15E-37
-25.2585,-1.09E-37
-25.2679,-1.04E-37
-25.2772,-1.00E-37
-25.2866,-9.56E-38
-25.296,-8.92E-38
-25.3053,-8.32E-38
-25.3147,-7.77E-38
-25.324,-7.30E-38
-25.3334,-6.92E-38
-25.3428,-6.63E-38
-25.3521,-6.46E-38
-25.3615,-6.42E-38
-25.3709,-6.51E-38
-25.3803,-6.77E-38
-25.3896,-6.95E-38
-25.399,-7.16E-38
-25.4084,-7.42E-38
-25.4178,-7.74E-38
-25.4271,-8.09E-38
-25.4365,-8.46E-38
-25.4459,-8.83E-38
-25.4553,-9.18E-38
-25.4647,-9.49E-38
-25.474,-9.72E-38
-25.4834,-9.88E-38
-25.4928,-1.03E-37
-25.5022,-1.07E-37
-25.5116,-1.10E-37
-25.521,-1.13E-37
-25.5304,-1.15E-37
-25.5398,-1.17E-37
-25.5491,-1.17E-37
-25.5585,-1.17E-37
-25.5679,-1.15E-37
-25.5773,-1.12E-37
-25.5867,-1.08E-37
-25.5961,-1.05E-37
-25.6055,-1.02E-37
-25.6149,-9.84E-38
-25.6243,-9.42E-38
-25.6337,-8.95E-38
-25.6431,-8.46E-38
-25.6526,-7.95E-38
-25.662,-7.43E-38
-25.6714,-6.92E-38
-25.6808,-6.44E-38
-25.6902,-5.90E-38
-25.6996,-5.30E-38
-25.709,-4.71E-38
-25.7184,-4.14E-38
-25.7278,-3.61E-38
-25.7373,-3.13E-38
-25.7467,-2.71E-38
-25.7561,-2.38E-38
-25.7655,-2.15E-38
-25.7749,-2.04E-38
-25.7844,-2.07E-38
-25.7938,-1.95E-38
-25.8032,-1.86E-38
-25.8126,-1.82E-38
-25.8221,-1.83E-38
-25.8315,-1.89E-38
-25.8409,-1.99E-38
-25.8504,-2.14E-38
-25.8598,-2.33E-38
-25.8692,-2.55E-38
-25.8787,-2.79E-38
-25.8881,-3.05E-38
-25.8975,-3.36E-38
-25.907,-3.69E-38
-25.9164,-4.02E-38
-25.9259,-4.35E-38
-25.9353,-4.65E-38
-25.9448,-4.93E-38
-25.9542,-5.15E-38
-25.9636,-5.31E-38
-25.9731,-5.40E-38
-25.9825,-5.38E-38
-25.992,-5.36E-38
-26.0014,-5.44E-38
-26.0109,-5.47E-38
-26.0203,-5.47E-38
-26.0298,-5.42E-38
-26.0393,-5.33E-38
-26.0487,-5.20E-38
-26.0582,-5.02E-38
-26.0676,-4.79E-38
-26.0771,-4.53E-38
-26.0866,-4.22E-38
-26.096,-3.90E-38
-26.1055,-3.56E-38
-26.115,-3.21E-38
-26.1244,-2.85E-38
-26.1339,-2.50E-38
-26.1434,-2.15E-38
-26.1528,-1.83E-38
-26.1623,-1.54E-38
-26.1718,-1.30E-38
-26.1812,-1.12E-38
-26.1907,-1.02E-38
-26.2002,-7.93E-39
-26.2097,-5.84E-39
-26.2192,-4.05E-39
-26.2286,-2.59E-39
-26.2381,-1.52E-39
-26.2476,-8.53E-40
-26.2571,-6.36E-40
-26.2666,-9.01E-40
-26.2761,-1.68E-39
-26.2855,-3.00E-39
-26.295,-4.68E-39
-26.3045,-6.13E-39
-26.314,-7.81E-39
-26.3235,-9.69E-39
-26.333,-1.17E-38
-26.3425,-1.38E-38
-26.352,-1.58E-38
-26.3615,-1.78E-38
-26.371,-1.95E-38
-26.3805,-2.10E-38
-26.39,-2.20E-38
-26.3995,-2.32E-38
-26.409,-2.50E-38
-26.4185,-2.65E-38
-26.428,-2.79E-38
-26.4375,-2.90E-38
-26.447,-2.98E-38
-26.4565,-3.03E-38
-26.4661,-3.03E-38
-26.4756,-2.99E-38
-26.4851,-2.89E-38
-26.4946,-2.74E-38
-26.5041,-2.60E-38
-26.5136,-2.46E-38
-26.5231,-2.30E-38
-26.5327,-2.14E-38
-26.5422,-1.98E-38
-26.5517,-1.85E-38
-26.5612,-1.74E-38
-26.5708,-1.68E-38
-26.5803,-1.54E-38
-26.5898,-1.41E-38
-26.5993,-1.30E-38
-26.6089,-1.20E-38
-26.6184,-1.12E-38
-26.6279,-1.05E-38
-26.6375,-1.01E-38
-26.647,-9.86E-39
-26.6565,-9.69E-39
-26.6661,-9.64E-39
-26.6756,-9.70E-39
-26.6852,-9.81E-39
-26.6947,-9.94E-39
-26.7042,-1.00E-38
-26.7138,-9.98E-39
-26.7233,-1.02E-38
-26.7329,-1.06E-38
-26.7424,-1.09E-38
-26.752,-1.12E-38
-26.7615,-1.15E-38
-26.7711,-1.16E-38
-26.7806,-1.17E-38
-26.7902,-1.16E-38
-26.7997,-1.16E-38
-26.8093,-1.16E-38
-26.8188,-1.15E-38
-26.8284,-1.13E-38
-26.838,-1.12E-38
-26.8475,-1.10E-38
-26.8571,-1.08E-38
-26.8666,-1.05E-38
-26.8762,-1.02E-38
-26.8858,-9.78E-39
-26.8953,-9.39E-39
-26.9049,-9.02E-39
-26.9145,-8.68E-39
-26.9241,-8.39E-39
-26.9336,-8.18E-39
-26.9432,-7.90E-39
-26.9528,-7.60E-39
-26.9623,-7.33E-39
-26.9719,-7.09E-39
-26.9815,-6.87E-39
-26.9911,-6.69E-39
-27.0007,-6.54E-39
-27.0102,-6.43E-39
-27.0198,-6.34E-39
-27.0294,-6.27E-39
-27.039,-6.22E-39
-27.0486,-6.19E-39
-27.0582,-6.16E-39
-27.0678,-6.11E-39
-27.0774,-6.05E-39
-27.0869,-6.01E-39
-27.0965,-6.00E-39
-27.1061,-6.00E-39
-27.1157,-5.99E-39
-27.1253,-5.98E-39
-27.1349,-5.95E-39
-27.1445,-5.89E-39
-27.1541,-5.82E-39
-27.1637,-5.83E-39
-27.1733,-5.87E-39
-27.1829,-5.93E-39
-27.1925,-6.00E-39
-27.2021,-6.07E-39
-27.2117,-6.15E-39
-27.2214,-6.23E-39
-27.231,-6.31E-39
-27.2406,-6.39E-39
-27.2502,-6.45E-39
-27.2598,-6.49E-39
-27.2694,-6.52E-39
-27.279,-6.51E-39
-27.2887,-6.48E-39
-27.2983,-6.40E-39
-27.3079,-6.50E-39
-27.3175,-6.61E-39
-27.3271,-6.73E-39
-27.3368,-6.85E-39
-27.3464,-6.96E-39
-27.356,-7.07E-39
-27.3656,-7.17E-39
-27.3753,-7.26E-39
-27.3849,-7.33E-39
-27.3945,-7.38E-39
-27.4042,-7.41E-39
-27.4138,-7.42E-39
-27.4234,-7.40E-39
-27.4331,-7.34E-39
-27.4427,-7.25E-39
-27.4524,-7.29E-39
-27.462,-7.32E-39
-27.4716,-7.35E-39
-27.4813,-7.37E-39
-27.4909,-7.38E-39
-27.5006,-7.38E-39
-27.5102,-7.38E-39
-27.5199,-7.36E-39
-27.5295,-7.34E-39
-27.5392,-7.30E-39
-27.5488,-7.25E-39
-27.5585,-7.18E-39
-27.5681,-7.10E-39
-27.5778,-7.01E-39
-27.5874,-6.90E-39
-27.5971,-6.83E-39
-27.6067,-6.76E-39
-27.6164,-6.68E-39
-27.6261,-6.60E-39
-27.6357,-6.51E-39
-27.6454,-6.42E-39
-27.6551,-6.33E-39
-27.6647,-6.24E-39
-27.6744,-6.14E-39
-27.6841,-6.05E-39
-27.6937,-5.95E-39
-27.7034,-5.85E-39
-27.7131,-5.76E-39
-27.7227,-5.66E-39
-27.7324,-5.57E-39
-27.7421,-5.46E-39
-27.7518,-5.36E-39
-27.7615,-5.25E-39
-27.7711,-5.15E-39
-27.7808,-5.05E-39
-27.7905,-4.95E-39
-27.8002,-4.85E-39
-27.8099,-4.75E-39
-27.8196,-4.66E-39
-27.8292,-4.57E-39
-27.8389,-4.48E-39
-27.8486,-4.40E-39
-27.8583,-4.32E-39
-27.868,-4.25E-39
-27.8777,-4.18E-39
-27.8874,-4.10E-39
-27.8971,-4.02E-39
-27.9068,-3.94E-39
-27.9165,-3.87E-39
-27.9262,-3.80E-39
-27.9359,-3.73E-39
-27.9456,-3.66E-39
-27.9553,-3.60E-39
-27.965,-3.53E-39
-27.9747,-3.47E-39
-27.9844,-3.41E-39
-27.9941,-3.36E-39
-28.0038,-3.31E-39
-28.0135,-3.25E-39
-28.0233,-3.21E-39
-28.033,-3.16E-39
-28.0427,-3.11E-39
-28.0524,-3.06E-39
-28.0621,-3.02E-39
-28.0718,-2.97E-39
-28.0816,-2.93E-39
-28.0913,-2.89E-39
-28.101,-2.85E-39
-28.1107,-2.81E-39
-28.1205,-2.77E-39
-28.1302,-2.73E-39
-28.1399,-2.69E-39
-28.1496,-2.65E-39
-28.1594,-2.61E-39
-28.1691,-2.58E-39
-28.1788,-2.54E-39
-28.1886,-2.51E-39
-28.1983,-2.48E-39
-28.208,-2.45E-39
-28.2178,-2.42E-39
-28.2275,-2.38E-39
-28.2373,-2.35E-39
-28.247,-2.32E-39
-28.2567,-2.29E-39
-28.2665,-2.26E-39
-28.2762,-2.23E-39
-28.286,-2.20E-39
-28.2957,-2.17E-39
-28.3055,-2.14E-39
-28.3152,-2.10E-39
-28.325,-2.08E-39
-28.3347,-2.05E-39
-28.3445,-2.02E-39
-28.3542,-1.99E-39
-28.364,-1.96E-39
-28.3737,-1.94E-39
-28.3835,-1.91E-39
-28.3933,-1.88E-39
-28.403,-1.85E-39
-28.4128,-1.83E-39
-28.4225,-1.80E-39
-28.4323,-1.77E-39
-28.4421,-1.75E-39
-28.4518,-1.72E-39
-28.4616,-1.69E-39
-28.4714,-1.67E-39
-28.4812,-1.64E-39
-28.4909,-1.62E-39
-28.5007,-1.59E-39
-28.5105,-1.56E-39
-28.5203,-1.54E-39
-28.53,-1.51E-39
-28.5398,-1.49E-39
-28.5496,-1.47E-39
-28.5594,-1.44E-39
-28.5692,-1.42E-39
-28.5789,-1.39E-39
-28.5887,-1.37E-39
-28.5985,-1.35E-39
-28.6083,-1.33E-39
-28.6181,-1.30E-39
-28.6279,-1.28E-39
-28.6377,-1.26E-39
-28.6475,-1.24E-39
-28.6572,-1.22E-39
-28.667,-1.20E-39
-28.6768,-1.18E-39
-28.6866,-1.16E-39
-28.6964,-1.15E-39
-28.7062,-1.13E-39
-28.716,-1.11E-39
-28.7258,-1.09E-39
-28.7356,-1.07E-39
-28.7454,-1.05E-39
-28.7552,-1.03E-39
-28.7651,-1.01E-39
-28.7749,-9.93E-40
-28.7847,-9.75E-40
-28.7945,-9.57E-40
-28.8043,-9.40E-40
-28.8141,-9.23E-40
-28.8239,-9.06E-40
-28.8337,-8.89E-40
-28.8436,-8.73E-40
-28.8534,-8.57E-40
-28.8632,-8.42E-40
-28.873,-8.27E-40
-28.8828,-8.13E-40
-28.8927,-7.99E-40
-28.9025,-7.85E-40
-28.9123,-7.72E-40
-28.9221,-7.59E-40
-28.932,-7.47E-40
-28.9418,-7.36E-40
-28.9516,-7.25E-40
-28.9615,-7.13E-40
-28.9713,-7.00E-40
-28.9811,-6.88E-40
-28.991,-6.76E-40
-29.0008,-6.64E-40
-29.0106,-6.52E-40
-29.0205,-6.41E-40
-29.0303,-6.30E-40
-29.0402,-6.19E-40
-29.05,-6.09E-40
-29.0598,-5.99E-40
-29.0697,-5.89E-40
-29.0795,-5.79E-40
-29.0894,-5.70E-40
-29.0992,-5.60E-40
-29.1091,-5.51E-40
-29.1189,-5.43E-40
-29.1288,-5.34E-40
-29.1386,-5.26E-40
-29.1485,-5.18E-40
-29.1584,-5.11E-40
-29.1682,-5.03E-40
-29.1781,-4.96E-40
-29.1879,-4.89E-40
-29.1978,-4.83E-40
-29.2077,-4.76E-40
-29.2175,-4.69E-40
-29.2274,-4.63E-40
-29.2372,-4.56E-40
-29.2471,-4.50E-40
-29.257,-4.44E-40
-29.2669,-4.38E-40
-29.2767,-4.32E-40
-29.2866,-4.26E-40
-29.2965,-4.20E-40
-29.3063,-4.14E-40
-29.3162,-4.09E-40
-29.3261,-4.03E-40
-29.336,-3.98E-40
-29.3459,-3.93E-40
-29.3557,-3.88E-40
-29.3656,-3.83E-40
-29.3755,-3.78E-40
-29.3854,-3.73E-40
-29.3953,-3.68E-40
-29.4052,-3.63E-40
-29.415,-3.58E-40
-29.4249,-3.53E-40
-29.4348,-3.49E-40
-29.4447,-3.44E-40
-29.4546,-3.39E-40
-29.4645,-3.35E-40
-29.4744,-3.31E-40
-29.4843,-3.26E-40
-29.4942,-3.22E-40
-29.5041,-3.18E-40
-29.514,-3.15E-40
-29.5239,-3.11E-40
-29.5338,-3.07E-40
-29.5437,-3.03E-40
-29.5536,-2.99E-40
-29.5635,-2.96E-40
-29.5734,-2.92E-40
-29.5833,-2.88E-40
-29.5932,-2.85E-40
-29.6032,-2.81E-40
-29.6131,-2.78E-40
-29.623,-2.74E-40
-29.6329,-2.71E-40
-29.6428,-2.67E-40
-29.6527,-2.64E-40
-29.6627,-2.60E-40
-29.6726,-2.57E-40
-29.6825,-2.53E-40
-29.6924,-2.50E-40
-29.7023,-2.46E-40
-29.7123,-2.43E-40
-29.7222,-2.39E-40
-29.7321,-2.36E-40
-29.742,-2.33E-40
-29.752,-2.30E-40
-29.7619,-2.27E-40
-29.7718,-2.24E-40
-29.7818,-2.21E-40
-29.7917,-2.18E-40
-29.8016,-2.15E-40
-29.8116,-2.12E-40
-29.8215,-2.09E-40
-29.8315,-2.06E-40
-29.8414,-2.03E-40
-29.8513,-2.01E-40
-29.8613,-1.98E-40
-29.8712,-1.95E-40
-29.8812,-1.92E-40
-29.8911,-1.90E-40
-29.9011,-1.87E-40
-29.911,-1.84E-40
-29.921,-1.82E-40
-29.9309,-1.79E-40
-29.9409,-1.77E-40
-29.9508,-1.74E-40
-29.9608,-1.72E-40
-29.9707,-1.69E-40
-29.9807,-1.67E-40
-29.9907,-1.64E-40
-30.0006,-1.62E-40
-30.0106,-1.60E-40
-30.0205,-1.57E-40
-30.0305,-1.55E-40
-30.0405,-1.53E-40
-30.0504,-1.50E-40
-30.0604,-1.48E-40
-30.0704,-1.46E-40
-30.0803,-1.44E-40
-30.0903,-1.42E-40
-30.1003,-1.40E-40
-30.1102,-1.38E-40
-30.1202,-1.36E-40
-30.1302,-1.34E-40
-30.1402,-1.32E-40
-30.1502,-1.30E-40
-30.1601,-1.28E-40
-30.1701,-1.26E-40
-30.1801,-1.24E-40
-30.1901,-1.23E-40
-30.2001,-1.21E-40
-30.21,-1.19E-40
-30.22,-1.18E-40
-30.23,-1.16E-40
-30.24,-1.14E-40
-30.25,-1.13E-40
-30.26,-1.11E-40
-30.27,-1.10E-40
-30.28,-1.08E-40
-30.29,-1.07E-40
-30.3,-1.05E-40
-30.31,-1.04E-40
-30.32,-1.02E-40
-30.33,-1.01E-40
-30.34,-9.93E-41
-30.35,-9.79E-41
-30.36,-9.65E-41
-30.37,-9.52E-41
-30.38,-9.39E-41
-30.39,-9.27E-41
-30.4,-9.14E-41
-30.41,-9.02E-41
-30.42,-8.90E-41
-30.43,-8.78E-41
-30.44,-8.67E-41
-30.45,-8.56E-41
-30.4601,-8.45E-41
-30.4701,-8.34E-41
-30.4801,-8.24E-41
-30.4901,-8.13E-41
-30.5001,-8.03E-41
-30.5101,-7.92E-41
-30.5202,-7.82E-41
-30.5302,-7.72E-41
-30.5402,-7.62E-41
-30.5502,-7.53E-41
-30.5603,-7.43E-41
-30.5703,-7.34E-41
-30.5803,-7.25E-41
-30.5903,-7.16E-41
-30.6004,-7.07E-41
-30.6104,-6.98E-41
-30.6204,-6.89E-41
-30.6305,-6.81E-41
-30.6405,-6.73E-41
-30.6506,-6.64E-41
-30.6606,-6.56E-41
-30.6706,-6.48E-41
-30.6807,-6.40E-41
-30.6907,-6.32E-41
-30.7008,-6.24E-41
-30.7108,-6.16E-41
-30.7208,-6.09E-41
-30.7309,-6.01E-41
-30.7409,-5.94E-41
-30.751,-5.87E-41
-30.761,-5.80E-41
-30.7711,-5.73E-41
-30.7811,-5.66E-41
-30.7912,-5.59E-41
-30.8012,-5.52E-41
-30.8113,-5.46E-41
-30.8214,-5.39E-41
-30.8314,-5.33E-41
-30.8415,-5.26E-41
-30.8515,-5.20E-41
-30.8616,-5.14E-41
-30.8717,-5.08E-41
-30.8817,-5.01E-41
-30.8918,-4.95E-41
-30.9019,-4.89E-41
-30.9119,-4.83E-41
-30.922,-4.77E-41
-30.9321,-4.71E-41
-30.9421,-4.65E-41
-30.9522,-4.60E-41
-30.9623,-4.54E-41
-30.9723,-4.48E-41
-30.9824,-4.42E-41
-30.9925,-4.37E-41
-31.0026,-4.31E-41
-31.0127,-4.26E-41
-31.0227,-4.21E-41
-31.0328,-4.15E-41
-31.0429,-4.10E-41
-31.053,-4.05E-41
-31.0631,-4.00E-41
-31.0731,-3.95E-41
-31.0832,-3.90E-41
-31.0933,-3.85E-41
-31.1034,-3.80E-41
-31.1135,-3.76E-41
-31.1236,-3.71E-41
-31.1337,-3.66E-41
-31.1438,-3.61E-41
-31.1539,-3.57E-41
-31.164,-3.52E-41
-31.1741,-3.48E-41
-31.1842,-3.43E-41
-31.1943,-3.39E-41
-31.2044,-3.35E-41
-31.2145,-3.30E-41
-31.2246,-3.26E-41
-31.2347,-3.22E-41
-31.2448,-3.18E-41
-31.2549,-3.14E-41
-31.265,-3.10E-41
-31.2751,-3.06E-41
-31.2852,-3.02E-41
-31.2953,-2.98E-41
-31.3054,-2.94E-41
-31.3155,-2.90E-41
-31.3257,-2.86E-41
-31.3358,-2.83E-41
-31.3459,-2.79E-41
-31.356,-2.75E-41
-31.3661,-2.72E-41
-31.3762,-2.68E-41
-31.3864,-2.65E-41
-31.3965,-2.61E-41
-31.4066,-2.58E-41
-31.4167,-2.55E-41
-31.4269,-2.51E-41
-31.437,-2.48E-41
-31.4471,-2.45E-41
-31.4572,-2.42E-41
-31.4674,-2.39E-41
-31.4775,-2.36E-41
-31.4876,-2.33E-41
-31.4978,-2.30E-41
-31.5079,-2.27E-41
-31.518,-2.24E-41
-31.5282,-2.22E-41
-31.5383,-2.19E-41
-31.5484,-2.16E-41
-31.5586,-2.13E-41
-31.5687,-2.11E-41
-31.5789,-2.08E-41
-31.589,-2.05E-41
-31.5991,-2.03E-41
-31.6093,-2.00E-41
-31.6194,-1.98E-41
-31.6296,-1.95E-41
-31.6397,-1.93E-41
-31.6499,-1.90E-41
-31.66,-1.88E-41
-31.6702,-1.86E-41
-31.6803,-1.83E-41
-31.6905,-1.81E-41
-31.7007,-1.79E-41
-31.7108,-1.77E-41
-31.721,-1.75E-41
-31.7311,-1.73E-41
-31.7413,-1.71E-41
-31.7514,-1.69E-41
-31.7616,-1.67E-41
-31.7718,-1.65E-41
-31.7819,-1.63E-41
-31.7921,-1.61E-41
-31.8023,-1.59E-41
-31.8124,-1.57E-41
-31.8226,-1.55E-41
-31.8328,-1.53E-41
-31.8429,-1.51E-41
-31.8531,-1.50E-41
-31.8633,-1.48E-41
-31.8735,-1.46E-41
-31.8836,-1.45E-41
-31.8938,-1.43E-41
-31.904,-1.41E-41
-31.9142,-1.40E-41
-31.9243,-1.38E-41
-31.9345,-1.36E-41
-31.9447,-1.35E-41
-31.9549,-1.33E-41
-31.9651,-1.32E-41
-31.9753,-1.30E-41
-31.9854,-1.29E-41
-31.9956,-1.27E-41
-32.0058,-1.26E-41
-32.016,-1.24E-41
-32.0262,-1.23E-41
-32.0364,-1.21E-41
-32.0466,-1.20E-41
-32.0568,-1.19E-41
-32.067,-1.17E-41
-32.0772,-1.16E-41
-32.0874,-1.15E-41
-32.0976,-1.13E-41
-32.1078,-1.12E-41
-32.118,-1.11E-41
-32.1282,-1.09E-41
-32.1384,-1.08E-41
-32.1486,-1.07E-41
-32.1588,-1.06E-41
-32.169,-1.04E-41
-32.1792,-1.03E-41
-32.1894,-1.02E-41
-32.1996,-1.01E-41
-32.2098,-9.97E-42
-32.22,-9.86E-42
-32.2302,-9.74E-42
-32.2404,-9.63E-42
-32.2506,-9.52E-42
-32.2609,-9.41E-42
-32.2711,-9.29E-42
-32.2813,-9.19E-42
-32.2915,-9.08E-42
-32.3017,-8.97E-42
-32.312,-8.87E-42
-32.3222,-8.77E-42
-32.3324,-8.67E-42
-32.3426,-8.57E-42
-32.3528,-8.47E-42
-32.3631,-8.37E-42
-32.3733,-8.27E-42
-32.3835,-8.17E-42
-32.3938,-8.08E-42
-32.404,-7.99E-42
-32.4142,-7.89E-42
-32.4244,-7.80E-42
-32.4347,-7.71E-42
-32.4449,-7.62E-42
-32.4551,-7.53E-42
-32.4654,-7.44E-42
-32.4756,-7.36E-42
-32.4859,-7.27E-42
-32.4961,-7.18E-42
-32.5063,-7.10E-42
-32.5166,-7.02E-42
-32.5268,-6.94E-42
-32.5371,-6.85E-42
-32.5473,-6.77E-42
-32.5575,-6.69E-42
-32.5678,-6.62E-42
-32.578,-6.54E-42
-32.5883,-6.46E-42
-32.5985,-6.39E-42
-32.6088,-6.31E-42
-32.619,-6.24E-42
-32.6293,-6.16E-42
-32.6395,-6.09E-42
-32.6498,-6.02E-42
-32.6601,-5.95E-42
-32.6703,-5.88E-42
-32.6806,-5.81E-42
-32.6908,-5.74E-42
-32.7011,-5.68E-42
-32.7114,-5.61E-42
-32.7216,-5.55E-42
-32.7319,-5.48E-42
-32.7421,-5.42E-42
-32.7524,-5.36E-42
-32.7627,-5.30E-42
-32.7729,-5.23E-42
-32.7832,-5.18E-42
-32.7935,-5.12E-42
-32.8037,-5.06E-42
-32.814,-5.00E-42
-32.8243,-4.94E-42
-32.8346,-4.88E-42
-32.8448,-4.82E-42
-32.8551,-4.76E-42
-32.8654,-4.71E-42
-32.8757,-4.65E-42
-32.8859,-4.59E-42
-32.8962,-4.54E-42
-32.9065,-4.48E-42
-32.9168,-4.43E-42
-32.9271,-4.37E-42
-32.9373,-4.32E-42
-32.9476,-4.27E-42
-32.9579,-4.21E-42
-32.9682,-4.16E-42
-32.9785,-4.11E-42
-32.9888,-4.06E-42
-32.9991,-4.01E-42
-33.0094,-3.96E-42
-33.0197,-3.91E-42
-33.0299,-3.86E-42
-33.0402,-3.81E-42
-33.0505,-3.76E-42
-33.0608,-3.72E-42
-33.0711,-3.67E-42
-33.0814,-3.62E-42
-33.0917,-3.58E-42
-33.102,-3.53E-42
-33.1123,-3.49E-42
-33.1226,-3.44E-42
-33.1329,-3.40E-42
-33.1432,-3.36E-42
-33.1535,-3.32E-42
-33.1638,-3.28E-42
-33.1741,-3.24E-42
-33.1844,-3.20E-42
-33.1948,-3.16E-42
-33.2051,-3.12E-42
-33.2154,-3.08E-42
-33.2257,-3.04E-42
-33.236,-3.01E-42
-33.2463,-2.97E-42
-33.2566,-2.93E-42
-33.2669,-2.90E-42
-33.2773,-2.87E-42
-33.2876,-2.83E-42
-33.2979,-2.80E-42
-33.3082,-2.77E-42
-33.3185,-2.74E-42
-33.3289,-2.71E-42
-33.3392,-2.68E-42
-33.3495,-2.65E-42
-33.3598,-2.62E-42
-33.3701,-2.58E-42
-33.3805,-2.55E-42
-33.3908,-2.52E-42
-33.4011,-2.50E-42
-33.4115,-2.47E-42
-33.4218,-2.44E-42
-33.4321,-2.41E-42
-33.4425,-2.38E-42
-33.4528,-2.35E-42
-33.4631,-2.33E-42
-33.4735,-2.30E-42
-33.4838,-2.28E-42
-33.4941,-2.25E-42
-33.5045,-2.22E-42
-33.5148,-2.20E-42
-33.5251,-2.18E-42
-33.5355,-2.15E-42
-33.5458,-2.13E-42
-33.5562,-2.10E-42
-33.5665,-2.08E-42
-33.5769,-2.06E-42
-33.5872,-2.04E-42
-33.5975,-2.01E-42
-33.6079,-1.99E-42
-33.6182,-1.97E-42
-33.6286,-1.95E-42
-33.6389,-1.93E-42
-33.6493,-1.91E-42
-33.6596,-1.89E-42
-33.67,-1.87E-42
-33.6804,-1.85E-42
-33.6907,-1.83E-42
-33.7011,-1.81E-42
-33.7114,-1.79E-42
-33.7218,-1.77E-42
-33.7321,-1.75E-42
-33.7425,-1.74E-42
-33.7529,-1.72E-42
-33.7632,-1.70E-42
-33.7736,-1.68E-42
-33.7839,-1.66E-42
-33.7943,-1.65E-42
-33.8047,-1.63E-42
-33.815,-1.61E-42
-33.8254,-1.60E-42
-33.8358,-1.58E-42
-33.8461,-1.56E-42
-33.8565,-1.55E-42
-33.8669,-1.53E-42
-33.8773,-1.52E-42
-33.8876,-1.50E-42
-33.898,-1.48E-42
-33.9084,-1.47E-42
-33.9188,-1.45E-42
-33.9291,-1.44E-42
-33.9395,-1.42E-42
-33.9499,-1.41E-42
-33.9603,-1.40E-42
-33.9706,-1.38E-42
-33.981,-1.37E-42
-33.9914,-1.35E-42
-34.0018,-1.34E-42
-34.0122,-1.33E-42
-34.0226,-1.31E-42
-34.033,-1.30E-42
-34.0433,-1.29E-42
-34.0537,-1.27E-42
-34.0641,-1.26E-42
-34.0745,-1.25E-42
-34.0849,-1.23E-42
-34.0953,-1.22E-42
-34.1057,-1.21E-42
-34.1161,-1.20E-42
-34.1265,-1.18E-42
-34.1369,-1.17E-42
-34.1473,-1.16E-42
-34.1577,-1.15E-42
-34.1681,-1.14E-42
-34.1785,-1.12E-42
-34.1889,-1.11E-42
-34.1993,-1.10E-42
-34.2097,-1.09E-42
-34.2201,-1.08E-42
-34.2305,-1.07E-42
-34.2409,-1.06E-42
-34.2513,-1.04E-42
-34.2617,-1.03E-42
-34.2721,-1.02E-42
-34.2825,-1.01E-42
-34.2929,-1.00E-42
-34.3033,-9.90E-43
-34.3137,-9.80E-43
-34.3241,-9.69E-43
-34.3345,-9.59E-43
-34.345,-9.49E-43
-34.3554,-9.39E-43
-34.3658,-9.29E-43
-34.3762,-9.19E-43
-34.3866,-9.09E-43
-34.397,-8.99E-43
-34.4075,-8.90E-43
-34.4179,-8.80E-43
-34.4283,-8.71E-43
-34.4387,-8.62E-43
-34.4491,-8.52E-43
-34.4596,-8.43E-43
-34.47,-8.34E-43
-34.4804,-8.25E-43
-34.4908,-8.17E-43
-34.5013,-8.08E-43
-34.5117,-7.99E-43
-34.5221,-7.91E-43
-34.5326,-7.82E-43
-34.543,-7.74E-43
-34.5534,-7.66E-43
-34.5638,-7.58E-43
-34.5743,-7.50E-43
-34.5847,-7.42E-43
-34.5952,-7.34E-43
-34.6056,-7.27E-43
-34.616,-7.19E-43
-34.6265,-7.12E-43
-34.6369,-7.04E-43
-34.6473,-6.97E-43
-34.6578,-6.89E-43
-34.6682,-6.82E-43
-34.6787,-6.75E-43
-34.6891,-6.67E-43
-34.6995,-6.60E-43
-34.71,-6.53E-43
-34.7204,-6.46E-43
-34.7309,-6.39E-43
-34.7413,-6.32E-43
-34.7518,-6.25E-43
-34.7622,-6.19E-43
-34.7727,-6.12E-43
-34.7831,-6.05E-43
-34.7936,-5.99E-43
-34.804,-5.93E-43
-34.8145,-5.86E-43
-34.8249,-5.80E-43
-34.8354,-5.74E-43
-34.8459,-5.68E-43
-34.8563,-5.62E-43
-34.8668,-5.56E-43
-34.8772,-5.50E-43
-34.8877,-5.44E-43
-34.8981,-5.39E-43
-34.9086,-5.33E-43
-34.9191,-5.28E-43
-34.9295,-5.22E-43
-34.94,-5.17E-43
-34.9505,-5.11E-43
-34.9609,-5.06E-43
-34.9714,-5.01E-43
-34.9819,-4.96E-43
-34.9923,-4.91E-43
-35.0028,-4.86E-43
-35.0133,-4.81E-43
-35.0237,-4.77E-43
-35.0342,-4.72E-43
-35.0447,-4.67E-43
-35.0552,-4.63E-43
-35.0656,-4.58E-43
-35.0761,-4.53E-43
-35.0866,-4.49E-43
-35.0971,-4.44E-43
-35.1075,-4.40E-43
-35.118,-4.36E-43
-35.1285,-4.32E-43
-35.139,-4.27E-43
-35.1494,-4.23E-43
-35.1599,-4.19E-43
-35.1704,-4.15E-43
-35.1809,-4.11E-43
-35.1914,-4.07E-43
-35.2019,-4.03E-43
-35.2124,-4.00E-43
-35.2228,-3.96E-43
-35.2333,-3.92E-43
-35.2438,-3.88E-43
-35.2543,-3.85E-43
-35.2648,-3.81E-43
-35.2753,-3.78E-43
-35.2858,-3.74E-43
-35.2963,-3.71E-43
-35.3068,-3.67E-43
-35.3173,-3.64E-43
-35.3277,-3.61E-43
-35.3382,-3.57E-43
-35.3487,-3.54E-43
-35.3592,-3.51E-43
-35.3697,-3.48E-43
-35.3802,-3.45E-43
-35.3907,-3.41E-43
-35.4012,-3.38E-43
-35.4117,-3.35E-43
-35.4222,-3.32E-43
-35.4327,-3.29E-43
-35.4432,-3.26E-43
-35.4538,-3.24E-43
-35.4643,-3.21E-43
-35.4748,-3.18E-43
-35.4853,-3.15E-43
-35.4958,-3.13E-43
-35.5063,-3.10E-43
-35.5168,-3.07E-43
-35.5273,-3.05E-43
-35.5378,-3.02E-43
-35.5483,-2.99E-43
-35.5588,-2.97E-43
-35.5694,-2.94E-43
-35.5799,-2.92E-43
-35.5904,-2.89E-43
-35.6009,-2.87E-43
-35.6114,-2.84E-43
-35.6219,-2.82E-43
-35.6325,-2.79E-43
-35.643,-2.77E-43
-35.6535,-2.74E-43
-35.664,-2.72E-43
-35.6745,-2.70E-43
-35.6851,-2.67E-43
-35.6956,-2.65E-43
-35.7061,-2.63E-43
-35.7166,-2.60E-43
-35.7272,-2.58E-43
-35.7377,-2.55E-43
-35.7482,-2.53E-43
-35.7588,-2.51E-43
-35.7693,-2.48E-43
-35.7798,-2.46E-43
-35.7903,-2.43E-43
-35.8009,-2.41E-43
-35.8114,-2.39E-43
-35.8219,-2.37E-43
-35.8325,-2.34E-43
-35.843,-2.32E-43
-35.8535,-2.30E-43
-35.8641,-2.28E-43
-35.8746,-2.26E-43
-35.8852,-2.24E-43
-35.8957,-2.22E-43
-35.9062,-2.19E-43
-35.9168,-2.17E-43
-35.9273,-2.15E-43
-35.9379,-2.13E-43
-35.9484,-2.11E-43
-35.9589,-2.09E-43
-35.9695,-2.07E-43
-35.98,-2.05E-43
-35.9906,-2.03E-43
-36.0011,-2.01E-43
-36.0117,-1.99E-43
-36.0222,-1.97E-43
-36.0328,-1.95E-43
-36.0433,-1.93E-43
-36.0539,-1.91E-43
-36.0644,-1.89E-43
-36.075,-1.87E-43
-36.0855,-1.85E-43
-36.0961,-1.83E-43
-36.1066,-1.81E-43
-36.1172,-1.80E-43
-36.1278,-1.78E-43
-36.1383,-1.76E-43
-36.1489,-1.74E-43
-36.1594,-1.72E-43
-36.17,-1.70E-43
-36.1805,-1.68E-43
-36.1911,-1.66E-43
-36.2017,-1.65E-43
-36.2122,-1.63E-43
-36.2228,-1.61E-43
-36.2334,-1.59E-43
-36.2439,-1.57E-43
-36.2545,-1.56E-43
-36.2651,-1.54E-43
-36.2756,-1.52E-43
-36.2862,-1.51E-43
-36.2968,-1.49E-43
-36.3073,-1.47E-43
-36.3179,-1.45E-43
-36.3285,-1.44E-43
-36.339,-1.42E-43
-36.3496,-1.41E-43
-36.3602,-1.39E-43
-36.3708,-1.37E-43
-36.3813,-1.36E-43
-36.3919,-1.34E-43
-36.4025,-1.33E-43
-36.4131,-1.31E-43
-36.4236,-1.30E-43
-36.4342,-1.28E-43
-36.4448,-1.27E-43
-36.4554,-1.25E-43
-36.466,-1.24E-43
-36.4765,-1.23E-43
-36.4871,-1.21E-43
-36.4977,-1.20E-43
-36.5083,-1.19E-43
-36.5189,-1.17E-43
-36.5295,-1.16E-43
-36.5401,-1.15E-43
-36.5506,-1.14E-43
-36.5612,-1.13E-43
-36.5718,-1.11E-43
-36.5824,-1.10E-43
-36.593,-1.09E-43
-36.6036,-1.08E-43
-36.6142,-1.07E-43
-36.6248,-1.06E-43
-36.6354,-1.05E-43
-36.646,-1.04E-43
-36.6566,-1.03E-43
-36.6672,-1.02E-43
-36.6777,-1.01E-43
-36.6883,-9.97E-44
-36.6989,-9.87E-44
-36.7095,-9.77E-44
-36.7201,-9.67E-44
-36.7307,-9.58E-44
-36.7413,-9.49E-44
-36.7519,-9.40E-44
-36.7625,-9.31E-44
-36.7731,-9.22E-44
-36.7838,-9.14E-44
-36.7944,-9.05E-44
-36.805,-8.97E-44
-36.8156,-8.89E-44
-36.8262,-8.82E-44
-36.8368,-8.74E-44
-36.8474,-8.67E-44
-36.858,-8.60E-44
-36.8686,-8.53E-44
-36.8792,-8.46E-44
-36.8898,-8.39E-44
-36.9004,-8.33E-44
-36.9111,-8.27E-44
-36.9217,-8.21E-44
-36.9323,-8.15E-44
-36.9429,-8.09E-44
-36.9535,-8.04E-44
-36.9641,-7.99E-44
-36.9747,-7.93E-44
-36.9854,-7.88E-44
-36.996,-7.84E-44
-37.0066,-7.79E-44
-37.0172,-7.74E-44
-37.0278,-7.69E-44
-37.0385,-7.64E-44
-37.0491,-7.60E-44
-37.0597,-7.55E-44
-37.0703,-7.51E-44
-37.081,-7.47E-44
-37.0916,-7.42E-44
-37.1022,-7.38E-44
-37.1128,-7.34E-44
-37.1235,-7.30E-44
-37.1341,-7.26E-44
-37.1447,-7.22E-44
-37.1553,-7.19E-44
-37.166,-7.15E-44
-37.1766,-7.11E-44
-37.1872,-7.07E-44
-37.1979,-7.04E-44
-37.2085,-7.00E-44
-37.2191,-6.96E-44
-37.2298,-6.93E-44
-37.2404,-6.89E-44
-37.251,-6.85E-44
-37.2617,-6.82E-44
-37.2723,-6.78E-44
-37.283,-6.74E-44
-37.2936,-6.71E-44
-37.3042,-6.67E-44
-37.3149,-6.63E-44
-37.3255,-6.59E-44
-37.3362,-6.55E-44
-37.3468,-6.51E-44
-37.3575,-6.47E-44
-37.3681,-6.42E-44
-37.3787,-6.38E-44
-37.3894,-6.33E-44
-37.4,-6.29E-44
-37.4107,-6.25E-44
-37.4213,-6.21E-44
-37.432,-6.18E-44
-37.4426,-6.14E-44
-37.4533,-6.11E-44
-37.4639,-6.07E-44
-37.4746,-6.04E-44
-37.4852,-6.00E-44
-37.4959,-5.96E-44
-37.5065,-5.93E-44
-37.5172,-5.89E-44
-37.5278,-5.85E-44
-37.5385,-5.81E-44
-37.5492,-5.78E-44
-37.5598,-5.74E-44
-37.5705,-5.70E-44
-37.5811,-5.66E-44
-37.5918,-5.62E-44
-37.6024,-5.57E-44
-37.6131,-5.53E-44
-37.6238,-5.49E-44
-37.6344,-5.45E-44
-37.6451,-5.40E-44
-37.6558,-5.36E-44
-37.6664,-5.31E-44
-37.6771,-5.27E-44
-37.6878,-5.22E-44
-37.6984,-5.17E-44
-37.7091,-5.12E-44
-37.7198,-5.07E-44
-37.7304,-5.02E-44
-37.7411,-4.97E-44
-37.7518,-4.92E-44
-37.7624,-4.86E-44
-37.7731,-4.81E-44
-37.7838,-4.75E-44
-37.7945,-4.69E-44
-37.8051,-4.64E-44
-37.8158,-4.59E-44
-37.8265,-4.53E-44
-37.8371,-4.48E-44
-37.8478,-4.43E-44
-37.8585,-4.38E-44
-37.8692,-4.33E-44
-37.8799,-4.28E-44
-37.8905,-4.22E-44
-37.9012,-4.17E-44
-37.9119,-4.12E-44
-37.9226,-4.07E-44
-37.9333,-4.01E-44
-37.9439,-3.96E-44
-37.9546,-3.91E-44
-37.9653,-3.86E-44
-37.976,-3.80E-44
-37.9867,-3.75E-44
-37.9974,-3.70E-44
-38.0081,-3.65E-44
-38.0187,-3.60E-44
-38.0294,-3.55E-44
-38.0401,-3.50E-44
-38.0508,-3.45E-44
-38.0615,-3.40E-44
-38.0722,-3.35E-44
-38.0829,-3.30E-44
-38.0936,-3.26E-44
-38.1043,-3.21E-44
-38.115,-3.16E-44
-38.1257,-3.12E-44
-38.1364,-3.08E-44
-38.147,-3.03E-44
-38.1577,-2.99E-44
-38.1684,-2.95E-44
-38.1791,-2.91E-44
-38.1898,-2.87E-44
-38.2005,-2.84E-44
-38.2112,-2.79E-44
-38.2219,-2.75E-44
-38.2326,-2.71E-44
-38.2433,-2.67E-44
-38.254,-2.62E-44
-38.2647,-2.58E-44
-38.2755,-2.54E-44
-38.2862,-2.50E-44
-38.2969,-2.46E-44
-38.3076,-2.43E-44
-38.3183,-2.39E-44
-38.329,-2.35E-44
-38.3397,-2.32E-44
-38.3504,-2.28E-44
-38.3611,-2.25E-44
-38.3718,-2.22E-44
-38.3825,-2.18E-44
-38.3932,-2.15E-44
-38.404,-2.12E-44
-38.4147,-2.10E-44
-38.4254,-2.07E-44
-38.4361,-2.04E-44
-38.4468,-2.02E-44
-38.4575,-1.99E-44
-38.4682,-1.97E-44
-38.479,-1.95E-44
-38.4897,-1.93E-44
-38.5004,-1.91E-44
-38.5111,-1.89E-44
-38.5218,-1.88E-44
-38.5326,-1.87E-44
-38.5433,-1.85E-44
-38.554,-1.84E-44
-38.5647,-1.83E-44
-38.5755,-1.82E-44
-38.5862,-1.82E-44
-38.5969,-1.81E-44
-38.6076,-1.81E-44
-38.6184,-1.80E-44
-38.6291,-1.79E-44
-38.6398,-1.78E-44
-38.6505,-1.77E-44
-38.6613,-1.77E-44
-38.672,-1.76E-44
-38.6827,-1.75E-44
-38.6935,-1.75E-44
-38.7042,-1.74E-44
-38.7149,-1.74E-44
-38.7257,-1.74E-44
-38.7364,-1.73E-44
-38.7471,-1.73E-44
-38.7579,-1.73E-44
-38.7686,-1.73E-44
-38.7793,-1.73E-44
-38.7901,-1.73E-44
-38.8008,-1.73E-44
-38.8115,-1.73E-44
-38.8223,-1.73E-44
-38.833,-1.73E-44
-38.8438,-1.73E-44
-38.8545,-1.73E-44
-38.8652,-1.74E-44
-38.876,-1.74E-44
-38.8867,-1.74E-44
-38.8975,-1.74E-44
-38.9082,-1.74E-44
-38.919,-1.75E-44
-38.9297,-1.75E-44
-38.9405,-1.75E-44
-38.9512,-1.76E-44
-38.962,-1.76E-44
-38.9727,-1.76E-44
-38.9835,-1.76E-44
-38.9942,-1.76E-44
-39.005,-1.76E-44
-39.0157,-1.77E-44
-39.0265,-1.77E-44
-39.0372,-1.78E-44
-39.048,-1.78E-44
-39.0587,-1.79E-44
-39.0695,-1.79E-44
-39.0802,-1.80E-44
-39.091,-1.80E-44
-39.1017,-1.81E-44
-39.1125,-1.81E-44
-39.1233,-1.82E-44
-39.134,-1.82E-44
-39.1448,-1.82E-44
-39.1555,-1.83E-44
-39.1663,-1.83E-44
-39.1771,-1.83E-44
-39.1878,-1.83E-44
-39.1986,-1.83E-44
-39.2094,-1.83E-44
-39.2201,-1.83E-44
-39.2309,-1.83E-44
-39.2417,-1.83E-44
-39.2524,-1.83E-44
-39.2632,-1.82E-44
-39.274,-1.82E-44
-39.2847,-1.81E-44
-39.2955,-1.81E-44
-39.3063,-1.80E-44
-39.317,-1.79E-44
-39.3278,-1.79E-44
-39.3386,-1.78E-44
-39.3493,-1.76E-44
-39.3601,-1.75E-44
-39.3709,-1.74E-44
-39.3817,-1.72E-44
-39.3924,-1.71E-44
-39.4032,-1.69E-44
-39.414,-1.67E-44
-39.4248,-1.66E-44
-39.4356,-1.64E-44
-39.4463,-1.63E-44
-39.4571,-1.62E-44
-39.4679,-1.61E-44
-39.4787,-1.59E-44
-39.4895,-1.58E-44
-39.5002,-1.57E-44
-39.511,-1.55E-44
-39.5218,-1.54E-44
-39.5326,-1.52E-44
-39.5434,-1.50E-44
-39.5542,-1.49E-44
-39.5649,-1.47E-44
-39.5757,-1.45E-44
-39.5865,-1.43E-44
-39.5973,-1.41E-44
-39.6081,-1.40E-44
-39.6189,-1.38E-44
-39.6297,-1.36E-44
-39.6405,-1.34E-44
-39.6513,-1.32E-44
-39.662,-1.30E-44
-39.6728,-1.27E-44
-39.6836,-1.25E-44
-39.6944,-1.23E-44
-39.7052,-1.21E-44
-39.716,-1.19E-44
-39.7268,-1.16E-44
-39.7376,-1.14E-44
-39.7484,-1.12E-44
-39.7592,-1.10E-44
-39.77,-1.07E-44
-39.7808,-1.05E-44
-39.7916,-1.03E-44
-39.8024,-1.00E-44
-39.8132,-9.79E-45
-39.824,4.61E-35
-39.8348,-8.25E-33
-39.8456,-1.08E-31
-39.8564,-5.52E-31
-39.8672,-1.74E-30
-39.878,-3.80E-30
-39.8888,-6.83E-30
-39.8996,-1.06E-29
-39.9105,-1.34E-29
-39.9213,-1.29E-29
-39.9321,-9.15E-30
-39.9429,-3.26E-30
-39.9537,-4.76E-32
-39.9645,-1.03E-29
-39.9753,-5.40E-29
-39.9861,-1.64E-28
-39.9969,-3.92E-28
-40.0078,-4.08E-11
-40.0186,-1.12E-09
-40.0294,-4.24E-09
-40.0402,-8.98E-09
-40.051,-1.49E-08
-40.0618,-2.23E-08
-40.0727,-3.17E-08
-40.0835,-4.33E-08
-40.0943,-5.64E-08
-40.1051,-7.08E-08
-40.1159,-8.63E-08
-40.1268,-1.02E-07
-40.1376,-1.19E-07
-40.1484,-1.38E-07
-40.1592,-1.60E-07
-40.17,-1.84E-07
-40.1809,-2.11E-07
-40.1917,-2.38E-07
-40.2025,-2.67E-07
-40.2133,-2.97E-07
-40.2242,-3.29E-07
-40.235,-3.62E-07
-40.2458,-3.97E-07
-40.2567,-4.35E-07
-40.2675,-4.74E-07
-40.2783,-5.15E-07
-40.2892,-5.58E-07
-40.3,-6.03E-07
-40.3108,-6.49E-07
-40.3216,-6.97E-07
-40.3325,-7.46E-07
-40.3433,-7.96E-07
-40.3542,-8.47E-07
-40.365,-9.01E-07
-40.3758,-9.55E-07
-40.3867,-1.01E-06
-40.3975,-1.07E-06
-40.4083,-1.13E-06
-40.4192,-1.19E-06
-40.43,-1.25E-06
-40.4409,-1.32E-06
-40.4517,-1.38E-06
-40.4625,-1.45E-06
-40.4734,-1.52E-06
-40.4842,-1.59E-06
-40.4951,-1.67E-06
-40.5059,-1.74E-06
-40.5168,-1.82E-06
-40.5276,-1.89E-06
-40.5385,-1.97E-06
-40.5493,-2.05E-06
-40.5602,-2.14E-06
-40.571,-2.22E-06
-40.5819,-2.31E-06
-40.5927,-2.39E-06
-40.6036,-2.48E-06
-40.6144,-2.57E-06
-40.6253,-2.66E-06
-40.6361,-2.75E-06
-40.647,-2.85E-06
-40.6578,-2.95E-06
-40.6687,-3.04E-06
-40.6795,-3.14E-06
-40.6904,-3.24E-06
-40.7012,-3.34E-06
-40.7121,-3.45E-06
-40.723,-3.55E-06
-40.7338,-3.66E-06
-40.7447,-3.76E-06
-40.7555,-3.87E-06
-40.7664,-3.98E-06
-40.7773,-4.10E-06
-40.7881,-4.21E-06
-40.799,-4.33E-06
-40.8098,-4.44E-06
-40.8207,-4.56E-06
-40.8316,-4.68E-06
-40.8424,-4.80E-06
-40.8533,-4.93E-06
-40.8642,-5.05E-06
-40.875,-5.18E-06
-40.8859,-5.31E-06
-40.8968,-5.44E-06
-40.9076,-5.57E-06
-40.9185,-5.70E-06
-40.9294,-5.84E-06
-40.9403,-5.97E-06
-40.9511,-6.11E-06
-40.962,-6.25E-06
-40.9729,-6.39E-06
-40.9838,-6.54E-06
-40.9946,-6.68E-06
-41.0055,-6.83E-06
-41.0164,-6.97E-06
-41.0273,-7.12E-06
-41.0381,-7.27E-06
-41.049,-7.42E-06
-41.0599,-7.58E-06
-41.0708,-7.73E-06
-41.0817,-7.89E-06
-41.0925,-8.05E-06
-41.1034,-8.21E-06
-41.1143,-8.37E-06
-41.1252,-8.53E-06
-41.1361,-8.70E-06
-41.147,-8.86E-06
-41.1578,-9.03E-06
-41.1687,-9.20E-06
-41.1796,-9.37E-06
-41.1905,-9.54E-06
-41.2014,-9.72E-06
-41.2123,-9.89E-06
-41.2232,-1.01E-05
-41.2341,-1.02E-05
-41.2449,-1.04E-05
-41.2558,-1.06E-05
-41.2667,-1.08E-05
-41.2776,-1.10E-05
-41.2885,-1.12E-05
-41.2994,-1.14E-05
-41.3103,-1.15E-05
-41.3212,-1.17E-05
-41.3321,-1.19E-05
-41.343,-1.21E-05
-41.3539,-1.23E-05
-41.3648,-1.25E-05
-41.3757,-1.27E-05
-41.3866,-1.29E-05
-41.3975,-1.31E-05
-41.4084,-1.33E-05
-41.4193,-1.35E-05
-41.4302,-1.37E-05
-41.4411,-1.39E-05
-41.452,-1.41E-05
-41.4629,-1.43E-05
-41.4738,-1.46E-05
-41.4847,-1.48E-05
-41.4956,-1.50E-05
-41.5065,-1.52E-05
-41.5174,-1.54E-05
-41.5283,-1.56E-05
-41.5393,-1.59E-05
-41.5502,-1.61E-05
-41.5611,-1.63E-05
-41.572,-1.65E-05
-41.5829,-1.68E-05
-41.5938,-1.70E-05
-41.6047,-1.72E-05
-41.6156,-1.75E-05
-41.6266,-1.77E-05
-41.6375,-1.79E-05
-41.6484,-1.82E-05
-41.6593,-1.84E-05
-41.6702,-1.86E-05
-41.6811,-1.89E-05
-41.6921,-1.91E-05
-41.703,-1.94E-05
-41.7139,-1.96E-05
-41.7248,-1.99E-05
-41.7357,-2.01E-05
-41.7467,-2.04E-05
-41.7576,-2.06E-05
-41.7685,-2.09E-05
-41.7794,-2.11E-05
-41.7904,-2.14E-05
-41.8013,-2.16E-05
-41.8122,-2.19E-05
-41.8231,-2.22E-05
-41.8341,-2.24E-05
-41.845,-2.27E-05
-41.8559,-2.29E-05
-41.8669,-2.32E-05
-41.8778,-2.35E-05
-41.8887,-2.38E-05
-41.8996,-2.40E-05
-41.9106,-2.43E-05
-41.9215,-2.46E-05
-41.9324,-2.48E-05
-41.9434,-2.51E-05
-41.9543,-2.54E-05
-41.9653,-2.57E-05
-41.9762,-2.60E-05
-41.9871,-2.63E-05
-41.9981,-2.65E-05
-42.009,-2.68E-05
-42.0199,-2.71E-05
-42.0309,-2.74E-05
-42.0418,-2.77E-05
-42.0528,-2.80E-05
-42.0637,-2.83E-05
-42.0746,-2.86E-05
-42.0856,-2.89E-05
-42.0965,-2.92E-05
-42.1075,-2.95E-05
-42.1184,-2.98E-05
-42.1294,-3.01E-05
-42.1403,-3.04E-05
-42.1513,-3.07E-05
-42.1622,-3.10E-05
-42.1732,-3.13E-05
-42.1841,-3.16E-05
-42.1951,-3.19E-05
-42.206,-3.23E-05
-42.217,-3.26E-05
-42.2279,-3.29E-05
-42.2389,-3.32E-05
-42.2498,-3.35E-05
-42.2608,-3.38E-05
-42.2717,-3.42E-05
-42.2827,-3.45E-05
-42.2937,-3.48E-05
-42.3046,-3.51E-05
-42.3156,-3.55E-05
-42.3265,-3.58E-05
-42.3375,-3.61E-05
-42.3484,-3.65E-05
-42.3594,-3.68E-05
-42.3704,-3.71E-05
-42.3813,-3.75E-05
-42.3923,-3.78E-05
-42.4033,-3.82E-05
-42.4142,-3.85E-05
-42.4252,-3.89E-05
-42.4362,-3.92E-05
-42.4471,-3.95E-05
-42.4581,-3.99E-05
-42.4691,-4.02E-05
-42.48,-4.06E-05
-42.491,-4.10E-05
-42.502,-4.13E-05
-42.5129,-4.17E-05
-42.5239,-4.20E-05
-42.5349,-4.24E-05
-42.5459,-4.27E-05
-42.5568,-4.31E-05
-42.5678,-4.35E-05
-42.5788,-4.38E-05
-42.5898,-4.42E-05
-42.6007,-4.46E-05
-42.6117,-4.49E-05
-42.6227,-4.53E-05
-42.6337,-4.57E-05
-42.6446,-4.61E-05
-42.6556,-4.64E-05
-42.6666,-4.68E-05
-42.6776,-4.72E-05
-42.6886,-4.76E-05
-42.6996,-4.79E-05
-42.7105,-4.83E-05
-42.7215,-4.87E-05
-42.7325,-4.91E-05
-42.7435,-4.95E-05
-42.7545,-4.99E-05
-42.7655,-5.03E-05
-42.7765,-5.07E-05
-42.7874,-5.10E-05
-42.7984,-5.14E-05
-42.8094,-5.18E-05
-42.8204,-5.22E-05
-42.8314,-5.26E-05
-42.8424,-5.30E-05
-42.8534,-5.34E-05
-42.8644,-5.38E-05
-42.8754,-5.42E-05
-42.8864,-5.47E-05
-42.8974,-5.51E-05
-42.9084,-5.55E-05
-42.9194,-5.59E-05
-42.9304,-5.63E-05
-42.9414,-5.67E-05
-42.9524,-5.71E-05
-42.9634,-5.75E-05
-42.9744,-5.80E-05
-42.9854,-5.84E-05
-42.9964,-5.88E-05
-43.0074,-5.92E-05
-43.0184,-5.97E-05
-43.0294,-6.01E-05
-43.0404,-6.05E-05
-43.0514,-6.09E-05
-43.0624,-6.14E-05
-43.0734,-6.18E-05
-43.0844,-6.22E-05
-43.0954,-6.27E-05
-43.1064,-6.31E-05
-43.1174,-6.35E-05
-43.1284,-6.40E-05
-43.1395,-6.44E-05
-43.1505,-6.49E-05
-43.1615,-6.53E-05
-43.1725,-6.57E-05
-43.1835,-6.62E-05
-43.1945,-6.66E-05
-43.2055,-6.71E-05
-43.2166,-6.75E-05
-43.2276,-6.80E-05
-43.2386,-6.84E-05
-43.2496,-6.89E-05
-43.2606,-6.93E-05
-43.2716,-6.98E-05
-43.2827,-7.03E-05
-43.2937,-7.07E-05
-43.3047,-7.12E-05
-43.3157,-7.16E-05
-43.3268,-7.21E-05
-43.3378,-7.26E-05
-43.3488,-7.30E-05
-43.3598,-7.35E-05
-43.3709,-7.40E-05
-43.3819,-7.45E-05
-43.3929,-7.49E-05
-43.4039,-7.54E-05
-43.415,-7.59E-05
-43.426,-7.64E-05
-43.437,-7.68E-05
-43.4481,-7.73E-05
-43.4591,-7.78E-05
-43.4701,-7.83E-05
-43.4812,-7.88E-05
-43.4922,-7.93E-05
-43.5032,-7.97E-05
-43.5143,-8.02E-05
-43.5253,-8.07E-05
-43.5363,-8.12E-05
-43.5474,-8.17E-05
-43.5584,-8.22E-05
-43.5695,-8.27E-05
-43.5805,-8.32E-05
-43.5915,-8.37E-05
-43.6026,-8.42E-05
-43.6136,-8.47E-05
-43.6247,-8.52E-05
-43.6357,-8.57E-05
-43.6468,-8.62E-05
-43.6578,-8.67E-05
-43.6689,-8.72E-05
-43.6799,-8.77E-05
-43.6909,-8.82E-05
-43.702,-8.88E-05
-43.713,-8.93E-05
-43.7241,-8.98E-05
-43.7351,-9.03E-05
-43.7462,-9.08E-05
-43.7573,-9.13E-05
-43.7683,-9.19E-05
-43.7794,-9.24E-05
-43.7904,-9.29E-05
-43.8015,-9.34E-05
-43.8125,-9.40E-05
-43.8236,-9.45E-05
-43.8346,-9.50E-05
-43.8457,-9.55E-05
-43.8568,-9.61E-05
-43.8678,-9.66E-05
-43.8789,-9.71E-05
-43.8899,-9.77E-05
-43.901,-9.82E-05
-43.9121,-9.87E-05
-43.9231,-9.93E-05
-43.9342,-9.98E-05
-43.9453,-0.000100365
-43.9563,-0.000100908
-43.9674,-0.000101452
-43.9785,-0.000101998
-43.9895,-0.000102544
-44.0006,-0.000103092
-44.0117,-0.000103641
-44.0227,-0.000104191
-44.0338,-0.000104743
-44.0449,-0.000105296
-44.0559,-0.00010585
-44.067,-0.000106405
-44.0781,-0.000106962
-44.0892,-0.000107519
-44.1002,-0.000108078
-44.1113,-0.000108639
-44.1224,-0.0001092
-44.1335,-0.000109763
-44.1446,-0.000110326
-44.1556,-0.000110891
-44.1667,-0.000111457
-44.1778,-0.000112025
-44.1889,-0.000112593
-44.2,-0.000113163
-44.211,-0.000113734
-44.2221,-0.000114306
-44.2332,-0.00011488
-44.2443,-0.000115454
-44.2554,-0.00011603
-44.2665,-0.000116608
-44.2776,-0.000117186
-44.2886,-0.000117765
-44.2997,-0.000118346
-44.3108,-0.000118928
-44.3219,-0.000119511
-44.333,-0.000120095
-44.3441,-0.00012068
-44.3552,-0.000121267
-44.3663,-0.000121854
-44.3774,-0.000122443
-44.3885,-0.000123033
-44.3996,-0.000123624
-44.4107,-0.000124216
-44.4218,-0.000124809
-44.4329,-0.000125404
-44.444,-0.000125999
-44.4551,-0.000126596
-44.4662,-0.000127193
-44.4773,-0.000127792
-44.4884,-0.000128392
-44.4995,-0.000128993
-44.5106,-0.000129595
-44.5217,-0.000130199
-44.5328,-0.000130803
-44.5439,-0.000131409
-44.555,-0.000132015
-44.5661,-0.000132623
-44.5772,-0.000133231
-44.5883,-0.000133841
-44.5994,-0.000134452
-44.6105,-0.000135064
-44.6216,-0.000135677
-44.6328,-0.000136291
-44.6439,-0.000136906
-44.655,-0.000137522
-44.6661,-0.000138139
-44.6772,-0.000138758
-44.6883,-0.000139377
-44.6994,-0.000139997
-44.7106,-0.000140618
-44.7217,-0.000141241
-44.7328,-0.000141864
-44.7439,-0.000142489
-44.755,-0.000143114
-44.7662,-0.000143741
-44.7773,-0.000144368
-44.7884,-0.000144997
-44.7995,-0.000145626
-44.8107,-0.000146257
-44.8218,-0.000146888
-44.8329,-0.000147521
-44.844,-0.000148154
-44.8552,-0.000148789
-44.8663,-0.000149424
-44.8774,-0.000150061
-44.8885,-0.000150698
-44.8997,-0.000151337
-44.9108,-0.000151976
-44.9219,-0.000152617
-44.9331,-0.000153258
-44.9442,-0.000153901
-44.9553,-0.000154544
-44.9665,-0.000155188
-44.9776,-0.000155834
-44.9887,-0.00015648
-44.9999,-0.000157127
-45.011,-0.000157775
-45.0222,-0.000158425
-45.0333,-0.000159075
-45.0444,-0.000159726
-45.0556,-0.000160377
-45.0667,-0.00016103
-45.0779,-0.000161683
-45.089,-0.000162338
-45.1002,-0.000162993
-45.1113,-0.000163649
-45.1225,-0.000164306
-45.1336,-0.000164964
-45.1447,-0.000165623
-45.1559,-0.000166283
-45.167,-0.000166944
-45.1782,-0.000167605
-45.1893,-0.000168268
-45.2005,-0.000168931
-45.2117,-0.000169595
-45.2228,-0.00017026
-45.234,-0.000170926
-45.2451,-0.000171592
-45.2563,-0.00017226
-45.2674,-0.000172928
-45.2786,-0.000173597
-45.2897,-0.000174267
-45.3009,-0.000174938
-45.3121,-0.00017561
-45.3232,-0.000176282
-45.3344,-0.000176955
-45.3455,-0.000177629
-45.3567,-0.000178304
-45.3679,-0.00017898
-45.379,-0.000179656
-45.3902,-0.000180334
-45.4014,-0.000181012
-45.4125,-0.000181691
-45.4237,-0.00018237
-45.4349,-0.00018305
-45.446,-0.000183732
-45.4572,-0.000184413
-45.4684,-0.000185096
-45.4796,-0.000185779
-45.4907,-0.000186463
-45.5019,-0.000187148
-45.5131,-0.000187834
-45.5243,-0.00018852
-45.5354,-0.000189207
-45.5466,-0.000189894
-45.5578,-0.000190583
-45.569,-0.000191272
-45.5801,-0.000191961
-45.5913,-0.000192652
-45.6025,-0.000193343
-45.6137,-0.000194035
-45.6249,-0.000194727
-45.6361,-0.00019542
-45.6472,-0.000196114
-45.6584,-0.000196808
-45.6696,-0.000197503
-45.6808,-0.000198199
-45.692,-0.000198895
-45.7032,-0.000199592
-45.7144,-0.00020029
-45.7255,-0.000200988
-45.7367,-0.000201687
-45.7479,-0.000202386
-45.7591,-0.000203086
-45.7703,-0.000203787
-45.7815,-0.000204488
-45.7927,-0.00020519
-45.8039,-0.000205892
-45.8151,-0.000206595
-45.8263,-0.000207299
-45.8375,-0.000208003
-45.8487,-0.000208707
-45.8599,-0.000209412
-45.8711,-0.000210118
-45.8823,-0.000210824
-45.8935,-0.000211531
-45.9047,-0.000212239
-45.9159,-0.000212947
-45.9271,-0.000213655
-45.9383,-0.000214364
-45.9495,-0.000215073
-45.9607,-0.000215783
-45.9719,-0.000216494
-45.9831,-0.000217205
-45.9944,-0.000217916
-46.0056,-0.000218628
-46.0168,-0.000219341
-46.028,-0.000220054
-46.0392,-0.000220767
-46.0504,-0.000221481
-46.0616,-0.000222195
-46.0728,-0.00022291
-46.0841,-0.000223625
-46.0953,-0.00022434
-46.1065,-0.000225056
-46.1177,-0.000225773
-46.1289,-0.000226489
-46.1402,-0.000227207
-46.1514,-0.000227924
-46.1626,-0.000228642
-46.1738,-0.000229361
-46.1851,-0.000230079
-46.1963,-0.000230798
-46.2075,-0.000231518
-46.2187,-0.000232238
-46.23,-0.000232958
-46.2412,-0.000233679
-46.2524,-0.0002344
-46.2636,-0.000235121
-46.2749,-0.000235842
-46.2861,-0.000236564
-46.2973,-0.000237287
-46.3086,-0.000238009
-46.3198,-0.000238732
-46.331,-0.000239456
-46.3423,-0.000240179
-46.3535,-0.000240903
-46.3648,-0.000241627
-46.376,-0.000242352
-46.3872,-0.000243077
-46.3985,-0.000243802
-46.4097,-0.000244527
-46.421,-0.000245252
-46.4322,-0.000245978
-46.4434,-0.000246704
-46.4547,-0.000247431
-46.4659,-0.000248157
-46.4772,-0.000248884
-46.4884,-0.000249611
-46.4997,-0.000250338
-46.5109,-0.000251066
-46.5222,-0.000251794
-46.5334,-0.000252522
-46.5447,-0.00025325
-46.5559,-0.000253978
-46.5672,-0.000254707
-46.5784,-0.000255435
-46.5897,-0.000256164
-46.6009,-0.000256893
-46.6122,-0.000257623
-46.6235,-0.000258352
-46.6347,-0.000259081
-46.646,-0.000259811
-46.6572,-0.000260541
-46.6685,-0.000261271
-46.6798,-0.000262001
-46.691,-0.000262732
-46.7023,-0.000263462
-46.7136,-0.000264192
-46.7248,-0.000264923
-46.7361,-0.000265654
-46.7473,-0.000266384
-46.7586,-0.000267115
-46.7699,-0.000267846
-46.7812,-0.000268577
-46.7924,-0.000269308
-46.8037,-0.000270039
-46.815,-0.000270771
-46.8262,-0.000271502
-46.8375,-0.000272233
-46.8488,-0.000272965
-46.8601,-0.000273696
-46.8713,-0.000274427
-46.8826,-0.000275159
-46.8939,-0.00027589
-46.9052,-0.000276622
-46.9165,-0.000277353
-46.9277,-0.000278085
-46.939,-0.000278816
-46.9503,-0.000279548
-46.9616,-0.000280279
-46.9729,-0.000281011
-46.9842,-0.000281742
-46.9954,-0.000282474
-47.0067,-0.000283205
-47.018,-0.000283937
-47.0293,-0.000284668
-47.0406,-0.000285399
-47.0519,-0.00028613
-47.0632,-0.000286861
-47.0745,-0.000287592
-47.0858,-0.000288323
-47.0971,-0.000289054
-47.1084,-0.000289785
-47.1197,-0.000290516
-47.131,-0.000291246
-47.1423,-0.000291977
-47.1536,-0.000292707
-47.1649,-0.000293437
-47.1762,-0.000294167
-47.1875,-0.000294897
-47.1988,-0.000295627
-47.2101,-0.000296357
-47.2214,-0.000297086
-47.2327,-0.000297816
-47.244,-0.000298545
-47.2553,-0.000299274
-47.2666,-0.000300002
-47.2779,-0.000300731
-47.2892,-0.000301459
-47.3005,-0.000302188
-47.3118,-0.000302916
-47.3231,-0.000303643
-47.3345,-0.000304371
-47.3458,-0.000305098
-47.3571,-0.000305825
-47.3684,-0.000306552
-47.3797,-0.000307279
-47.391,-0.000308005
-47.4024,-0.000308731
-47.4137,-0.000309457
-47.425,-0.000310183
-47.4363,-0.000310908
-47.4476,-0.000311633
-47.459,-0.000312358
-47.4703,-0.000313083
-47.4816,-0.000313807
-47.4929,-0.000314531
-47.5043,-0.000315254
-47.5156,-0.000315977
-47.5269,-0.0003167
-47.5383,-0.000317423
-47.5496,-0.000318145
-47.5609,-0.000318867
-47.5723,-0.000319589
-47.5836,-0.00032031
-47.5949,-0.000321031
-47.6063,-0.000321751
-47.6176,-0.000322471
-47.6289,-0.000323191
-47.6403,-0.00032391
-47.6516,-0.000324629
-47.663,-0.000325348
-47.6743,-0.000326066
-47.6856,-0.000326784
-47.697,-0.000327501
-47.7083,-0.000328218
-47.7197,-0.000328935
-47.731,-0.000329651
-47.7424,-0.000330366
-47.7537,-0.000331081
-47.7651,-0.000331796
-47.7764,-0.00033251
-47.7878,-0.000333224
-47.7991,-0.000333937
-47.8105,-0.00033465
-47.8218,-0.000335363
-47.8332,-0.000336074
-47.8445,-0.000336786
-47.8559,-0.000337497
-47.8672,-0.000338207
-47.8786,-0.000338917
-47.89,-0.000339626
-47.9013,-0.000340335
-47.9127,-0.000341043
-47.924,-0.000341751
-47.9354,-0.000342458
-47.9468,-0.000343164
-47.9581,-0.00034387
-47.9695,-0.000344576
-47.9809,-0.000345281
-47.9922,-0.000345985
-48.0036,-0.000346689
-48.015,-0.000347392
-48.0263,-0.000348094
-48.0377,-0.000348796
-48.0491,-0.000349498
-48.0604,-0.000350199
-48.0718,-0.000350899
-48.0832,-0.000351598
-48.0946,-0.000352297
-48.1059,-0.000352995
-48.1173,-0.000353693
-48.1287,-0.00035439
-48.1401,-0.000355086
-48.1515,-0.000355782
-48.1628,-0.000356477
-48.1742,-0.000357171
-48.1856,-0.000357865
-48.197,-0.000358558
-48.2084,-0.00035925
-48.2198,-0.000359942
-48.2312,-0.000360632
-48.2425,-0.000361323
-48.2539,-0.000362012
-48.2653,-0.000362701
-48.2767,-0.000363389
-48.2881,-0.000364076
-48.2995,-0.000364763
-48.3109,-0.000365448
-48.3223,-0.000366133
-48.3337,-0.000366818
-48.3451,-0.000367501
-48.3565,-0.000368184
-48.3679,-0.000368866
-48.3793,-0.000369547
-48.3907,-0.000370228
-48.4021,-0.000370907
-48.4135,-0.000371586
-48.4249,-0.000372264
-48.4363,-0.000372942
-48.4477,-0.000373618
-48.4591,-0.000374294
-48.4705,-0.000374968
-48.4819,-0.000375642
-48.4933,-0.000376316
-48.5047,-0.000376988
-48.5162,-0.000377659
-48.5276,-0.00037833
-48.539,-0.000379
-48.5504,-0.000379669
-48.5618,-0.000380337
-48.5732,-0.000381004
-48.5847,-0.00038167
-48.5961,-0.000382336
-48.6075,-0.000383
-48.6189,-0.000383664
-48.6303,-0.000384327
-48.6418,-0.000384989
-48.6532,-0.00038565
-48.6646,-0.00038631
-48.676,-0.000386969
-48.6875,-0.000387627
-48.6989,-0.000388284
-48.7103,-0.00038894
-48.7217,-0.000389596
-48.7332,-0.00039025
-48.7446,-0.000390904
-48.756,-0.000391556
-48.7675,-0.000392208
-48.7789,-0.000392859
-48.7903,-0.000393508
-48.8018,-0.000394157
-48.8132,-0.000394805
-48.8247,-0.000395451
-48.8361,-0.000396097
-48.8475,-0.000396741
-48.859,-0.000397385
-48.8704,-0.000398028
-48.8819,-0.000398669
-48.8933,-0.00039931
-48.9048,-0.00039995
-48.9162,-0.000400588
-48.9276,-0.000401226
-48.9391,-0.000401862
-48.9505,-0.000402497
-48.962,-0.000403132
-48.9734,-0.000403765
-48.9849,-0.000404397
-48.9964,-0.000405028
-49.0078,-0.000405658
-49.0193,-0.000406287
-49.0307,-0.000406915
-49.0422,-0.000407542
-49.0536,-0.000408168
-49.0651,-0.000408793
-49.0766,-0.000409416
-49.088,-0.000410038
-49.0995,-0.00041066
-49.111,-0.00041128
-49.1224,-0.000411899
-49.1339,-0.000412517
-49.1453,-0.000413134
-49.1568,-0.000413749
-49.1683,-0.000414364
-49.1798,-0.000414977
-49.1912,-0.000415589
-49.2027,-0.0004162
-49.2142,-0.00041681
-49.2256,-0.000417419
-49.2371,-0.000418026
-49.2486,-0.000418633
-49.2601,-0.000419238
-49.2716,-0.000419842
-49.283,-0.000420444
-49.2945,-0.000421046
-49.306,-0.000421646
-49.3175,-0.000422246
-49.329,-0.000422843
-49.3404,-0.00042344
-49.3519,-0.000424036
-49.3634,-0.00042463
-49.3749,-0.000425223
-49.3864,-0.000425815
-49.3979,-0.000426405
-49.4094,-0.000426994
-49.4209,-0.000427582
-49.4324,-0.000428169
-49.4439,-0.000428755
-49.4553,-0.000429339
-49.4668,-0.000429922
-49.4783,-0.000430504
-49.4898,-0.000431084
-49.5013,-0.000431663
-49.5128,-0.000432241
-49.5243,-0.000432818
-49.5358,-0.000433393
-49.5473,-0.000433967
-49.5589,-0.000434539
-49.5704,-0.000435111
-49.5819,-0.000435681
-49.5934,-0.000436249
-49.6049,-0.000436817
-49.6164,-0.000437383
-49.6279,-0.000437948
-49.6394,-0.000438511
-49.6509,-0.000439073
-49.6624,-0.000439634
-49.674,-0.000440193
-49.6855,-0.000440751
-49.697,-0.000441307
-49.7085,-0.000441863
-49.72,-0.000442416
-49.7315,-0.000442969
-49.7431,-0.00044352
-49.7546,-0.00044407
-49.7661,-0.000444618
-49.7776,-0.000445165
-49.7892,-0.00044571
-49.8007,-0.000446254
-49.8122,-0.000446797
-49.8237,-0.000447338
-49.8353,-0.000447878
-49.8468,-0.000448416
-49.8583,-0.000448953
-49.8699,-0.000449489
-49.8814,-0.000450023
-49.8929,-0.000450556
-49.9045,-0.000451087
-49.916,-0.000451617
-49.9276,-0.000452145
-49.9391,-0.000452672
-49.9506,-0.000453197
-49.9622,-0.000453721
-49.9737,-0.000454244
-49.9853,-0.000454765
-49.9968,-0.000455284
-50.0084,-0.000455802
-50.0199,-0.000456319
-50.0315,-0.000456834
-50.043,-0.000457348
-50.0546,-0.00045786
-50.0661,-0.00045837
-50.0777,-0.000458879
-50.0892,-0.000459387
-50.1008,-0.000459893
-50.1123,-0.000460398
-50.1239,-0.000460901
-50.1354,-0.000461402
-50.147,-0.000461902
-50.1586,-0.000462401
-50.1701,-0.000462898
-50.1817,-0.000463394
-50.1932,-0.000463888
-50.2048,-0.00046438
-50.2164,-0.000464871
-50.2279,-0.00046536
-50.2395,-0.000465848
-50.2511,-0.000466334
-50.2626,-0.000466819
-50.2742,-0.000467302
-50.2858,-0.000467784
-50.2974,-0.000468264
-50.3089,-0.000468743
-50.3205,-0.00046922
-50.3321,-0.000469695
-50.3437,-0.000470169
-50.3552,-0.000470641
-50.3668,-0.000471112
-50.3784,-0.000471581
-50.39,-0.000472048
-50.4016,-0.000472514
-50.4132,-0.000472979
-50.4247,-0.000473441
-50.4363,-0.000473903
-50.4479,-0.000474362
-50.4595,-0.00047482
-50.4711,-0.000475277
-50.4827,-0.000475731
-50.4943,-0.000476184
-50.5059,-0.000476636
-50.5175,-0.000477086
-50.5291,-0.000477534
-50.5407,-0.000477981
-50.5523,-0.000478426
-50.5639,-0.000478869
-50.5755,-0.00047931
-50.5871,-0.00047975
-50.5987,-0.000480189
-50.6103,-0.000480625
-50.6219,-0.00048106
-50.6335,-0.000481494
-50.6451,-0.000481925
-50.6567,-0.000482355
-50.6683,-0.000482784
-50.6799,-0.00048321
-50.6915,-0.000483635
-50.7031,-0.000484058
-50.7148,-0.00048448
-50.7264,-0.0004849
-50.738,-0.000485318
-50.7496,-0.000485735
-50.7612,-0.000486149
-50.7728,-0.000486562
-50.7845,-0.000486974
-50.7961,-0.000487383
-50.8077,-0.000487791
-50.8193,-0.000488198
-50.831,-0.000488602
-50.8426,-0.000489005
-50.8542,-0.000489406
-50.8658,-0.000489805
-50.8775,-0.000490203
-50.8891,-0.000490598
-50.9007,-0.000490992
-50.9124,-0.000491385
-50.924,-0.000491775
-50.9356,-0.000492164
-50.9473,-0.000492551
-50.9589,-0.000492936
-50.9705,-0.00049332
-50.9822,-0.000493702
-50.9938,-0.000494083
-51.0055,-0.000494461
-51.0171,-0.000494838
-51.0288,-0.000495213
-51.0404,-0.000495586
-51.052,-0.000495958
-51.0637,-0.000496328
-51.0753,-0.000496696
-51.087,-0.000497062
-51.0986,-0.000497426
-51.1103,-0.000497789
-51.122,-0.00049815
-51.1336,-0.000498509
-51.1453,-0.000498867
-51.1569,-0.000499222
-51.1686,-0.000499576
-51.1802,-0.000499928
-51.1919,-0.000500279
-51.2036,-0.000500627
-51.2152,-0.000500974
-51.2269,-0.000501319
-51.2386,-0.000501662
-51.2502,-0.000502004
-51.2619,-0.000502343
-51.2736,-0.000502681
-51.2852,-0.000503017
-51.2969,-0.000503351
-51.3086,-0.000503684
-51.3202,-0.000504015
-51.3319,-0.000504344
-51.3436,-0.000504671
-51.3553,-0.000504996
-51.367,-0.00050532
-51.3786,-0.000505641
-51.3903,-0.000505961
-51.402,-0.000506279
-51.4137,-0.000506596
-51.4254,-0.00050691
-51.437,-0.000507223
-51.4487,-0.000507533
-51.4604,-0.000507842
-51.4721,-0.00050815
-51.4838,-0.000508455
-51.4955,-0.000508758
-51.5072,-0.00050906
-51.5189,-0.00050936
-51.5306,-0.000509658
-51.5423,-0.000509954
-51.554,-0.000510249
-51.5657,-0.000510541
-51.5774,-0.000510832
-51.5891,-0.000511121
-51.6008,-0.000511408
-51.6125,-0.000511693
-51.6242,-0.000511976
-51.6359,-0.000512258
-51.6476,-0.000512538
-51.6593,-0.000512816
-51.671,-0.000513092
-51.6827,-0.000513366
-51.6944,-0.000513638
-51.7061,-0.000513909
-51.7179,-0.000514178
-51.7296,-0.000514445
-51.7413,-0.00051471
-51.753,-0.000514973
-51.7647,-0.000515234
-51.7764,-0.000515494
-51.7882,-0.000515751
-51.7999,-0.000516007
-51.8116,-0.000516261
-51.8233,-0.000516513
-51.8351,-0.000516764
-51.8468,-0.000517012
-51.8585,-0.000517258
-51.8702,-0.000517503
-51.882,-0.000517746
-51.8937,-0.000517987
-51.9054,-0.000518226
-51.9172,-0.000518463
-51.9289,-0.000518698
-51.9406,-0.000518932
-51.9524,-0.000519164
-51.9641,-0.000519393
-51.9759,-0.000519621
-51.9876,-0.000519847
-51.9993,-0.000520071
-52.0111,-0.000520294
-52.0228,-0.000520514
-52.0346,-0.000520733
-52.0463,-0.000520949
-52.0581,-0.000521164
-52.0698,-0.000521377
-52.0816,-0.000521588
-52.0933,-0.000521797
-52.1051,-0.000522005
-52.1168,-0.00052221
-52.1286,-0.000522414
-52.1404,-0.000522616
-52.1521,-0.000522815
-52.1639,-0.000523013
-52.1756,-0.000523209
-52.1874,-0.000523404
-52.1992,-0.000523596
-52.2109,-0.000523786
-52.2227,-0.000523975
-52.2345,-0.000524161
-52.2462,-0.000524346
-52.258,-0.000524529
-52.2698,-0.00052471
-52.2815,-0.000524889
-52.2933,-0.000525067
-52.3051,-0.000525242
-52.3169,-0.000525416
-52.3287,-0.000525587
-52.3404,-0.000525757
-52.3522,-0.000525925
-52.364,-0.000526091
-52.3758,-0.000526255
-52.3876,-0.000526418
-52.3993,-0.000526578
-52.4111,-0.000526737
-52.4229,-0.000526893
-52.4347,-0.000527048
-52.4465,-0.000527201
-52.4583,-0.000527352
-52.4701,-0.000527501
-52.4819,-0.000527649
-52.4937,-0.000527794
-52.5055,-0.000527937
-52.5173,-0.000528079
-52.5291,-0.000528219
-52.5409,-0.000528357
-52.5527,-0.000528493
-52.5645,-0.000528627
-52.5763,-0.000528759
-52.5881,-0.00052889
-52.5999,-0.000529018
-52.6117,-0.000529145
-52.6235,-0.000529269
-52.6353,-0.000529392
-52.6471,-0.000529513
-52.6589,-0.000529632
-52.6707,-0.00052975
-52.6825,-0.000529865
-52.6944,-0.000529979
-52.7062,-0.00053009
-52.718,-0.0005302
-52.7298,-0.000530308
-52.7416,-0.000530414
-52.7535,-0.000530518
-52.7653,-0.00053062
-52.7771,-0.000530721
-52.7889,-0.000530819
-52.8008,-0.000530916
-52.8126,-0.000531011
-52.8244,-0.000531103
-52.8363,-0.000531195
-52.8481,-0.000531284
-52.8599,-0.000531371
-52.8718,-0.000531456
-52.8836,-0.00053154
-52.8954,-0.000531622
-52.9073,-0.000531702
-52.9191,-0.00053178
-52.931,-0.000531856
-52.9428,-0.00053193
-52.9546,-0.000532002
-52.9665,-0.000532073
-52.9783,-0.000532142
-52.9902,-0.000532208
-53.002,-0.000532273
-53.0139,-0.000532337
-53.0257,-0.000532398
-53.0376,-0.000532457
-53.0494,-0.000532515
-53.0613,-0.00053257
-53.0731,-0.000532624
-53.085,-0.000532676
-53.0969,-0.000532726
-53.1087,-0.000532775
-53.1206,-0.000532821
-53.1324,-0.000532866
-53.1443,-0.000532909
-53.1562,-0.00053295
-53.168,-0.000532989
-53.1799,-0.000533026
-53.1918,-0.000533061
-53.2037,-0.000533095
-53.2155,-0.000533127
-53.2274,-0.000533157
-53.2393,-0.000533185
-53.2512,-0.000533211
-53.263,-0.000533236
-53.2749,-0.000533258
-53.2868,-0.000533279
-53.2987,-0.000533298
-53.3106,-0.000533315
-53.3224,-0.00053333
-53.3343,-0.000533344
-53.3462,-0.000533356
-53.3581,-0.000533366
-53.37,-0.000533374
-53.3819,-0.00053338
-53.3938,-0.000533384
-53.4057,-0.000533387
-53.4176,-0.000533388
-53.4294,-0.000533387
-53.4413,-0.000533384
-53.4532,-0.00053338
-53.4651,-0.000533373
-53.477,-0.000533365
-53.4889,-0.000533355
-53.5008,-0.000533343
-53.5127,-0.00053333
-53.5247,-0.000533315
-53.5366,-0.000533298
-53.5485,-0.000533279
-53.5604,-0.000533258
-53.5723,-0.000533236
-53.5842,-0.000533211
-53.5961,-0.000533185
-53.608,-0.000533157
-53.6199,-0.000533128
-53.6319,-0.000533096
-53.6438,-0.000533063
-53.6557,-0.000533028
-53.6676,-0.000532991
-53.6795,-0.000532953
-53.6915,-0.000532912
-53.7034,-0.00053287
-53.7153,-0.000532826
-53.7273,-0.000532781
-53.7392,-0.000532733
-53.7511,-0.000532684
-53.763,-0.000532633
-53.775,-0.000532581
-53.7869,-0.000532526
-53.7988,-0.00053247
-53.8108,-0.000532412
-53.8227,-0.000532352
-53.8347,-0.000532291
-53.8466,-0.000532228
-53.8585,-0.000532163
-53.8705,-0.000532096
-53.8824,-0.000532028
-53.8944,-0.000531958
-53.9063,-0.000531886
-53.9183,-0.000531812
-53.9302,-0.000531737
-53.9422,-0.000531659
-53.9541,-0.000531581
-53.9661,-0.0005315
-53.978,-0.000531418
-53.99,-0.000531334
-54.002,-0.000531248
-54.0139,-0.00053116
-54.0259,-0.000531071
-54.0378,-0.00053098
-54.0498,-0.000530888
-54.0618,-0.000530794
-54.0737,-0.000530698
-54.0857,-0.0005306
-54.0977,-0.000530501
-54.1096,-0.0005304
-54.1216,-0.000530297
-54.1336,-0.000530193
-54.1456,-0.000530087
-54.1575,-0.000529979
-54.1695,-0.00052987
-54.1815,-0.000529759
-54.1935,-0.000529646
-54.2055,-0.000529531
-54.2174,-0.000529415
-54.2294,-0.000529298
-54.2414,-0.000529178
-54.2534,-0.000529057
-54.2654,-0.000528935
-54.2774,-0.00052881
-54.2894,-0.000528684
-54.3014,-0.000528557
-54.3133,-0.000528427
-54.3253,-0.000528296
-54.3373,-0.000528164
-54.3493,-0.00052803
-54.3613,-0.000527894
-54.3733,-0.000527756
-54.3853,-0.000527617
-54.3973,-0.000527477
-54.4093,-0.000527334
-54.4213,-0.000527191
-54.4334,-0.000527045
-54.4454,-0.000526898
-54.4574,-0.000526749
-54.4694,-0.000526599
-54.4814,-0.000526447
-54.4934,-0.000526293
-54.5054,-0.000526138
-54.5174,-0.000525981
-54.5295,-0.000525822
-54.5415,-0.000525662
-54.5535,-0.0005255
-54.5655,-0.000525337
-54.5775,-0.000525172
-54.5896,-0.000525005
-54.6016,-0.000524837
-54.6136,-0.000524667
-54.6256,-0.000524495
-54.6377,-0.000524322
-54.6497,-0.000524148
-54.6617,-0.000523972
-54.6738,-0.000523794
-54.6858,-0.000523614
-54.6978,-0.000523433
-54.7099,-0.000523251
-54.7219,-0.000523067
-54.734,-0.000522881
-54.746,-0.000522693
-54.758,-0.000522505
-54.7701,-0.000522314
-54.7821,-0.000522122
-54.7942,-0.000521928
-54.8062,-0.000521733
-54.8183,-0.000521536
-54.8303,-0.000521338
-54.8424,-0.000521138
-54.8544,-0.000520936
-54.8665,-0.000520733
-54.8785,-0.000520528
-54.8906,-0.000520322
-54.9027,-0.000520114
-54.9147,-0.000519905
-54.9268,-0.000519694
-54.9388,-0.000519482
-54.9509,-0.000519269
-54.963,-0.000519054
-54.975,-0.000518837
-54.9871,-0.000518619
-54.9992,-0.0005184
-55.0113,-0.000518179
-55.0233,-0.000517956
-55.0354,-0.000517733
-55.0475,-0.000517507
-55.0596,-0.000517281
-55.0716,-0.000517052
-55.0837,-0.000516823
-55.0958,-0.000516592
-55.1079,-0.000516359
-55.12,-0.000516126
-55.132,-0.00051589
-55.1441,-0.000515654
-55.1562,-0.000515416
-55.1683,-0.000515176
-55.1804,-0.000514936
-55.1925,-0.000514694
-55.2046,-0.00051445
-55.2167,-0.000514206
-55.2288,-0.00051396
-55.2409,-0.000513712
-55.253,-0.000513463
-55.2651,-0.000513213
-55.2772,-0.000512961
-55.2893,-0.000512708
-55.3014,-0.000512453
-55.3135,-0.000512197
-55.3256,-0.000511939
-55.3377,-0.000511681
-55.3498,-0.000511421
-55.3619,-0.000511159
-55.374,-0.000510896
-55.3861,-0.000510632
-55.3983,-0.000510366
-55.4104,-0.000510099
-55.4225,-0.00050983
-55.4346,-0.000509561
-55.4467,-0.000509289
-55.4589,-0.000509016
-55.471,-0.000508742
-55.4831,-0.000508467
-55.4952,-0.00050819
-55.5074,-0.000507912
-55.5195,-0.000507633
-55.5316,-0.000507352
-55.5438,-0.00050707
-55.5559,-0.000506786
-55.568,-0.000506502
-55.5802,-0.000506215
-55.5923,-0.000505928
-55.6044,-0.000505639
-55.6166,-0.000505349
-55.6287,-0.000505057
-55.6409,-0.000504764
-55.653,-0.000504469
-55.6651,-0.000504174
-55.6773,-0.000503876
-55.6894,-0.000503578
-55.7016,-0.000503278
-55.7137,-0.000502977
-55.7259,-0.000502674
-55.738,-0.000502371
-55.7502,-0.000502066
-55.7624,-0.00050176
-55.7745,-0.000501452
-55.7867,-0.000501144
-55.7988,-0.000500834
-55.811,-0.000500523
-55.8232,-0.000500211
-55.8353,-0.000499897
-55.8475,-0.000499582
-55.8597,-0.000499267
-55.8718,-0.00049895
-55.884,-0.000498631
-55.8962,-0.000498312
-55.9083,-0.000497992
-55.9205,-0.00049767
-55.9327,-0.000497347
-55.9449,-0.000497024
-55.957,-0.000496699
-55.9692,-0.000496373
-55.9814,-0.000496045
-55.9936,-0.000495716
-56.0058,-0.000495386
-56.018,-0.000495054
-56.0301,-0.000494722
-56.0423,-0.000494388
-56.0545,-0.000494053
-56.0667,-0.000493717
-56.0789,-0.000493379
-56.0911,-0.000493041
-56.1033,-0.000492701
-56.1155,-0.00049236
-56.1277,-0.000492018
-56.1399,-0.000491675
-56.1521,-0.000491331
-56.1643,-0.000490985
-56.1765,-0.000490638
-56.1887,-0.00049029
-56.2009,-0.000489941
-56.2131,-0.000489591
-56.2253,-0.000489239
-56.2375,-0.000488887
-56.2497,-0.000488534
-56.262,-0.000488179
-56.2742,-0.000487824
-56.2864,-0.000487467
-56.2986,-0.000487109
-56.3108,-0.00048675
-56.323,-0.00048639
-56.3353,-0.000486029
-56.3475,-0.000485667
-56.3597,-0.000485304
-56.3719,-0.000484939
-56.3842,-0.000484574
-56.3964,-0.000484208
-56.4086,-0.00048384
-56.4209,-0.000483472
-56.4331,-0.000483102
-56.4453,-0.000482732
-56.4576,-0.00048236
-56.4698,-0.000481987
-56.482,-0.000481613
-56.4943,-0.000481238
-56.5065,-0.000480861
-56.5188,-0.000480484
-56.531,-0.000480106
-56.5432,-0.000479726
-56.5555,-0.000479346
-56.5677,-0.000478964
-56.58,-0.000478582
-56.5922,-0.000478198
-56.6045,-0.000477813
-56.6167,-0.000477427
-56.629,-0.00047704
-56.6413,-0.000476652
-56.6535,-0.000476263
-56.6658,-0.000475872
-56.678,-0.000475481
-56.6903,-0.000475088
-56.7026,-0.000474695
-56.7148,-0.000474301
-56.7271,-0.000473906
-56.7394,-0.00047351
-56.7516,-0.000473114
-56.7639,-0.000472716
-56.7762,-0.000472317
-56.7884,-0.000471917
-56.8007,-0.000471517
-56.813,-0.000471115
-56.8253,-0.000470713
-56.8375,-0.00047031
-56.8498,-0.000469906
-56.8621,-0.000469501
-56.8744,-0.000469095
-56.8867,-0.000468689
-56.8989,-0.000468281
-56.9112,-0.000467873
-56.9235,-0.000467465
-56.9358,-0.000467055
-56.9481,-0.000466644
-56.9604,-0.000466233
-56.9727,-0.00046582
-56.985,-0.000465407
-56.9973,-0.000464992
-57.0096,-0.000464577
-57.0219,-0.000464161
-57.0342,-0.000463745
-57.0465,-0.000463327
-57.0588,-0.000462909
-57.0711,-0.00046249
-57.0834,-0.00046207
-57.0957,-0.00046165
-57.108,-0.000461229
-57.1203,-0.000460807
-57.1326,-0.000460384
-57.1449,-0.00045996
-57.1573,-0.000459536
-57.1696,-0.000459111
-57.1819,-0.000458685
-57.1942,-0.000458258
-57.2065,-0.00045783
-57.2188,-0.000457401
-57.2312,-0.000456972
-57.2435,-0.000456542
-57.2558,-0.000456111
-57.2681,-0.000455679
-57.2805,-0.000455246
-57.2928,-0.000454812
-57.3051,-0.000454377
-57.3175,-0.000453942
-57.3298,-0.000453506
-57.3421,-0.000453068
-57.3545,-0.00045263
-57.3668,-0.000452191
-57.3791,-0.00045175
-57.3915,-0.000451309
-57.4038,-0.000450867
-57.4162,-0.000450424
-57.4285,-0.00044998
-57.4408,-0.000449535
-57.4532,-0.00044909
-57.4655,-0.000448644
-57.4779,-0.000448198
-57.4902,-0.00044775
-57.5026,-0.000447302
-57.515,-0.000446854
-57.5273,-0.000446405
-57.5397,-0.000445955
-57.552,-0.000445505
-57.5644,-0.000445054
-57.5767,-0.000444603
-57.5891,-0.000444151
-57.6015,-0.000443699
-57.6138,-0.000443246
-57.6262,-0.000442792
-57.6386,-0.000442337
-57.6509,-0.000441882
-57.6633,-0.000441427
-57.6757,-0.000440971
-57.688,-0.000440514
-57.7004,-0.000440057
-57.7128,-0.0004396
-57.7252,-0.000439142
-57.7375,-0.000438683
-57.7499,-0.000438224
-57.7623,-0.000437765
-57.7747,-0.000437305
-57.7871,-0.000436844
-57.7995,-0.000436382
-57.8118,-0.00043592
-57.8242,-0.000435457
-57.8366,-0.000434993
-57.849,-0.000434529
-57.8614,-0.000434064
-57.8738,-0.000433597
-57.8862,-0.00043313
-57.8986,-0.000432662
-57.911,-0.000432193
-57.9234,-0.000431723
-57.9358,-0.000431251
-57.9482,-0.00043078
-57.9606,-0.000430308
-57.973,-0.000429835
-57.9854,-0.000429362
-57.9978,-0.000428889
-58.0102,-0.000428415
-58.0226,-0.000427941
-58.035,-0.000427466
-58.0474,-0.000426992
-58.0599,-0.000426517
-58.0723,-0.000426041
-58.0847,-0.000425565
-58.0971,-0.000425089
-58.1095,-0.000424612
-58.1219,-0.000424135
-58.1344,-0.000423657
-58.1468,-0.00042318
-58.1592,-0.000422702
-58.1716,-0.000422224
-58.1841,-0.000421746
-58.1965,-0.000421267
-58.2089,-0.000420787
-58.2213,-0.000420307
-58.2338,-0.000419826
-58.2462,-0.000419344
-58.2586,-0.000418861
-58.2711,-0.000418378
-58.2835,-0.000417893
-58.296,-0.000417407
-58.3084,-0.000416922
-58.3208,-0.000416436
-58.3333,-0.00041595
-58.3457,-0.000415463
-58.3582,-0.000414976
-58.3706,-0.000414488
-58.3831,-0.000414
-58.3955,-0.000413511
-58.408,-0.000413022
-58.4204,-0.000412532
-58.4329,-0.000412042
-58.4453,-0.000411551
-58.4578,-0.00041106
-58.4702,-0.000410568
-58.4827,-0.000410077
-58.4952,-0.000409585
-58.5076,-0.000409093
-58.5201,-0.0004086
-58.5325,-0.000408108
-58.545,-0.000407615
-58.5575,-0.000407121
-58.5699,-0.000406628
-58.5824,-0.000406133
-58.5949,-0.000405639
-58.6074,-0.000405144
-58.6198,-0.000404649
-58.6323,-0.000404154
-58.6448,-0.000403658
-58.6573,-0.000403162
-58.6697,-0.000402666
-58.6822,-0.000402169
-58.6947,-0.000401673
-58.7072,-0.000401177
-58.7197,-0.00040068
-58.7321,-0.000400183
-58.7446,-0.000399686
-58.7571,-0.000399189
-58.7696,-0.000398692
-58.7821,-0.000398194
-58.7946,-0.000397696
-58.8071,-0.000397197
-58.8196,-0.000396697
-58.8321,-0.000396197
-58.8446,-0.000395696
-58.8571,-0.000395195
-58.8696,-0.000394692
-58.8821,-0.000394188
-58.8946,-0.000393684
-58.9071,-0.00039318
-58.9196,-0.000392676
-58.9321,-0.000392171
-58.9446,-0.000391666
-58.9571,-0.000391161
-58.9696,-0.000390656
-58.9821,-0.00039015
-58.9946,-0.000389645
-59.0071,-0.00038914
-59.0196,-0.000388634
-59.0322,-0.000388128
-59.0447,-0.000387622
-59.0572,-0.000387115
-59.0697,-0.000386609
-59.0822,-0.000386103
-59.0948,-0.000385597
-59.1073,-0.000385092
-59.1198,-0.000384587
-59.1323,-0.000384082
-59.1449,-0.000383577
-59.1574,-0.000383071
-59.1699,-0.000382565
-59.1824,-0.000382059
-59.195,-0.000381553
-59.2075,-0.000381046
-59.22,-0.000380539
-59.2326,-0.000380032
-59.2451,-0.000379523
-59.2577,-0.000379015
-59.2702,-0.000378507
-59.2827,-0.000377998
-59.2953,-0.000377489
-59.3078,-0.00037698
-59.3204,-0.00037647
-59.3329,-0.000375959
-59.3455,-0.000375447
-59.358,-0.000374935
-59.3706,-0.000374422
-59.3831,-0.00037391
-59.3957,-0.000373397
-59.4082,-0.000372884
-59.4208,-0.00037237
-59.4333,-0.000371857
-59.4459,-0.000371343
-59.4584,-0.00037083
-59.471,-0.000370317
-59.4836,-0.000369804
-59.4961,-0.000369292
-59.5087,-0.000368778
-59.5213,-0.000368265
-59.5338,-0.000367752
-59.5464,-0.000367239
-59.559,-0.000366727
-59.5715,-0.000366215
-59.5841,-0.000365703
-59.5967,-0.000365192
-59.6092,-0.000364681
-59.6218,-0.00036417
-59.6344,-0.000363659
-59.647,-0.000363148
-59.6595,-0.000362637
-59.6721,-0.000362125
-59.6847,-0.000361614
-59.6973,-0.000361102
-59.7099,-0.000360589
-59.7225,-0.000360076
-59.735,-0.000359562
-59.7476,-0.00035905
-59.7602,-0.000358536
-59.7728,-0.000358023
-59.7854,-0.000357509
-59.798,-0.000356994
-59.8106,-0.000356479
-59.8232,-0.000355963
-59.8358,-0.000355447
-59.8484,-0.00035493
-59.861,-0.000354413
-59.8736,-0.000353896
-59.8862,-0.000353379
-59.8988,-0.000352862
-59.9114,-0.000352345
-59.924,-0.000351828
-59.9366,-0.000351312
-59.9492,-0.000350796
-59.9618,-0.000350281
-59.9744,-0.000349766
-59.987,-0.00034925
-59.9996,-0.000348735
-60.0122,-0.00034822
-60.0248,-0.000347706
-60.0375,-0.000347192
-60.0501,-0.000346679
-60.0627,-0.000346166
-60.0753,-0.000345654
-60.0879,-0.000345143
-60.1005,-0.000344632
-60.1132,-0.00034412
-60.1258,-0.000343609
-60.1384,-0.000343098
-60.151,-0.000342586
-60.1637,-0.000342075
-60.1763,-0.000341563
-60.1889,-0.00034105
-60.2015,-0.000340537
-60.2142,-0.000340022
-60.2268,-0.000339509
-60.2394,-0.000338994
-60.2521,-0.00033848
-60.2647,-0.000337964
-60.2773,-0.000337449
-60.29,-0.000336932
-60.3026,-0.000336416
-60.3153,-0.0003359
-60.3279,-0.000335383
-60.3405,-0.000334867
-60.3532,-0.000334352
-60.3658,-0.000333837
-60.3785,-0.000333323
-60.3911,-0.00033281
-60.4038,-0.000332297
-60.4164,-0.000331784
-60.4291,-0.000331272
-60.4417,-0.00033076
-60.4544,-0.000330249
-60.467,-0.000329738
-60.4797,-0.000329228
-60.4923,-0.000328718
-60.505,-0.000328208
-60.5176,-0.000327698
-60.5303,-0.000327187
-60.543,-0.000326676
-60.5556,-0.000326164
-60.5683,-0.000325652
-60.5809,-0.000325141
-60.5936,-0.000324629
-60.6063,-0.000324118
-60.6189,-0.000323606
-60.6316,-0.000323094
-60.6443,-0.000322582
-60.6569,-0.000322071
-60.6696,-0.000321559
-60.6823,-0.000321047
-60.695,-0.000320535
-60.7076,-0.000320024
-60.7203,-0.000319513
-60.733,-0.000319003
-60.7457,-0.000318493
-60.7583,-0.000317983
-60.771,-0.000317474
-60.7837,-0.000316964
-60.7964,-0.000316456
-60.8091,-0.000315947
-60.8217,-0.000315439
-60.8344,-0.000314931
-60.8471,-0.000314423
-60.8598,-0.000313916
-60.8725,-0.000313409
-60.8852,-0.000312902
-60.8979,-0.000312396
-60.9106,-0.000311889
-60.9233,-0.000311382
-60.9359,-0.000310875
-60.9486,-0.000310369
-60.9613,-0.000309863
-60.974,-0.000309357
-60.9867,-0.000308851
-60.9994,-0.000308345
-61.0121,-0.00030784
-61.0248,-0.000307334
-61.0375,-0.000306829
-61.0502,-0.000306323
-61.0629,-0.000305818
-61.0756,-0.000305313
-61.0883,-0.000304809
-61.101,-0.000304304
-61.1138,-0.000303801
-61.1265,-0.000303296
-61.1392,-0.000302792
-61.1519,-0.000302289
-61.1646,-0.000301785
-61.1773,-0.000301281
-61.19,-0.000300778
-61.2027,-0.000300276
-61.2154,-0.000299773
-61.2282,-0.000299272
-61.2409,-0.000298771
-61.2536,-0.00029827
-61.2663,-0.000297769
-61.279,-0.000297268
-61.2918,-0.000296767
-61.3045,-0.000296267
-61.3172,-0.000295767
-61.3299,-0.000295267
-61.3427,-0.000294768
-61.3554,-0.000294269
-61.3681,-0.00029377
-61.3808,-0.000293272
-61.3936,-0.000292775
-61.4063,-0.000292278
-61.419,-0.000291781
-61.4318,-0.000291283
-61.4445,-0.000290786
-61.4572,-0.00029029
-61.47,-0.000289794
-61.4827,-0.000289298
-61.4954,-0.000288802
-61.5082,-0.000288307
-61.5209,-0.000287811
-61.5337,-0.000287317
-61.5464,-0.000286822
-61.5591,-0.000286328
-61.5719,-0.000285834
-61.5846,-0.000285341
-61.5974,-0.000284847
-61.6101,-0.000284355
-61.6229,-0.000283862
-61.6356,-0.00028337
-61.6484,-0.000282878
-61.6611,-0.000282387
-61.6738,-0.000281896
-61.6866,-0.000281405
-61.6994,-0.000280915
-61.7121,-0.000280424
-61.7249,-0.000279934
-61.7376,-0.000279444
-61.7504,-0.000278955
-61.7631,-0.000278466
-61.7759,-0.000277977
-61.7886,-0.000277489
-61.8014,-0.000277
-61.8142,-0.000276513
-61.8269,-0.000276025
-61.8397,-0.000275538
-61.8524,-0.000275052
-61.8652,-0.000274566
-61.878,-0.00027408
-61.8907,-0.000273595
-61.9035,-0.00027311
-61.9163,-0.000272624
-61.929,-0.00027214
-61.9418,-0.000271655
-61.9546,-0.000271171
-61.9673,-0.000270687
-61.9801,-0.000270204
-61.9929,-0.000269721
-62.0057,-0.000269238
-62.0184,-0.000268756
-62.0312,-0.000268274
-62.044,-0.000267793
-62.0568,-0.000267312
-62.0695,-0.000266832
-62.0823,-0.000266352
-62.0951,-0.000265873
-62.1079,-0.000265395
-62.1206,-0.000264916
-62.1334,-0.000264438
-62.1462,-0.000263961
-62.159,-0.000263483
-62.1718,-0.000263006
-62.1846,-0.00026253
-62.1973,-0.000262054
-62.2101,-0.000261578
-62.2229,-0.000261103
-62.2357,-0.000260628
-62.2485,-0.000260153
-62.2613,-0.000259679
-62.2741,-0.000259205
-62.2869,-0.000258732
-62.2996,-0.000258259
-62.3124,-0.000257786
-62.3252,-0.000257314
-62.338,-0.000256843
-62.3508,-0.000256372
-62.3636,-0.000255901
-62.3764,-0.00025543
-62.3892,-0.00025496
-62.402,-0.00025449
-62.4148,-0.000254021
-62.4276,-0.000253552
-62.4404,-0.000253083
-62.4532,-0.000252615
-62.466,-0.000252148
-62.4788,-0.00025168
-62.4916,-0.000251213
-62.5044,-0.000250747
-62.5172,-0.000250281
-62.53,-0.000249815
-62.5428,-0.00024935
-62.5556,-0.000248885
-62.5684,-0.00024842
-62.5812,-0.000247956
-62.594,-0.000247493
-62.6069,-0.00024703
-62.6197,-0.000246567
-62.6325,-0.000246105
-62.6453,-0.000245643
-62.6581,-0.000245181
-62.6709,-0.00024472
-62.6837,-0.00024426
-62.6965,-0.0002438
-62.7093,-0.00024334
-62.7222,-0.000242881
-62.735,-0.000242423
-62.7478,-0.000241965
-62.7606,-0.000241507
-62.7734,-0.00024105
-62.7862,-0.000240593
-62.7991,-0.000240137
-62.8119,-0.000239681
-62.8247,-0.000239226
-62.8375,-0.000238771
-62.8503,-0.000238317
-62.8632,-0.000237863
-62.876,-0.00023741
-62.8888,-0.000236957
-62.9016,-0.000236505
-62.9145,-0.000236053
-62.9273,-0.000235601
-62.9401,-0.00023515
-62.9529,-0.0002347
-62.9658,-0.00023425
-62.9786,-0.000233801
-62.9914,-0.000233352
-63.0042,-0.000232904
-63.0171,-0.000232456
-63.0299,-0.000232009
-63.0427,-0.000231562
-63.0556,-0.000231115
-63.0684,-0.00023067
-63.0812,-0.000230224
-63.0941,-0.000229779
-63.1069,-0.000229335
-63.1197,-0.000228891
-63.1326,-0.000228448
-63.1454,-0.000228005
-63.1582,-0.000227562
-63.1711,-0.00022712
-63.1839,-0.000226679
-63.1967,-0.000226238
-63.2096,-0.000225797
-63.2224,-0.000225357
-63.2353,-0.000224917
-63.2481,-0.000224478
-63.2609,-0.00022404
-63.2738,-0.000223602
-63.2866,-0.000223164
-63.2995,-0.000222727
-63.3123,-0.000222291
-63.3251,-0.000221855
-63.338,-0.00022142
-63.3508,-0.000220985
-63.3637,-0.00022055
-63.3765,-0.000220116
-63.3894,-0.000219683
-63.4022,-0.00021925
-63.415,-0.000218818
-63.4279,-0.000218386
-63.4407,-0.000217955
-63.4536,-0.000217524
-63.4664,-0.000217094
-63.4793,-0.000216664
-63.4921,-0.000216234
-63.505,-0.000215805
-63.5178,-0.000215377
-63.5307,-0.000214949
-63.5435,-0.000214521
-63.5564,-0.000214094
-63.5692,-0.000213668
-63.5821,-0.000213241
-63.5949,-0.000212816
-63.6078,-0.000212392
-63.6206,-0.000211967
-63.6335,-0.000211544
-63.6463,-0.000211121
-63.6592,-0.000210698
-63.6721,-0.000210276
-63.6849,-0.000209855
-63.6978,-0.000209434
-63.7106,-0.000209013
-63.7235,-0.000208593
-63.7363,-0.000208174
-63.7492,-0.000207755
-63.762,-0.000207337
-63.7749,-0.000206919
-63.7878,-0.000206502
-63.8006,-0.000206085
-63.8135,-0.000205669
-63.8263,-0.000205253
-63.8392,-0.000204838
-63.852,-0.000204424
-63.8649,-0.00020401
-63.8778,-0.000203597
-63.8906,-0.000203184
-63.9035,-0.000202772
-63.9163,-0.00020236
-63.9292,-0.000201949
-63.9421,-0.000201539
-63.9549,-0.000201129
-63.9678,-0.000200719
-63.9807,-0.000200311
-63.9935,-0.000199902
-64.0064,-0.000199495
-64.0192,-0.000199088
-64.0321,-0.000198681
-64.045,-0.000198276
-64.0578,-0.00019787
-64.0707,-0.000197465
-64.0836,-0.000197061
-64.0964,-0.000196657
-64.1093,-0.000196254
-64.1222,-0.000195851
-64.135,-0.000195449
-64.1479,-0.000195047
-64.1608,-0.000194646
-64.1736,-0.000194245
-64.1865,-0.000193845
-64.1994,-0.000193445
-64.2122,-0.000193046
-64.2251,-0.000192647
-64.238,-0.000192249
-64.2508,-0.000191851
-64.2637,-0.000191454
-64.2766,-0.000191057
-64.2894,-0.000190661
-64.3023,-0.000190266
-64.3152,-0.000189871
-64.328,-0.000189477
-64.3409,-0.000189083
-64.3538,-0.00018869
-64.3666,-0.000188298
-64.3795,-0.000187906
-64.3924,-0.000187515
-64.4053,-0.000187124
-64.4181,-0.000186734
-64.431,-0.000186344
-64.4439,-0.000185956
-64.4567,-0.000185567
-64.4696,-0.00018518
-64.4825,-0.000184793
-64.4953,-0.000184406
-64.5082,-0.000184021
-64.5211,-0.000183636
-64.534,-0.000183251
-64.5468,-0.000182867
-64.5597,-0.000182483
-64.5726,-0.0001821
-64.5854,-0.000181718
-64.5983,-0.000181336
-64.6112,-0.000180955
-64.6241,-0.000180575
-64.6369,-0.000180195
-64.6498,-0.000179815
-64.6627,-0.000179437
-64.6755,-0.000179059
-64.6884,-0.000178681
-64.7013,-0.000178304
-64.7142,-0.000177928
-64.727,-0.000177552
-64.7399,-0.000177177
-64.7528,-0.000176803
-64.7656,-0.000176429
-64.7785,-0.000176055
-64.7914,-0.000175682
-64.8043,-0.00017531
-64.8171,-0.000174938
-64.83,-0.000174566
-64.8429,-0.000174195
-64.8557,-0.000173825
-64.8686,-0.000173455
-64.8815,-0.000173086
-64.8944,-0.000172717
-64.9072,-0.000172348
-64.9201,-0.00017198
-64.933,-0.000171613
-64.9459,-0.000171246
-64.9587,-0.000170879
-64.9716,-0.000170512
-64.9845,-0.000170147
-64.9973,-0.000169782
-65.0102,-0.000169418
-65.0231,-0.000169054
-65.0359,-0.000168691
-65.0488,-0.000168329
-65.0617,-0.000167967
-65.0746,-0.000167606
-65.0874,-0.000167245
-65.1003,-0.000166885
-65.1132,-0.000166525
-65.126,-0.000166166
-65.1389,-0.000165808
-65.1518,-0.00016545
-65.1647,-0.000165093
-65.1775,-0.000164737
-65.1904,-0.000164382
-65.2033,-0.000164027
-65.2161,-0.000163672
-65.229,-0.000163319
-65.2419,-0.000162965
-65.2547,-0.000162612
-65.2676,-0.00016226
-65.2805,-0.000161909
-65.2933,-0.000161558
-65.3062,-0.000161208
-65.3191,-0.000160859
-65.3319,-0.00016051
-65.3448,-0.000160162
-65.3577,-0.000159815
-65.3705,-0.000159468
-65.3834,-0.000159122
-65.3963,-0.000158777
-65.4091,-0.000158433
-65.422,-0.000158089
-65.4349,-0.000157746
-65.4477,-0.000157404
-65.4606,-0.000157062
-65.4735,-0.00015672
-65.4863,-0.000156379
-65.4992,-0.000156038
-65.5121,-0.000155698
-65.5249,-0.000155359
-65.5378,-0.00015502
-65.5507,-0.000154681
-65.5635,-0.000154343
-65.5764,-0.000154005
-65.5892,-0.000153668
-65.6021,-0.000153331
-65.615,-0.000152995
-65.6278,-0.000152659
-65.6407,-0.000152323
-65.6535,-0.000151987
-65.6664,-0.000151652
-65.6793,-0.000151317
-65.6921,-0.000150983
-65.705,-0.000150649
-65.7178,-0.000150316
-65.7307,-0.000149984
-65.7436,-0.000149652
-65.7564,-0.000149321
-65.7693,-0.000148991
-65.7821,-0.000148661
-65.795,-0.000148331
-65.8078,-0.000148003
-65.8207,-0.000147675
-65.8336,-0.000147349
-65.8464,-0.000147023
-65.8593,-0.000146697
-65.8721,-0.000146372
-65.885,-0.000146047
-65.8978,-0.000145724
-65.9107,-0.000145401
-65.9235,-0.000145079
-65.9364,-0.000144757
-65.9492,-0.000144437
-65.9621,-0.000144118
-65.9749,-0.000143799
-65.9878,-0.000143482
-66.0006,-0.000143165
-66.0135,-0.000142848
-66.0263,-0.000142532
-66.0392,-0.000142217
-66.052,-0.000141902
-66.0649,-0.000141588
-66.0777,-0.000141274
-66.0906,-0.00014096
-66.1034,-0.000140647
-66.1162,-0.000140334
-66.1291,-0.000140022
-66.1419,-0.000139709
-66.1548,-0.000139397
-66.1676,-0.000139085
-66.1805,-0.000138773
-66.1933,-0.000138462
-66.2061,-0.000138152
-66.219,-0.000137841
-66.2318,-0.000137531
-66.2446,-0.000137221
-66.2575,-0.000136911
-66.2703,-0.000136602
-66.2832,-0.000136294
-66.296,-0.000135986
-66.3088,-0.000135678
-66.3217,-0.000135372
-66.3345,-0.000135066
-66.3473,-0.000134762
-66.3602,-0.000134458
-66.373,-0.000134156
-66.3858,-0.000133856
-66.3987,-0.000133557
-66.4115,-0.000133257
-66.4243,-0.000132959
-66.4371,-0.000132661
-66.45,-0.000132364
-66.4628,-0.000132067
-66.4756,-0.000131771
-66.4884,-0.000131474
-66.5013,-0.000131178
-66.5141,-0.000130883
-66.5269,-0.000130587
-66.5397,-0.000130292
-66.5526,-0.000129996
-66.5654,-0.000129699
-66.5782,-0.000129404
-66.591,-0.000129109
-66.6038,-0.000128814
-66.6167,-0.00012852
-66.6295,-0.000128228
-66.6423,-0.000127936
-66.6551,-0.000127646
-66.6679,-0.000127355
-66.6807,-0.000127066
-66.6935,-0.000126778
-66.7064,-0.000126491
-66.7192,-0.000126205
-66.732,-0.000125921
-66.7448,-0.000125638
-66.7576,-0.000125355
-66.7704,-0.000125072
-66.7832,-0.00012479
-66.796,-0.000124508
-66.8088,-0.000124226
-66.8216,-0.000123943
-66.8344,-0.000123661
-66.8472,-0.00012338
-66.86,-0.000123098
-66.8728,-0.000122816
-66.8856,-0.000122534
-66.8984,-0.000122252
-66.9112,-0.00012197
-66.924,-0.000121689
-66.9368,-0.000121408
-66.9496,-0.000121128
-66.9624,-0.000120849
-66.9752,-0.000120572
-66.988,-0.000120297
-67.0008,-0.000120022
-67.0136,-0.000119747
-67.0264,-0.000119474
-67.0391,-0.000119202
-67.0519,-0.000118932
-67.0647,-0.000118662
-67.0775,-0.000118395
-67.0903,-0.000118127
-67.1031,-0.00011786
-67.1158,-0.000117593
-67.1286,-0.000117325
-67.1414,-0.000117057
-67.1542,-0.000116788
-67.167,-0.000116519
-67.1797,-0.000116249
-67.1925,-0.00011598
-67.2053,-0.000115711
-67.2181,-0.000115442
-67.2308,-0.000115173
-67.2436,-0.000114905
-67.2564,-0.000114638
-67.2691,-0.000114372
-67.2819,-0.000114108
-67.2947,-0.000113845
-67.3074,-0.000113583
-67.3202,-0.000113323
-67.333,-0.000113065
-67.3457,-0.000112808
-67.3585,-0.000112551
-67.3712,-0.000112294
-67.384,-0.000112037
-67.3968,-0.000111778
-67.4095,-0.000111519
-67.4223,-0.000111261
-67.435,-0.000111003
-67.4478,-0.000110745
-67.4605,-0.000110487
-67.4733,-0.000110229
-67.486,-0.000109972
-67.4988,-0.000109716
-67.5115,-0.000109462
-67.5243,-0.00010921
-67.537,-0.000108958
-67.5497,-0.000108708
-67.5625,-0.000108458
-67.5752,-0.00010821
-67.588,-0.000107963
-67.6007,-0.000107716
-67.6134,-0.00010747
-67.6262,-0.000107222
-67.6389,-0.000106973
-67.6516,-0.000106724
-67.6643,-0.000106476
-67.6771,-0.000106227
-67.6898,-0.000105979
-67.7025,-0.000105731
-67.7153,-0.000105482
-67.728,-0.000105235
-67.7407,-0.000104989
-67.7534,-0.000104744
-67.7661,-0.000104502
-67.7789,-0.00010426
-67.7916,-0.00010402
-67.8043,-0.000103781
-67.817,-0.000103543
-67.8297,-0.000103306
-67.8424,-0.000103069
-67.8551,-0.000102833
-67.8678,-0.000102595
-67.8805,-0.000102356
-67.8932,-0.000102116
-67.9059,-0.000101878
-67.9186,-0.000101638
-67.9313,-0.000101399
-67.944,-0.00010116
-67.9567,-0.000100921
-67.9694,-0.000100683
-67.9821,-0.000100446
-67.9948,-0.000100212
-68.0075,-1.00E-04
-68.0202,-9.97E-05
-68.0329,-9.95E-05
-68.0456,-9.93E-05
-68.0583,-9.91E-05
-68.0709,-9.88E-05
-68.0836,-9.86E-05
-68.0963,-9.84E-05
-68.109,-9.82E-05
-68.1216,-9.79E-05
-68.1343,-9.77E-05
-68.147,-9.75E-05
-68.1597,-9.72E-05
-68.1723,-9.70E-05
-68.185,-9.68E-05
-68.1977,-9.65E-05
-68.2103,-9.63E-05
-68.223,-9.61E-05
-68.2357,-9.59E-05
-68.2483,-9.56E-05
-68.261,-9.54E-05
-68.2736,-9.52E-05
-68.2863,-9.50E-05
-68.2989,-9.48E-05
-68.3116,-9.45E-05
-68.3242,-9.43E-05
-68.3369,-9.41E-05
-68.3495,-9.39E-05
-68.3622,-9.37E-05
-68.3748,-9.34E-05
-68.3875,-9.32E-05
-68.4001,-9.30E-05
-68.4127,-9.28E-05
-68.4254,-9.26E-05
-68.438,-9.24E-05
-68.4506,-9.21E-05
-68.4633,-9.19E-05
-68.4759,-9.17E-05
-68.4885,-9.15E-05
-68.5011,-9.13E-05
-68.5138,-9.11E-05
-68.5264,-9.09E-05
-68.539,-9.06E-05
-68.5516,-9.04E-05
-68.5642,-9.02E-05
-68.5769,-9.00E-05
-68.5895,-8.98E-05
-68.6021,-8.96E-05
-68.6147,-8.94E-05
-68.6273,-8.92E-05
-68.6399,-8.90E-05
-68.6525,-8.87E-05
-68.6651,-8.85E-05
-68.6777,-8.83E-05
-68.6903,-8.81E-05
-68.7029,-8.79E-05
-68.7155,-8.77E-05
-68.7281,-8.75E-05
-68.7406,-8.73E-05
-68.7532,-8.71E-05
-68.7658,-8.69E-05
-68.7784,-8.67E-05
-68.791,-8.65E-05
-68.8036,-8.63E-05
-68.8161,-8.61E-05
-68.8287,-8.59E-05
-68.8413,-8.57E-05
-68.8538,-8.55E-05
-68.8664,-8.53E-05
-68.879,-8.51E-05
-68.8915,-8.49E-05
-68.9041,-8.47E-05
-68.9167,-8.45E-05
-68.9292,-8.43E-05
-68.9418,-8.41E-05
-68.9543,-8.39E-05
-68.9669,-8.37E-05
-68.9794,-8.35E-05
-68.992,-8.33E-05
-69.0045,-8.31E-05
-69.0171,-8.29E-05
-69.0296,-8.27E-05
-69.0421,-8.25E-05
-69.0547,-8.23E-05
-69.0672,-8.21E-05
-69.0797,-8.19E-05
-69.0923,-8.17E-05
-69.1048,-8.15E-05
-69.1173,-8.14E-05
-69.1298,-8.12E-05
-69.1424,-8.10E-05
-69.1549,-8.08E-05
-69.1674,-8.06E-05
-69.1799,-8.04E-05
-69.1924,-8.02E-05
-69.2049,-8.00E-05
-69.2174,-7.98E-05
-69.2299,-7.97E-05
-69.2425,-7.95E-05
-69.255,-7.93E-05
-69.2674,-7.91E-05
-69.2799,-7.89E-05
-69.2924,-7.87E-05
-69.3049,-7.85E-05
-69.3174,-7.84E-05
-69.3299,-7.82E-05
-69.3424,-7.80E-05
-69.3549,-7.78E-05
-69.3673,-7.76E-05
-69.3798,-7.74E-05
-69.3923,-7.73E-05
-69.4048,-7.71E-05
-69.4172,-7.69E-05
-69.4297,-7.67E-05
-69.4422,-7.65E-05
-69.4546,-7.63E-05
-69.4671,-7.62E-05
-69.4795,-7.60E-05
-69.492,-7.58E-05
-69.5045,-7.56E-05
-69.5169,-7.55E-05
-69.5294,-7.53E-05
-69.5418,-7.51E-05
-69.5542,-7.49E-05
-69.5667,-7.48E-05
-69.5791,-7.46E-05
-69.5916,-7.44E-05
-69.604,-7.42E-05
-69.6164,-7.41E-05
-69.6288,-7.39E-05
-69.6413,-7.37E-05
-69.6537,-7.35E-05
-69.6661,-7.34E-05
-69.6785,-7.32E-05
-69.6909,-7.30E-05
-69.7034,-7.28E-05
-69.7158,-7.27E-05
-69.7282,-7.25E-05
-69.7406,-7.23E-05
-69.753,-7.22E-05
-69.7654,-7.20E-05
-69.7778,-7.18E-05
-69.7902,-7.17E-05
-69.8026,-7.15E-05
-69.8149,-7.13E-05
-69.8273,-7.12E-05
-69.8397,-7.10E-05
-69.8521,-7.08E-05
-69.8645,-7.07E-05
-69.8768,-7.05E-05
-69.8892,-7.03E-05
-69.9016,-7.02E-05
-69.9139,-7.00E-05
-69.9263,-6.98E-05
-69.9387,-6.97E-05
-69.951,-6.95E-05
-69.9634,-6.93E-05
-69.9757,-6.92E-05
-69.9881,-6.90E-05
-70.0004,-6.89E-05
-70.0128,-6.87E-05
-70.0251,-6.85E-05
-70.0375,-6.84E-05
-70.0498,-6.82E-05
-70.0621,-6.81E-05
-70.0745,-6.79E-05
-70.0868,-6.77E-05
-70.0991,-6.76E-05
-70.1114,-6.74E-05
-70.1238,-6.73E-05
-70.1361,-6.71E-05
-70.1484,-6.69E-05
-70.1607,-6.68E-05
-70.173,-6.66E-05
-70.1853,-6.65E-05
-70.1976,-6.63E-05
-70.2099,-6.62E-05
-70.2222,-6.60E-05
-70.2345,-6.59E-05
-70.2468,-6.57E-05
-70.2591,-6.55E-05
-70.2714,-6.54E-05
-70.2836,-6.52E-05
-70.2959,-6.51E-05
-70.3082,-6.49E-05
-70.3205,-6.48E-05
-70.3327,-6.46E-05
-70.345,-6.45E-05
-70.3573,-6.43E-05
-70.3695,-6.42E-05
-70.3818,-6.40E-05
-70.394,-6.39E-05
-70.4063,-6.37E-05
-70.4185,-6.36E-05
-70.4308,-6.34E-05
-70.443,-6.33E-05
-70.4552,-6.31E-05
-70.4675,-6.30E-05
-70.4797,-6.29E-05
-70.4919,-6.27E-05
-70.5042,-6.26E-05
-70.5164,-6.24E-05
-70.5286,-6.23E-05
-70.5408,-6.21E-05
-70.553,-6.20E-05
-70.5653,-6.18E-05
-70.5775,-6.17E-05
-70.5897,-6.15E-05
-70.6019,-6.14E-05
-70.6141,-6.13E-05
-70.6263,-6.11E-05
-70.6384,-6.10E-05
-70.6506,-6.08E-05
-70.6628,-6.07E-05
-70.675,-6.05E-05
-70.6872,-6.04E-05
-70.6994,-6.03E-05
-70.7115,-6.01E-05
-70.7237,-6.00E-05
-70.7359,-5.98E-05
-70.748,-5.97E-05
-70.7602,-5.96E-05
-70.7723,-5.94E-05
-70.7845,-5.93E-05
-70.7966,-5.91E-05
-70.8088,-5.90E-05
-70.8209,-5.89E-05
-70.8331,-5.87E-05
-70.8452,-5.86E-05
-70.8573,-5.85E-05
-70.8695,-5.83E-05
-70.8816,-5.82E-05
-70.8937,-5.81E-05
-70.9058,-5.79E-05
-70.9179,-5.78E-05
-70.93,-5.77E-05
-70.9422,-5.75E-05
-70.9543,-5.74E-05
-70.9664,-5.73E-05
-70.9785,-5.71E-05
-70.9906,-5.70E-05
-71.0026,-5.69E-05
-71.0147,-5.67E-05
-71.0268,-5.66E-05
-71.0389,-5.65E-05
-71.051,-5.63E-05
-71.063,-5.62E-05
-71.0751,-5.61E-05
-71.0872,-5.60E-05
-71.0992,-5.58E-05
-71.1113,-5.57E-05
-71.1234,-5.56E-05
-71.1354,-5.54E-05
-71.1475,-5.53E-05
-71.1595,-5.52E-05
-71.1715,-5.51E-05
-71.1836,-5.49E-05
-71.1956,-5.48E-05
-71.2077,-5.47E-05
-71.2197,-5.45E-05
-71.2317,-5.44E-05
-71.2437,-5.43E-05
-71.2557,-5.42E-05
-71.2677,-5.41E-05
-71.2798,-5.39E-05
-71.2918,-5.38E-05
-71.3038,-5.37E-05
-71.3158,-5.36E-05
-71.3278,-5.34E-05
-71.3397,-5.33E-05
-71.3517,-5.32E-05
-71.3637,-5.31E-05
-71.3757,-5.29E-05
-71.3877,-5.28E-05
-71.3996,-5.27E-05
-71.4116,-5.26E-05
-71.4236,-5.25E-05
-71.4355,-5.23E-05
-71.4475,-5.22E-05
-71.4594,-5.21E-05
-71.4714,-5.20E-05
-71.4833,-5.19E-05
-71.4953,-5.17E-05
-71.5072,-5.16E-05
-71.5192,-5.15E-05
-71.5311,-5.14E-05
-71.543,-5.13E-05
-71.5549,-5.11E-05
-71.5669,-5.10E-05
-71.5788,-5.09E-05
-71.5907,-5.08E-05
-71.6026,-5.07E-05
-71.6145,-5.06E-05
-71.6264,-5.04E-05
-71.6383,-5.03E-05
-71.6502,-5.02E-05
-71.6621,-5.01E-05
-71.6739,-5.00E-05
-71.6858,-4.99E-05
-71.6977,-4.98E-05
-71.7096,-4.97E-05
-71.7214,-4.95E-05
-71.7333,-4.94E-05
-71.7452,-4.93E-05
-71.757,-4.92E-05
-71.7689,-4.91E-05
-71.7807,-4.90E-05
-71.7926,-4.89E-05
-71.8044,-4.88E-05
-71.8162,-4.86E-05
-71.8281,-4.85E-05
-71.8399,-4.84E-05
-71.8517,-4.83E-05
-71.8635,-4.82E-05
-71.8754,-4.81E-05
-71.8872,-4.80E-05
-71.899,-4.79E-05
-71.9108,-4.78E-05
-71.9226,-4.77E-05
-71.9344,-4.76E-05
-71.9462,-4.75E-05
-71.958,-4.73E-05
-71.9697,-4.72E-05
-71.9815,-4.71E-05
-71.9933,-4.70E-05
-72.0051,-4.69E-05
-72.0168,-4.68E-05
-72.0286,-4.67E-05
-72.0404,-4.66E-05
-72.0521,-4.65E-05
-72.0639,-4.64E-05
-72.0756,-4.63E-05
-72.0873,-4.62E-05
-72.0991,-4.61E-05
-72.1108,-4.60E-05
-72.1225,-4.59E-05
-72.1343,-4.58E-05
-72.146,-4.57E-05
-72.1577,-4.56E-05
-72.1694,-4.55E-05
-72.1811,-4.54E-05
-72.1928,-4.53E-05
-72.2045,-4.52E-05
-72.2162,-4.51E-05
-72.2279,-4.50E-05
-72.2396,-4.49E-05
-72.2513,-4.48E-05
-72.263,-4.47E-05
-72.2746,-4.46E-05
-72.2863,-4.45E-05
-72.298,-4.44E-05
-72.3096,-4.43E-05
-72.3213,-4.42E-05
-72.3329,-4.41E-05
-72.3446,-4.40E-05
-72.3562,-4.39E-05
-72.3679,-4.38E-05
-72.3795,-4.37E-05
-72.3911,-4.36E-05
-72.4027,-4.35E-05
-72.4144,-4.34E-05
-72.426,-4.33E-05
-72.4376,-4.32E-05
-72.4492,-4.31E-05
-72.4608,-4.30E-05
-72.4724,-4.29E-05
-72.484,-4.28E-05
-72.4956,-4.27E-05
-72.5072,-4.26E-05
-72.5187,-4.25E-05
-72.5303,-4.24E-05
-72.5419,-4.23E-05
-72.5535,-4.22E-05
-72.565,-4.21E-05
-72.5766,-4.21E-05
-72.5881,-4.20E-05
-72.5997,-4.19E-05
-72.6112,-4.18E-05
-72.6228,-4.17E-05
-72.6343,-4.16E-05
-72.6458,-4.15E-05
-72.6574,-4.14E-05
-72.6689,-4.13E-05
-72.6804,-4.12E-05
-72.6919,-4.11E-05
-72.7034,-4.10E-05
-72.7149,-4.10E-05
-72.7264,-4.09E-05
-72.7379,-4.08E-05
-72.7494,-4.07E-05
-72.7609,-4.06E-05
-72.7724,-4.05E-05
-72.7838,-4.04E-05
-72.7953,-4.03E-05
-72.8068,-4.02E-05
-72.8182,-4.02E-05
-72.8297,-4.01E-05
-72.8411,-4.00E-05
-72.8526,-3.99E-05
-72.864,-3.98E-05
-72.8755,-3.97E-05
-72.8869,-3.96E-05
-72.8983,-3.95E-05
-72.9097,-3.95E-05
-72.9212,-3.94E-05
-72.9326,-3.93E-05
-72.944,-3.92E-05
-72.9554,-3.91E-05
-72.9668,-3.90E-05
-72.9782,-3.89E-05
-72.9896,-3.89E-05
-73.0009,-3.88E-05
-73.0123,-3.87E-05
-73.0237,-3.86E-05
-73.0351,-3.85E-05
-73.0464,-3.84E-05
-73.0578,-3.84E-05
-73.0691,-3.83E-05
-73.0805,-3.82E-05
-73.0918,-3.81E-05
-73.1032,-3.80E-05
-73.1145,-3.79E-05
-73.1258,-3.79E-05
-73.1372,-3.78E-05
-73.1485,-3.77E-05
-73.1598,-3.76E-05
-73.1711,-3.75E-05
-73.1824,-3.75E-05
-73.1937,-3.74E-05
-73.205,-3.73E-05
-73.2163,-3.72E-05
-73.2276,-3.71E-05
-73.2389,-3.71E-05
-73.2502,-3.70E-05
-73.2614,-3.69E-05
-73.2727,-3.68E-05
-73.284,-3.67E-05
-73.2952,-3.67E-05
-73.3065,-3.66E-05
-73.3177,-3.65E-05
-73.3289,-3.64E-05
-73.3402,-3.63E-05
-73.3514,-3.63E-05
-73.3626,-3.62E-05
-73.3739,-3.61E-05
-73.3851,-3.60E-05
-73.3963,-3.60E-05
-73.4075,-3.59E-05
-73.4187,-3.58E-05
-73.4299,-3.57E-05
-73.4411,-3.57E-05
-73.4523,-3.56E-05
-73.4634,-3.55E-05
-73.4746,-3.54E-05
-73.4858,-3.54E-05
-73.497,-3.53E-05
-73.5081,-3.52E-05
-73.5193,-3.51E-05
-73.5304,-3.51E-05
-73.5416,-3.50E-05
-73.5527,-3.49E-05
-73.5638,-3.48E-05
-73.575,-3.48E-05
-73.5861,-3.47E-05
-73.5972,-3.46E-05
-73.6083,-3.45E-05
-73.6194,-3.45E-05
-73.6305,-3.44E-05
-73.6416,-3.43E-05
-73.6527,-3.42E-05
-73.6638,-3.42E-05
-73.6749,-3.41E-05
-73.686,-3.40E-05
-73.697,-3.40E-05
-73.7081,-3.39E-05
-73.7191,-3.38E-05
-73.7302,-3.37E-05
-73.7412,-3.37E-05
-73.7523,-3.36E-05
-73.7633,-3.35E-05
-73.7744,-3.35E-05
-73.7854,-3.34E-05
-73.7964,-3.33E-05
-73.8074,-3.33E-05
-73.8184,-3.32E-05
-73.8295,-3.31E-05
-73.8405,-3.31E-05
-73.8514,-3.30E-05
-73.8624,-3.29E-05
-73.8734,-3.28E-05
-73.8844,-3.28E-05
-73.8954,-3.27E-05
-73.9063,-3.26E-05
-73.9173,-3.26E-05
-73.9283,-3.25E-05
-73.9392,-3.24E-05
-73.9502,-3.24E-05
-73.9611,-3.23E-05
-73.972,-3.22E-05
-73.983,-3.22E-05
-73.9939,-3.21E-05
-74.0048,-3.20E-05
-74.0157,-3.20E-05
-74.0266,-3.19E-05
-74.0376,-3.18E-05
-74.0484,-3.18E-05
-74.0593,-3.17E-05
-74.0702,-3.16E-05
-74.0811,-3.16E-05
-74.092,-3.15E-05
-74.1029,-3.15E-05
-74.1137,-3.14E-05
-74.1246,-3.13E-05
-74.1354,-3.13E-05
-74.1463,-3.12E-05
-74.1571,-3.11E-05
-74.168,-3.11E-05
-74.1788,-3.10E-05
-74.1896,-3.09E-05
-74.2004,-3.09E-05
-74.2113,-3.08E-05
-74.2221,-3.08E-05
-74.2329,-3.07E-05
-74.2437,-3.06E-05
-74.2545,-3.06E-05
-74.2652,-3.05E-05
-74.276,-3.04E-05
-74.2868,-3.04E-05
-74.2976,-3.03E-05
-74.3083,-3.03E-05
-74.3191,-3.02E-05
-74.3298,-3.01E-05
-74.3406,-3.01E-05
-74.3513,-3.00E-05
-74.3621,-3.00E-05
-74.3728,-2.99E-05
-74.3835,-2.98E-05
-74.3942,-2.98E-05
-74.405,-2.97E-05
-74.4157,-2.97E-05
-74.4264,-2.96E-05
-74.4371,-2.95E-05
-74.4478,-2.95E-05
-74.4584,-2.94E-05
-74.4691,-2.94E-05
-74.4798,-2.93E-05
-74.4905,-2.92E-05
-74.5011,-2.92E-05
-74.5118,-2.91E-05
-74.5224,-2.91E-05
-74.5331,-2.90E-05
-74.5437,-2.89E-05
-74.5543,-2.89E-05
-74.565,-2.88E-05
-74.5756,-2.88E-05
-74.5862,-2.87E-05
-74.5968,-2.87E-05
-74.6074,-2.86E-05
-74.618,-2.85E-05
-74.6286,-2.85E-05
-74.6392,-2.84E-05
-74.6498,-2.84E-05
-74.6603,-2.83E-05
-74.6709,-2.83E-05
-74.6815,-2.82E-05
-74.692,-2.82E-05
-74.7026,-2.81E-05
-74.7131,-2.80E-05
-74.7237,-2.80E-05
-74.7342,-2.79E-05
-74.7447,-2.79E-05
-74.7552,-2.78E-05
-74.7658,-2.78E-05
-74.7763,-2.77E-05
-74.7868,-2.77E-05
-74.7973,-2.76E-05
-74.8078,-2.75E-05
-74.8182,-2.75E-05
-74.8287,-2.74E-05
-74.8392,-2.74E-05
-74.8497,-2.73E-05
-74.8601,-2.73E-05
-74.8706,-2.72E-05
-74.881,-2.72E-05
-74.8915,-2.71E-05
-74.9019,-2.71E-05
-74.9123,-2.70E-05
-74.9228,-2.70E-05
-74.9332,-2.69E-05
-74.9436,-2.69E-05
-74.954,-2.68E-05
-74.9644,-2.68E-05
-74.9748,-2.67E-05
-74.9852,-2.66E-05
-74.9956,-2.66E-05
-75.006,-2.65E-05
-75.0163,-2.65E-05
-75.0267,-2.64E-05
-75.0371,-2.64E-05
-75.0474,-2.63E-05
-75.0578,-2.63E-05
-75.0681,-2.62E-05
-75.0784,-2.62E-05
-75.0888,-2.61E-05
-75.0991,-2.61E-05
-75.1094,-2.60E-05
-75.1197,-2.60E-05
-75.13,-2.59E-05
-75.1403,-2.59E-05
-75.1506,-2.58E-05
-75.1609,-2.58E-05
-75.1712,-2.57E-05
-75.1815,-2.57E-05
-75.1917,-2.56E-05
-75.202,-2.56E-05
-75.2122,-2.55E-05
-75.2225,-2.55E-05
-75.2327,-2.55E-05
-75.243,-2.54E-05
-75.2532,-2.54E-05
-75.2634,-2.53E-05
-75.2736,-2.53E-05
-75.2839,-2.52E-05
-75.2941,-2.52E-05
-75.3043,-2.51E-05
-75.3145,-2.51E-05
-75.3246,-2.50E-05
-75.3348,-2.50E-05
-75.345,-2.49E-05
-75.3552,-2.49E-05
-75.3653,-2.48E-05
-75.3755,-2.48E-05
-75.3856,-2.47E-05
-75.3958,-2.47E-05
-75.4059,-2.47E-05
-75.4161,-2.46E-05
-75.4262,-2.46E-05
-75.4363,-2.45E-05
-75.4464,-2.45E-05
-75.4565,-2.44E-05
-75.4666,-2.44E-05
-75.4767,-2.43E-05
-75.4868,-2.43E-05
-75.4969,-2.42E-05
-75.507,-2.42E-05
-75.517,-2.42E-05
-75.5271,-2.41E-05
-75.5371,-2.41E-05
-75.5472,-2.40E-05
-75.5572,-2.40E-05
-75.5673,-2.39E-05
-75.5773,-2.39E-05
-75.5873,-2.38E-05
-75.5974,-2.38E-05
-75.6074,-2.38E-05
-75.6174,-2.37E-05
-75.6274,-2.37E-05
-75.6374,-2.36E-05
-75.6474,-2.36E-05
-75.6573,-2.35E-05
-75.6673,-2.35E-05
-75.6773,-2.35E-05
-75.6872,-2.34E-05
-75.6972,-2.34E-05
-75.7071,-2.33E-05
-75.7171,-2.33E-05
-75.727,-2.32E-05
-75.7369,-2.32E-05
-75.7469,-2.32E-05
-75.7568,-2.31E-05
-75.7667,-2.31E-05
-75.7766,-2.30E-05
-75.7865,-2.30E-05
-75.7964,-2.29E-05
-75.8063,-2.29E-05
-75.8161,-2.29E-05
-75.826,-2.28E-05
-75.8359,-2.28E-05
-75.8457,-2.27E-05
-75.8556,-2.27E-05
-75.8654,-2.27E-05
-75.8753,-2.26E-05
-75.8851,-2.26E-05
-75.8949,-2.25E-05
-75.9048,-2.25E-05
-75.9146,-2.25E-05
-75.9244,-2.24E-05
-75.9342,-2.24E-05
-75.944,-2.23E-05
-75.9538,-2.23E-05
-75.9635,-2.23E-05
-75.9733,-2.22E-05
-75.9831,-2.22E-05
-75.9928,-2.21E-05
-76.0026,-2.21E-05
-76.0124,-2.21E-05
-76.0221,-2.20E-05
-76.0318,-2.20E-05
-76.0416,-2.19E-05
-76.0513,-2.19E-05
-76.061,-2.19E-05
-76.0707,-2.18E-05
-76.0804,-2.18E-05
-76.0901,-2.17E-05
-76.0998,-2.17E-05
-76.1095,-2.17E-05
-76.1192,-2.16E-05
-76.1288,-2.16E-05
-76.1385,-2.16E-05
-76.1481,-2.15E-05
-76.1578,-2.15E-05
-76.1674,-2.14E-05
-76.1771,-2.14E-05
-76.1867,-2.14E-05
-76.1963,-2.13E-05
-76.2059,-2.13E-05
-76.2156,-2.13E-05
-76.2252,-2.12E-05
-76.2348,-2.12E-05
-76.2444,-2.11E-05
-76.2539,-2.11E-05
-76.2635,-2.11E-05
-76.2731,-2.10E-05
-76.2826,-2.10E-05
-76.2922,-2.10E-05
-76.3018,-2.09E-05
-76.3113,-2.09E-05
-76.3208,-2.09E-05
-76.3304,-2.08E-05
-76.3399,-2.08E-05
-76.3494,-2.07E-05
-76.3589,-2.07E-05
-76.3684,-2.07E-05
-76.3779,-2.06E-05
-76.3874,-2.06E-05
-76.3969,-2.06E-05
-76.4064,-2.05E-05
-76.4159,-2.05E-05
-76.4253,-2.05E-05
-76.4348,-2.04E-05
-76.4442,-2.04E-05
-76.4537,-2.04E-05
-76.4631,-2.03E-05
-76.4725,-2.03E-05
-76.482,-2.03E-05
-76.4914,-2.02E-05
-76.5008,-2.02E-05
-76.5102,-2.02E-05
-76.5196,-2.01E-05
-76.529,-2.01E-05
-76.5384,-2.01E-05
-76.5478,-2.00E-05
-76.5571,-2.00E-05
-76.5665,-2.00E-05
-76.5758,-1.99E-05
-76.5852,-1.99E-05
-76.5945,-1.99E-05
-76.6039,-1.98E-05
-76.6132,-1.98E-05
-76.6225,-1.98E-05
-76.6319,-1.97E-05
-76.6412,-1.97E-05
-76.6505,-1.97E-05
-76.6598,-1.96E-05
-76.6691,-1.96E-05
-76.6783,-1.96E-05
-76.6876,-1.95E-05
-76.6969,-1.95E-05
-76.7062,-1.95E-05
-76.7154,-1.94E-05
-76.7247,-1.94E-05
-76.7339,-1.94E-05
-76.7431,-1.93E-05
-76.7524,-1.93E-05
-76.7616,-1.93E-05
-76.7708,-1.92E-05
-76.78,-1.92E-05
-76.7892,-1.92E-05
-76.7984,-1.91E-05
-76.8076,-1.91E-05
-76.8168,-1.91E-05
-76.826,-1.90E-05
-76.8351,-1.90E-05
-76.8443,-1.90E-05
-76.8534,-1.90E-05
-76.8626,-1.89E-05
-76.8717,-1.89E-05
-76.8809,-1.89E-05
-76.89,-1.88E-05
-76.8991,-1.88E-05
-76.9082,-1.88E-05
-76.9173,-1.87E-05
-76.9264,-1.87E-05
-76.9355,-1.87E-05
-76.9446,-1.86E-05
-76.9537,-1.86E-05
-76.9628,-1.86E-05
-76.9718,-1.86E-05
-76.9809,-1.85E-05
-76.99,-1.85E-05
-76.999,-1.85E-05
-77.008,-1.84E-05
-77.0171,-1.84E-05
-77.0261,-1.84E-05
-77.0351,-1.83E-05
-77.0441,-1.83E-05
-77.0531,-1.83E-05
-77.0621,-1.83E-05
-77.0711,-1.82E-05
-77.0801,-1.82E-05
-77.0891,-1.82E-05
-77.0981,-1.81E-05
-77.107,-1.81E-05
-77.116,-1.81E-05
-77.1249,-1.81E-05
-77.1339,-1.80E-05
-77.1428,-1.80E-05
-77.1517,-1.80E-05
-77.1607,-1.79E-05
-77.1696,-1.79E-05
-77.1785,-1.79E-05
-77.1874,-1.79E-05
-77.1963,-1.78E-05
-77.2052,-1.78E-05
-77.214,-1.78E-05
-77.2229,-1.77E-05
-77.2318,-1.77E-05
-77.2406,-1.77E-05
-77.2495,-1.77E-05
-77.2584,-1.76E-05
-77.2672,-1.76E-05
-77.276,-1.76E-05
-77.2848,-1.76E-05
-77.2937,-1.75E-05
-77.3025,-1.75E-05
-77.3113,-1.75E-05
-77.3201,-1.74E-05
-77.3289,-1.74E-05
-77.3377,-1.74E-05
-77.3464,-1.74E-05
-77.3552,-1.73E-05
-77.364,-1.73E-05
-77.3727,-1.73E-05
-77.3815,-1.73E-05
-77.3902,-1.72E-05
-77.399,-1.72E-05
-77.4077,-1.72E-05
-77.4164,-1.71E-05
-77.4251,-1.71E-05
-77.4338,-1.71E-05
-77.4425,-1.71E-05
-77.4512,-1.70E-05
-77.4599,-1.70E-05
-77.4686,-1.70E-05
-77.4773,-1.70E-05
-77.4859,-1.69E-05
-77.4946,-1.69E-05
-77.5033,-1.69E-05
-77.5119,-1.69E-05
-77.5205,-1.68E-05
-77.5292,-1.68E-05
-77.5378,-1.68E-05
-77.5464,-1.68E-05
-77.555,-1.67E-05
-77.5636,-1.67E-05
-77.5722,-1.67E-05
-77.5808,-1.67E-05
-77.5894,-1.66E-05
-77.598,-1.66E-05
-77.6066,-1.66E-05
-77.6151,-1.66E-05
-77.6237,-1.65E-05
-77.6322,-1.65E-05
-77.6408,-1.65E-05
-77.6493,-1.65E-05
-77.6578,-1.64E-05
-77.6664,-1.64E-05
-77.6749,-1.64E-05
-77.6834,-1.64E-05
-77.6919,-1.63E-05
-77.7004,-1.63E-05
-77.7089,-1.63E-05
-77.7173,-1.63E-05
-77.7258,-1.62E-05
-77.7343,-1.62E-05
-77.7427,-1.62E-05
-77.7512,-1.62E-05
-77.7596,-1.61E-05
-77.7681,-1.61E-05
-77.7765,-1.61E-05
-77.7849,-1.61E-05
-77.7933,-1.61E-05
-77.8017,-1.60E-05
-77.8102,-1.60E-05
-77.8185,-1.60E-05
-77.8269,-1.60E-05
-77.8353,-1.59E-05
-77.8437,-1.59E-05
-77.8521,-1.59E-05
-77.8604,-1.59E-05
-77.8688,-1.58E-05
-77.8771,-1.58E-05
-77.8855,-1.58E-05
-77.8938,-1.58E-05
-77.9021,-1.57E-05
-77.9104,-1.57E-05
-77.9188,-1.57E-05
-77.9271,-1.57E-05
-77.9354,-1.57E-05
-77.9437,-1.56E-05
-77.9519,-1.56E-05
-77.9602,-1.56E-05
-77.9685,-1.56E-05
-77.9768,-1.55E-05
-77.985,-1.55E-05
-77.9933,-1.55E-05
-78.0015,-1.55E-05
-78.0097,-1.55E-05
-78.018,-1.54E-05
-78.0262,-1.54E-05
-78.0344,-1.54E-05
-78.0426,-1.54E-05
-78.0508,-1.54E-05
-78.059,-1.53E-05
-78.0672,-1.53E-05
-78.0754,-1.53E-05
-78.0835,-1.53E-05
-78.0917,-1.52E-05
-78.0999,-1.52E-05
-78.108,-1.52E-05
-78.1162,-1.52E-05
-78.1243,-1.52E-05
-78.1324,-1.51E-05
-78.1406,-1.51E-05
-78.1487,-1.51E-05
-78.1568,-1.51E-05
-78.1649,-1.51E-05
-78.173,-1.50E-05
-78.1811,-1.50E-05
-78.1892,-1.50E-05
-78.1972,-1.50E-05
-78.2053,-1.49E-05
-78.2134,-1.49E-05
-78.2214,-1.49E-05
-78.2295,-1.49E-05
-78.2375,-1.49E-05
-78.2455,-1.48E-05
-78.2536,-1.48E-05
-78.2616,-1.48E-05
-78.2696,-1.48E-05
-78.2776,-1.48E-05
-78.2856,-1.47E-05
-78.2936,-1.47E-05
-78.3016,-1.47E-05
-78.3096,-1.47E-05
-78.3175,-1.47E-05
-78.3255,-1.46E-05
-78.3334,-1.46E-05
-78.3414,-1.46E-05
-78.3493,-1.46E-05
-78.3573,-1.46E-05
-78.3652,-1.45E-05
-78.3731,-1.45E-05
-78.381,-1.45E-05
-78.3889,-1.45E-05
-78.3968,-1.45E-05
-78.4047,-1.44E-05
-78.4126,-1.44E-05
-78.4205,-1.44E-05
-78.4284,-1.44E-05
-78.4362,-1.44E-05
-78.4441,-1.43E-05
-78.452,-1.43E-05
-78.4598,-1.43E-05
-78.4676,-1.43E-05
-78.4755,-1.43E-05
-78.4833,-1.42E-05
-78.4911,-1.42E-05
-78.4989,-1.42E-05
-78.5067,-1.42E-05
-78.5145,-1.42E-05
-78.5223,-1.41E-05
-78.5301,-1.41E-05
-78.5379,-1.41E-05
-78.5456,-1.41E-05
-78.5534,-1.41E-05
-78.5612,-1.41E-05
-78.5689,-1.40E-05
-78.5766,-1.40E-05
-78.5844,-1.40E-05
-78.5921,-1.40E-05
-78.5998,-1.40E-05
-78.6075,-1.39E-05
-78.6152,-1.39E-05
-78.6229,-1.39E-05
-78.6306,-1.39E-05
-78.6383,-1.39E-05
-78.646,-1.39E-05
-78.6537,-1.38E-05
-78.6613,-1.38E-05
-78.669,-1.38E-05
-78.6766,-1.38E-05
-78.6843,-1.38E-05
-78.6919,-1.37E-05
-78.6996,-1.37E-05
-78.7072,-1.37E-05
-78.7148,-1.37E-05
-78.7224,-1.37E-05
-78.73,-1.37E-05
-78.7376,-1.36E-05
-78.7452,-1.36E-05
-78.7528,-1.36E-05
-78.7603,-1.36E-05
-78.7679,-1.36E-05
-78.7755,-1.36E-05
-78.783,-1.35E-05
-78.7906,-1.35E-05
-78.7981,-1.35E-05
-78.8056,-1.35E-05
-78.8132,-1.35E-05
-78.8207,-1.34E-05
-78.8282,-1.34E-05
-78.8357,-1.34E-05
-78.8432,-1.34E-05
-78.8507,-1.34E-05
-78.8582,-1.34E-05
-78.8656,-1.33E-05
-78.8731,-1.33E-05
-78.8806,-1.33E-05
-78.888,-1.33E-05
-78.8955,-1.33E-05
-78.9029,-1.33E-05
-78.9104,-1.32E-05
-78.9178,-1.32E-05
-78.9252,-1.32E-05
-78.9326,-1.32E-05
-78.94,-1.32E-05
-78.9474,-1.32E-05
-78.9548,-1.31E-05
-78.9622,-1.31E-05
-78.9696,-1.31E-05
-78.977,-1.31E-05
-78.9843,-1.31E-05
-78.9917,-1.31E-05
-78.9991,-1.30E-05
-79.0064,-1.30E-05
-79.0137,-1.30E-05
-79.0211,-1.30E-05
-79.0284,-1.30E-05
-79.0357,-1.30E-05
-79.043,-1.29E-05
-79.0503,-1.29E-05
-79.0576,-1.29E-05
-79.0649,-1.29E-05
-79.0722,-1.29E-05
-79.0795,-1.29E-05
-79.0867,-1.28E-05
-79.094,-1.28E-05
-79.1013,-1.28E-05
-79.1085,-1.28E-05
-79.1158,-1.28E-05
-79.123,-1.28E-05
-79.1302,-1.28E-05
-79.1374,-1.27E-05
-79.1447,-1.27E-05
-79.1519,-1.27E-05
-79.1591,-1.27E-05
-79.1663,-1.27E-05
-79.1735,-1.27E-05
-79.1806,-1.27E-05
-79.1878,-1.26E-05
-79.195,-1.26E-05
-79.2021,-1.26E-05
-79.2093,-1.26E-05
-79.2164,-1.26E-05
-79.2236,-1.26E-05
-79.2307,-1.25E-05
-79.2378,-1.25E-05
-79.245,-1.25E-05
-79.2521,-1.25E-05
-79.2592,-1.25E-05
-79.2663,-1.25E-05
-79.2734,-1.25E-05
-79.2805,-1.24E-05
-79.2875,-1.24E-05
-79.2946,-1.24E-05
-79.3017,-1.24E-05
-79.3087,-1.24E-05
-79.3158,-1.24E-05
-79.3228,-1.24E-05
-79.3299,-1.23E-05
-79.3369,-1.23E-05
-79.3439,-1.23E-05
-79.3509,-1.23E-05
-79.3579,-1.23E-05
-79.3649,-1.23E-05
-79.3719,-1.23E-05
-79.3789,-1.22E-05
-79.3859,-1.22E-05
-79.3929,-1.22E-05
-79.3999,-1.22E-05
-79.4068,-1.22E-05
-79.4138,-1.22E-05
-79.4207,-1.22E-05
-79.4277,-1.21E-05
-79.4346,-1.21E-05
-79.4415,-1.21E-05
-79.4485,-1.21E-05
-79.4554,-1.21E-05
-79.4623,-1.21E-05
-79.4692,-1.21E-05
-79.4761,-1.20E-05
-79.483,-1.20E-05
-79.4899,-1.20E-05
-79.4967,-1.20E-05
-79.5036,-1.20E-05
-79.5105,-1.20E-05
-79.5173,-1.20E-05
-79.5242,-1.19E-05
-79.531,-1.19E-05
-79.5378,-1.19E-05
-79.5447,-1.19E-05
-79.5515,-1.19E-05
-79.5583,-1.19E-05
-79.5651,-1.19E-05
-79.5719,-1.18E-05
-79.5787,-1.18E-05
-79.5855,-1.18E-05
-79.5923,-1.18E-05
-79.599,-1.18E-05
-79.6058,-1.18E-05
-79.6126,-1.18E-05
-79.6193,-1.17E-05
-79.6261,-1.17E-05
-79.6328,-1.17E-05
-79.6395,-1.17E-05
-79.6463,-1.17E-05
-79.653,-1.17E-05
-79.6597,-1.17E-05
-79.6664,-1.17E-05
-79.6731,-1.16E-05
-79.6798,-1.16E-05
-79.6865,-1.16E-05
-79.6932,-1.16E-05
-79.6999,-1.16E-05
-79.7065,-1.16E-05
-79.7132,-1.16E-05
-79.7198,-1.16E-05
-79.7265,-1.15E-05
-79.7331,-1.15E-05
-79.7398,-1.15E-05
-79.7464,-1.15E-05
-79.753,-1.15E-05
-79.7596,-1.15E-05
-79.7662,-1.15E-05
-79.7728,-1.15E-05
-79.7794,-1.14E-05
-79.786,-1.14E-05
-79.7926,-1.14E-05
-79.7992,-1.14E-05
-79.8057,-1.14E-05
-79.8123,-1.14E-05
-79.8188,-1.14E-05
-79.8254,-1.14E-05
-79.8319,-1.13E-05
-79.8385,-1.13E-05
-79.845,-1.13E-05
-79.8515,-1.13E-05
-79.858,-1.13E-05
-79.8645,-1.13E-05
-79.871,-1.13E-05
-79.8775,-1.13E-05
-79.884,-1.12E-05
-79.8905,-1.12E-05
-79.897,-1.12E-05
-79.9034,-1.12E-05
-79.9099,-1.12E-05
-79.9164,-1.12E-05
-79.9228,-1.12E-05
-79.9292,-1.12E-05
-79.9357,-1.12E-05
-79.9421,-1.11E-05
-79.9485,-1.11E-05
-79.955,-1.11E-05
-79.9614,-1.11E-05
-79.9678,-1.11E-05
-79.9742,-1.11E-05
-79.9805,-1.11E-05
-79.9869,-1.11E-05
-79.9933,-1.10E-05
-79.9997,-1.10E-05
-80.006,-1.10E-05
-80.0124,-1.10E-05
-80.0187,-1.10E-05
-80.0251,-1.10E-05
-80.0314,-1.10E-05
-80.0378,-1.10E-05
-80.0441,-1.09E-05
-80.0504,-1.09E-05
-80.0567,-1.09E-05
-80.063,-1.09E-05
-80.0693,-1.09E-05
-80.0756,-1.09E-05
-80.0819,-1.09E-05
-80.0882,-1.09E-05
-80.0944,-1.09E-05
-80.1007,-1.08E-05
-80.107,-1.08E-05
-80.1132,-1.08E-05
-80.1195,-1.08E-05
-80.1257,-1.08E-05
-80.1319,-1.08E-05
-80.1382,-1.08E-05
-80.1444,-1.08E-05
-80.1506,-1.08E-05
-80.1568,-1.07E-05
-80.163,-1.07E-05
-80.1692,-1.07E-05
-80.1754,-1.07E-05
-80.1816,-1.07E-05
-80.1877,-1.07E-05
-80.1939,-1.07E-05
-80.2001,-1.07E-05
-80.2062,-1.07E-05
-80.2124,-1.07E-05
-80.2185,-1.06E-05
-80.2247,-1.06E-05
-80.2308,-1.06E-05
-80.2369,-1.06E-05
-80.243,-1.06E-05
-80.2491,-1.06E-05
-80.2552,-1.06E-05
-80.2613,-1.06E-05
-80.2674,-1.06E-05
-80.2735,-1.05E-05
-80.2796,-1.05E-05
-80.2857,-1.05E-05
-80.2917,-1.05E-05
-80.2978,-1.05E-05
-80.3039,-1.05E-05
-80.3099,-1.05E-05
-80.3159,-1.05E-05
-80.322,-1.05E-05
-80.328,-1.04E-05
-80.334,-1.04E-05
-80.34,-1.04E-05
-80.346,-1.04E-05
-80.3521,-1.04E-05
-80.358,-1.04E-05
-80.364,-1.04E-05
-80.37,-1.04E-05
-80.376,-1.04E-05
-80.382,-1.03E-05
-80.3879,-1.03E-05
-80.3939,-1.03E-05
-80.3998,-1.03E-05
-80.4058,-1.03E-05
-80.4117,-1.03E-05
-80.4177,-1.03E-05
-80.4236,-1.03E-05
-80.4295,-1.03E-05
-80.4354,-1.03E-05
-80.4413,-1.02E-05
-80.4472,-1.02E-05
-80.4531,-1.02E-05
-80.459,-1.02E-05
-80.4649,-1.02E-05
-80.4708,-1.02E-05
-80.4766,-1.02E-05
-80.4825,-1.02E-05
-80.4884,-1.02E-05
-80.4942,-1.02E-05
-80.5001,-1.02E-05
-80.5059,-1.01E-05
-80.5117,-1.01E-05
-80.5176,-1.01E-05
-80.5234,-1.01E-05
-80.5292,-1.01E-05
-80.535,-1.01E-05
-80.5408,-1.01E-05
-80.5466,-1.01E-05
-80.5524,-1.01E-05
-80.5582,-1.01E-05
-80.564,-1.00E-05
-80.5697,-1.00E-05
-80.5755,-1.00E-05
-80.5812,-1.00E-05
-80.587,-1.00E-05
-80.5927,-1.00E-05
-80.5985,-9.99E-06
-80.6042,-9.97E-06
-80.6099,-9.96E-06
-80.6157,-9.95E-06
-80.6214,-9.94E-06
-80.6271,-9.93E-06
-80.6328,-9.92E-06
-80.6385,-9.92E-06
-80.6442,-9.91E-06
-80.6499,-9.90E-06
-80.6555,-9.89E-06
-80.6612,-9.88E-06
-80.6669,-9.87E-06
-80.6725,-9.86E-06
-80.6782,-9.86E-06
-80.6838,-9.85E-06
-80.6895,-9.84E-06
-80.6951,-9.83E-06
-80.7007,-9.83E-06
-80.7064,-9.82E-06
-80.712,-9.81E-06
-80.7176,-9.80E-06
-80.7232,-9.79E-06
-80.7288,-9.78E-06
-80.7344,-9.77E-06
-80.74,-9.76E-06
-80.7456,-9.75E-06
-80.7511,-9.74E-06
-80.7567,-9.73E-06
-80.7623,-9.72E-06
-80.7678,-9.71E-06
-80.7734,-9.70E-06
-80.7789,-9.69E-06
-80.7844,-9.68E-06
-80.79,-9.67E-06
-80.7955,-9.67E-06
-80.801,-9.66E-06
-80.8065,-9.65E-06
-80.812,-9.64E-06
-80.8175,-9.64E-06
-80.823,-9.63E-06
-80.8285,-9.62E-06
-80.834,-9.62E-06
-80.8395,-9.61E-06
-80.845,-9.60E-06
-80.8504,-9.59E-06
-80.8559,-9.58E-06
-80.8613,-9.57E-06
-80.8668,-9.56E-06
-80.8722,-9.55E-06
-80.8777,-9.53E-06
-80.8831,-9.52E-06
-80.8885,-9.51E-06
-80.8939,-9.50E-06
-80.8993,-9.50E-06
-80.9047,-9.49E-06
-80.9101,-9.48E-06
-80.9155,-9.48E-06
-80.9209,-9.47E-06
-80.9263,-9.47E-06
-80.9317,-9.46E-06
-80.9371,-9.45E-06
-80.9424,-9.44E-06
-80.9478,-9.43E-06
-80.9531,-9.42E-06
-80.9585,-9.41E-06
-80.9638,-9.39E-06
-80.9692,-9.39E-06
-80.9745,-9.38E-06
-80.9798,-9.38E-06
-80.9851,-9.37E-06
-80.9904,-9.37E-06
-80.9957,-9.36E-06
-81.001,-9.35E-06
-81.0063,-9.34E-06
-81.0116,-9.33E-06
-81.0169,-9.32E-06
-81.0222,-9.31E-06
-81.0274,-9.30E-06
-81.0327,-9.30E-06
-81.038,-9.29E-06
-81.0432,-9.28E-06
-81.0485,-9.28E-06
-81.0537,-9.27E-06
-81.0589,-9.27E-06
-81.0642,-9.26E-06
-81.0694,-9.25E-06
-81.0746,-9.23E-06
-81.0798,-9.22E-06
-81.085,-9.21E-06
-81.0902,-9.21E-06
-81.0954,-9.20E-06
-81.1006,-9.20E-06
-81.1058,-9.19E-06
-81.111,-9.18E-06
-81.1161,-9.17E-06
-81.1213,-9.16E-06
-81.1265,-9.15E-06
-81.1316,-9.15E-06
-81.1368,-9.14E-06
-81.1419,-9.13E-06
-81.147,-9.12E-06
-81.1522,-9.11E-06
-81.1573,-9.11E-06
-81.1624,-9.10E-06
-81.1675,-9.09E-06
-81.1726,-9.08E-06
-81.1777,-9.07E-06
-81.1828,-9.07E-06
-81.1879,-9.06E-06
-81.193,-9.05E-06
-81.1981,-9.05E-06
-81.2032,-9.04E-06
-81.2082,-9.04E-06
-81.2133,-9.03E-06
-81.2183,-9.02E-06
-81.2234,-9.01E-06
-81.2284,-9.00E-06
-81.2335,-9.00E-06
-81.2385,-8.99E-06
-81.2435,-8.98E-06
-81.2486,-8.97E-06
-81.2536,-8.97E-06
-81.2586,-8.96E-06
-81.2636,-8.95E-06
-81.2686,-8.95E-06
-81.2736,-8.94E-06
-81.2786,-8.93E-06
-81.2835,-8.92E-06
-81.2885,-8.92E-06
-81.2935,-8.91E-06
-81.2985,-8.90E-06
-81.3034,-8.89E-06
-81.3084,-8.89E-06
-81.3133,-8.88E-06
-81.3183,-8.87E-06
-81.3232,-8.86E-06
-81.3281,-8.86E-06
-81.3331,-8.85E-06
-81.338,-8.84E-06
-81.3429,-8.84E-06
-81.3478,-8.83E-06
-81.3527,-8.82E-06
-81.3576,-8.82E-06
-81.3625,-8.81E-06
-81.3674,-8.80E-06
-81.3723,-8.79E-06
-81.3771,-8.79E-06
-81.382,-8.78E-06
-81.3869,-8.77E-06
-81.3917,-8.77E-06
-81.3966,-8.76E-06
-81.4014,-8.75E-06
-81.4063,-8.74E-06
-81.4111,-8.74E-06
-81.4159,-8.73E-06
-81.4208,-8.72E-06
-81.4256,-8.72E-06
-81.4304,-8.71E-06
-81.4352,-8.70E-06
-81.44,-8.70E-06
-81.4448,-8.69E-06
-81.4496,-8.68E-06
-81.4544,-8.68E-06
-81.4592,-8.67E-06
-81.464,-8.66E-06
-81.4687,-8.66E-06
-81.4735,-8.65E-06
-81.4783,-8.64E-06
-81.483,-8.64E-06
-81.4878,-8.63E-06
-81.4925,-8.62E-06
-81.4972,-8.61E-06
-81.502,-8.61E-06
-81.5067,-8.60E-06
-81.5114,-8.59E-06
-81.5161,-8.59E-06
-81.5209,-8.58E-06
-81.5256,-8.57E-06
-81.5303,-8.57E-06
-81.535,-8.56E-06
-81.5396,-8.55E-06
-81.5443,-8.55E-06
-81.549,-8.54E-06
-81.5537,-8.54E-06
-81.5584,-8.53E-06
-81.563,-8.52E-06
-81.5677,-8.52E-06
-81.5723,-8.51E-06
-81.577,-8.50E-06
-81.5816,-8.50E-06
-81.5862,-8.49E-06
-81.5909,-8.48E-06
-81.5955,-8.48E-06
-81.6001,-8.47E-06
-81.6047,-8.46E-06
-81.6093,-8.46E-06
-81.614,-8.45E-06
-81.6185,-8.44E-06
-81.6231,-8.44E-06
-81.6277,-8.43E-06
-81.6323,-8.43E-06
-81.6369,-8.42E-06
-81.6415,-8.41E-06
-81.646,-8.41E-06
-81.6506,-8.40E-06
-81.6551,-8.39E-06
-81.6597,-8.39E-06
-81.6642,-8.38E-06
-81.6688,-8.38E-06
-81.6733,-8.37E-06
-81.6778,-8.36E-06
-81.6824,-8.36E-06
-81.6869,-8.35E-06
-81.6914,-8.35E-06
-81.6959,-8.34E-06
-81.7004,-8.33E-06
-81.7049,-8.33E-06
-81.7094,-8.32E-06
-81.7139,-8.32E-06
-81.7184,-8.31E-06
-81.7229,-8.30E-06
-81.7273,-8.30E-06
-81.7318,-8.29E-06
-81.7363,-8.28E-06
-81.7407,-8.28E-06
-81.7452,-8.27E-06
-81.7496,-8.27E-06
-81.7541,-8.26E-06
-81.7585,-8.25E-06
-81.7629,-8.25E-06
-81.7674,-8.24E-06
-81.7718,-8.24E-06
-81.7762,-8.23E-06
-81.7806,-8.22E-06
-81.785,-8.22E-06
-81.7894,-8.21E-06
-81.7938,-8.21E-06
-81.7982,-8.20E-06
-81.8026,-8.19E-06
-81.807,-8.19E-06
-81.8113,-8.18E-06
-81.8157,-8.18E-06
-81.8201,-8.17E-06
-81.8244,-8.16E-06
-81.8288,-8.16E-06
-81.8331,-8.15E-06
-81.8375,-8.15E-06
-81.8418,-8.14E-06
-81.8461,-8.14E-06
-81.8505,-8.13E-06
-81.8548,-8.12E-06
-81.8591,-8.12E-06
-81.8634,-8.11E-06
-81.8677,-8.11E-06
-81.872,-8.10E-06
-81.8763,-8.10E-06
-81.8806,-8.09E-06
-81.8849,-8.09E-06
-81.8892,-8.08E-06
-81.8935,-8.08E-06
-81.8977,-8.07E-06
-81.902,-8.06E-06
-81.9063,-8.06E-06
-81.9105,-8.05E-06
-81.9148,-8.05E-06
-81.919,-8.04E-06
-81.9233,-8.04E-06
-81.9275,-8.03E-06
-81.9318,-8.03E-06
-81.936,-8.02E-06
-81.9402,-8.01E-06
-81.9444,-8.01E-06
-81.9486,-8.00E-06
-81.9528,-8.00E-06
-81.957,-7.99E-06
-81.9612,-7.99E-06
-81.9654,-7.98E-06
-81.9696,-7.98E-06
-81.9738,-7.97E-06
-81.978,-7.96E-06
-81.9822,-7.96E-06
-81.9863,-7.95E-06
-81.9905,-7.95E-06
-81.9947,-7.94E-06
-81.9988,-7.94E-06
-82.003,-7.93E-06
-82.0071,-7.93E-06
-82.0112,-7.92E-06
-82.0154,-7.91E-06
-82.0195,-7.91E-06
-82.0236,-7.90E-06
-82.0277,-7.90E-06
-82.0319,-7.89E-06
-82.036,-7.89E-06
-82.0401,-7.88E-06
-82.0442,-7.88E-06
-82.0483,-7.87E-06
-82.0524,-7.87E-06
-82.0564,-7.86E-06
-82.0605,-7.86E-06
-82.0646,-7.85E-06
-82.0687,-7.85E-06
-82.0727,-7.84E-06
-82.0768,-7.84E-06
-82.0809,-7.83E-06
-82.0849,-7.83E-06
-82.089,-7.82E-06
-82.093,-7.82E-06
-82.097,-7.81E-06
-82.1011,-7.81E-06
-82.1051,-7.80E-06
-82.1091,-7.80E-06
-82.1131,-7.79E-06
-82.1172,-7.79E-06
-82.1212,-7.78E-06
-82.1252,-7.78E-06
-82.1292,-7.77E-06
-82.1332,-7.77E-06
-82.1372,-7.76E-06
-82.1411,-7.76E-06
-82.1451,-7.75E-06
-82.1491,-7.75E-06
-82.1531,-7.74E-06
-82.157,-7.74E-06
-82.161,-7.73E-06
-82.165,-7.73E-06
-82.1689,-7.72E-06
-82.1728,-7.72E-06
-82.1768,-7.71E-06
-82.1807,-7.70E-06
-82.1847,-7.70E-06
-82.1886,-7.69E-06
-82.1925,-7.69E-06
-82.1964,-7.68E-06
-82.2004,-7.68E-06
-82.2043,-7.67E-06
-82.2082,-7.67E-06
-82.2121,-7.66E-06
-82.216,-7.66E-06
-82.2199,-7.65E-06
-82.2237,-7.65E-06
-82.2276,-7.64E-06
-82.2315,-7.64E-06
-82.2354,-7.63E-06
-82.2392,-7.63E-06
-82.2431,-7.62E-06
-82.247,-7.62E-06
-82.2508,-7.61E-06
-82.2547,-7.61E-06
-82.2585,-7.61E-06
-82.2624,-7.60E-06
-82.2662,-7.60E-06
-82.27,-7.59E-06
-82.2738,-7.59E-06
-82.2777,-7.58E-06
-82.2815,-7.58E-06
-82.2853,-7.58E-06
-82.2891,-7.57E-06
-82.2929,-7.57E-06
-82.2967,-7.56E-06
-82.3005,-7.56E-06
-82.3043,-7.56E-06
-82.3081,-7.55E-06
-82.3119,-7.55E-06
-82.3156,-7.54E-06
-82.3194,-7.54E-06
-82.3232,-7.53E-06
-82.3269,-7.53E-06
-82.3307,-7.52E-06
-82.3345,-7.52E-06
-82.3382,-7.51E-06
-82.3419,-7.51E-06
-82.3457,-7.50E-06
-82.3494,-7.50E-06
-82.3532,-7.49E-06
-82.3569,-7.49E-06
-82.3606,-7.48E-06
-82.3643,-7.48E-06
-82.368,-7.47E-06
-82.3717,-7.47E-06
-82.3755,-7.46E-06
-82.3792,-7.46E-06
-82.3828,-7.45E-06
-82.3865,-7.45E-06
-82.3902,-7.44E-06
-82.3939,-7.44E-06
-82.3976,-7.44E-06
-82.4013,-7.43E-06
-82.4049,-7.43E-06
-82.4086,-7.42E-06
-82.4123,-7.42E-06
-82.4159,-7.41E-06
-82.4196,-7.41E-06
-82.4232,-7.41E-06
-82.4269,-7.40E-06
-82.4305,-7.40E-06
-82.4341,-7.39E-06
-82.4378,-7.39E-06
-82.4414,-7.38E-06
-82.445,-7.38E-06
-82.4486,-7.38E-06
-82.4522,-7.37E-06
-82.4558,-7.37E-06
-82.4594,-7.36E-06
-82.463,-7.36E-06
-82.4666,-7.35E-06
-82.4702,-7.35E-06
-82.4738,-7.35E-06
-82.4774,-7.34E-06
-82.481,-7.34E-06
-82.4845,-7.33E-06
-82.4881,-7.33E-06
-82.4917,-7.32E-06
-82.4952,-7.32E-06
-82.4988,-7.32E-06
-82.5023,-7.31E-06
-82.5059,-7.31E-06
-82.5094,-7.30E-06
-82.513,-7.30E-06
-82.5165,-7.29E-06
-82.52,-7.29E-06
-82.5236,-7.29E-06
-82.5271,-7.28E-06
-82.5306,-7.28E-06
-82.5341,-7.27E-06
-82.5376,-7.27E-06
-82.5411,-7.27E-06
-82.5446,-7.26E-06
-82.5481,-7.26E-06
-82.5516,-7.25E-06
-82.5551,-7.25E-06
-82.5586,-7.24E-06
-82.5621,-7.24E-06
-82.5656,-7.24E-06
-82.569,-7.23E-06
-82.5725,-7.23E-06
-82.576,-7.22E-06
-82.5794,-7.22E-06
-82.5829,-7.21E-06
-82.5863,-7.21E-06
-82.5898,-7.21E-06
-82.5932,-7.20E-06
-82.5966,-7.20E-06
-82.6001,-7.19E-06
-82.6035,-7.19E-06
-82.6069,-7.19E-06
-82.6104,-7.18E-06
-82.6138,-7.18E-06
-82.6172,-7.18E-06
-82.6206,-7.17E-06
-82.624,-7.17E-06
-82.6274,-7.16E-06
-82.6308,-7.16E-06
-82.6342,-7.16E-06
-82.6376,-7.15E-06
-82.641,-7.15E-06
-82.6443,-7.14E-06
-82.6477,-7.14E-06
-82.6511,-7.13E-06
-82.6544,-7.13E-06
-82.6578,-7.13E-06
-82.6612,-7.12E-06
-82.6645,-7.12E-06
-82.6679,-7.11E-06
-82.6712,-7.11E-06
-82.6746,-7.11E-06
-82.6779,-7.10E-06
-82.6812,-7.10E-06
-82.6846,-7.10E-06
-82.6879,-7.09E-06
-82.6912,-7.09E-06
-82.6945,-7.09E-06
-82.6979,-7.08E-06
-82.7012,-7.08E-06
-82.7045,-7.08E-06
-82.7078,-7.07E-06
-82.7111,-7.07E-06
-82.7144,-7.06E-06
-82.7177,-7.06E-06
-82.7209,-7.05E-06
-82.7242,-7.05E-06
-82.7275,-7.04E-06
-82.7308,-7.04E-06
-82.7341,-7.03E-06
-82.7373,-7.03E-06
-82.7406,-7.03E-06
-82.7438,-7.02E-06
-82.7471,-7.02E-06
-82.7503,-7.02E-06
-82.7536,-7.02E-06
-82.7568,-7.01E-06
-82.7601,-7.01E-06
-82.7633,-7.01E-06
-82.7665,-7.00E-06
-82.7698,-7.00E-06
-82.773,-7.00E-06
-82.7762,-6.99E-06
-82.7794,-6.99E-06
-82.7826,-6.98E-06
-82.7858,-6.98E-06
-82.789,-6.98E-06
-82.7922,-6.97E-06
-82.7954,-6.97E-06
-82.7986,-6.96E-06
-82.8018,-6.96E-06
-82.805,-6.96E-06
-82.8082,-6.95E-06
-82.8114,-6.95E-06
-82.8145,-6.95E-06
-82.8177,-6.94E-06
-82.8209,-6.94E-06
-82.824,-6.93E-06
-82.8272,-6.93E-06
-82.8303,-6.93E-06
-82.8335,-6.93E-06
-82.8366,-6.92E-06
-82.8398,-6.92E-06
-82.8429,-6.92E-06
-82.846,-6.91E-06
-82.8492,-6.91E-06
-82.8523,-6.90E-06
-82.8554,-6.90E-06
-82.8585,-6.89E-06
-82.8617,-6.89E-06
-82.8648,-6.89E-06
-82.8679,-6.89E-06
-82.871,-6.89E-06
-82.8741,-6.89E-06
-82.8772,-6.88E-06
-82.8803,-6.88E-06
-82.8834,-6.87E-06
-82.8864,-6.87E-06
-82.8895,-6.86E-06
-82.8926,-6.86E-06
-82.8957,-6.85E-06
-82.8987,-6.85E-06
-82.9018,-6.85E-06
-82.9049,-6.84E-06
-82.9079,-6.84E-06
-82.911,-6.84E-06
-82.914,-6.83E-06
-82.9171,-6.83E-06
-82.9201,-6.83E-06
-82.9232,-6.82E-06
-82.9262,-6.82E-06
-82.9292,-6.82E-06
-82.9323,-6.82E-06
-82.9353,-6.81E-06
-82.9383,-6.81E-06
-82.9413,-6.81E-06
-82.9443,-6.80E-06
-82.9474,-6.80E-06
-82.9504,-6.80E-06
-82.9534,-6.79E-06
-82.9564,-6.79E-06
-82.9594,-6.78E-06
-82.9624,-6.78E-06
-82.9653,-6.78E-06
-82.9683,-6.77E-06
-82.9713,-6.77E-06
-82.9743,-6.77E-06
-82.9773,-6.77E-06
-82.9802,-6.76E-06
-82.9832,-6.76E-06
-82.9862,-6.75E-06
-82.9891,-6.75E-06
-82.9921,-6.75E-06
-82.995,-6.75E-06
-82.998,-6.74E-06
-83.0009,-6.74E-06
-83.0039,-6.74E-06
-83.0068,-6.73E-06
-83.0097,-6.73E-06
-83.0127,-6.73E-06
-83.0156,-6.72E-06
-83.0185,-6.72E-06
-83.0214,-6.72E-06
-83.0243,-6.71E-06
-83.0273,-6.71E-06
-83.0302,-6.70E-06
-83.0331,-6.70E-06
-83.036,-6.70E-06
-83.0389,-6.70E-06
-83.0418,-6.70E-06
-83.0447,-6.69E-06
-83.0475,-6.69E-06
-83.0504,-6.68E-06
-83.0533,-6.68E-06
-83.0562,-6.67E-06
-83.0591,-6.67E-06
-83.0619,-6.67E-06
-83.0648,-6.67E-06
-83.0677,-6.67E-06
-83.0705,-6.66E-06
-83.0734,-6.66E-06
-83.0762,-6.66E-06
-83.0791,-6.66E-06
-83.0819,-6.65E-06
-83.0848,-6.65E-06
-83.0876,-6.65E-06
-83.0904,-6.64E-06
-83.0933,-6.64E-06
-83.0961,-6.64E-06
-83.0989,-6.63E-06
-83.1017,-6.63E-06
-83.1046,-6.63E-06
-83.1074,-6.62E-06
-83.1102,-6.62E-06
-83.113,-6.62E-06
-83.1158,-6.61E-06
-83.1186,-6.61E-06
-83.1214,-6.61E-06
-83.1242,-6.60E-06
-83.127,-6.60E-06
-83.1298,-6.60E-06
-83.1325,-6.60E-06
-83.1353,-6.59E-06
-83.1381,-6.59E-06
-83.1409,-6.59E-06
-83.1436,-6.58E-06
-83.1464,-6.58E-06
-83.1492,-6.58E-06
-83.1519,-6.58E-06
-83.1547,-6.57E-06
-83.1574,-6.57E-06
-83.1602,-6.57E-06
-83.1629,-6.57E-06
-83.1657,-6.56E-06
-83.1684,-6.56E-06
-83.1712,-6.56E-06
-83.1739,-6.55E-06
-83.1766,-6.55E-06
-83.1793,-6.55E-06
-83.1821,-6.54E-06
-83.1848,-6.54E-06
-83.1875,-6.54E-06
-83.1902,-6.53E-06
-83.1929,-6.53E-06
-83.1956,-6.53E-06
-83.1983,-6.52E-06
-83.201,-6.52E-06
-83.2037,-6.52E-06
-83.2064,-6.52E-06
-83.2091,-6.51E-06
-83.2118,-6.51E-06
-83.2145,-6.51E-06
-83.2172,-6.51E-06
-83.2198,-6.50E-06
-83.2225,-6.50E-06
-83.2252,-6.50E-06
-83.2278,-6.49E-06
-83.2305,-6.49E-06
-83.2332,-6.49E-06
-83.2358,-6.49E-06
-83.2385,-6.48E-06
-83.2411,-6.48E-06
-83.2438,-6.48E-06
-83.2464,-6.47E-06
-83.2491,-6.47E-06
-83.2517,-6.47E-06
-83.2543,-6.47E-06
-83.257,-6.46E-06
-83.2596,-6.46E-06
-83.2622,-6.46E-06
-83.2648,-6.45E-06
-83.2675,-6.45E-06
-83.2701,-6.45E-06
-83.2727,-6.45E-06
-83.2753,-6.44E-06
-83.2779,-6.44E-06
-83.2805,-6.44E-06
-83.2831,-6.43E-06
-83.2857,-6.43E-06
-83.2883,-6.43E-06
-83.2909,-6.43E-06
-83.2935,-6.42E-06
-83.296,-6.42E-06
-83.2986,-6.42E-06
-83.3012,-6.42E-06
-83.3038,-6.41E-06
-83.3063,-6.41E-06
-83.3089,-6.41E-06
-83.3115,-6.40E-06
-83.314,-6.40E-06
-83.3166,-6.40E-06
-83.3191,-6.40E-06
-83.3217,-6.39E-06
-83.3242,-6.39E-06
-83.3268,-6.39E-06
-83.3293,-6.39E-06
-83.3319,-6.38E-06
-83.3344,-6.38E-06
-83.3369,-6.38E-06
-83.3395,-6.38E-06
-83.342,-6.37E-06
-83.3445,-6.37E-06
-83.347,-6.37E-06
-83.3496,-6.36E-06
-83.3521,-6.36E-06
-83.3546,-6.36E-06
-83.3571,-6.36E-06
-83.3596,-6.35E-06
-83.3621,-6.35E-06
-83.3646,-6.35E-06
-83.3671,-6.35E-06
-83.3696,-6.34E-06
-83.3721,-6.34E-06
-83.3746,-6.34E-06
-83.377,-6.34E-06
-83.3795,-6.33E-06
-83.382,-6.33E-06
-83.3845,-6.33E-06
-83.3869,-6.33E-06
-83.3894,-6.32E-06
-83.3919,-6.32E-06
-83.3943,-6.32E-06
-83.3968,-6.32E-06
-83.3993,-6.31E-06
-83.4017,-6.31E-06
-83.4042,-6.31E-06
-83.4066,-6.31E-06
-83.4091,-6.30E-06
-83.4115,-6.30E-06
-83.4139,-6.30E-06
-83.4164,-6.30E-06
-83.4188,-6.29E-06
-83.4212,-6.29E-06
-83.4237,-6.29E-06
-83.4261,-6.29E-06
-83.4285,-6.28E-06
-83.4309,-6.28E-06
-83.4333,-6.28E-06
-83.4357,-6.28E-06
-83.4382,-6.27E-06
-83.4406,-6.27E-06
-83.443,-6.27E-06
-83.4454,-6.27E-06
-83.4478,-6.27E-06
-83.4502,-6.26E-06
-83.4525,-6.26E-06
-83.4549,-6.26E-06
-83.4573,-6.26E-06
-83.4597,-6.25E-06
-83.4621,-6.25E-06
-83.4645,-6.25E-06
-83.4668,-6.25E-06
-83.4692,-6.24E-06
-83.4716,-6.24E-06
-83.4739,-6.24E-06
-83.4763,-6.24E-06
-83.4787,-6.23E-06
-83.481,-6.23E-06
-83.4834,-6.23E-06
-83.4857,-6.23E-06
-83.4881,-6.22E-06
-83.4904,-6.22E-06
-83.4927,-6.22E-06
-83.4951,-6.22E-06
-83.4974,-6.21E-06
-83.4998,-6.21E-06
-83.5021,-6.21E-06
-83.5044,-6.21E-06
-83.5067,-6.21E-06
-83.5091,-6.20E-06
-83.5114,-6.20E-06
-83.5137,-6.20E-06
-83.516,-6.20E-06
-83.5183,-6.19E-06
-83.5206,-6.19E-06
-83.5229,-6.19E-06
-83.5252,-6.19E-06
-83.5275,-6.18E-06
-83.5298,-6.18E-06
-83.5321,-6.18E-06
-83.5344,-6.18E-06
-83.5367,-6.17E-06
-83.539,-6.17E-06
-83.5413,-6.17E-06
-83.5436,-6.17E-06
-83.5458,-6.17E-06
-83.5481,-6.16E-06
-83.5504,-6.16E-06
-83.5526,-6.16E-06
-83.5549,-6.16E-06
-83.5572,-6.15E-06
-83.5594,-6.15E-06
-83.5617,-6.15E-06
-83.5639,-6.15E-06
-83.5662,-6.15E-06
-83.5684,-6.14E-06
-83.5707,-6.14E-06
-83.5729,-6.14E-06
-83.5752,-6.14E-06
-83.5774,-6.13E-06
-83.5797,-6.13E-06
-83.5819,-6.13E-06
-83.5841,-6.13E-06
-83.5863,-6.12E-06
-83.5886,-6.12E-06
-83.5908,-6.12E-06
-83.593,-6.12E-06
-83.5952,-6.12E-06
-83.5974,-6.11E-06
-83.5997,-6.11E-06
-83.6019,-6.11E-06
-83.6041,-6.11E-06
-83.6063,-6.11E-06
-83.6085,-6.10E-06
-83.6107,-6.10E-06
-83.6129,-6.10E-06
-83.6151,-6.10E-06
-83.6173,-6.10E-06
-83.6194,-6.09E-06
-83.6216,-6.09E-06
-83.6238,-6.09E-06
-83.626,-6.09E-06
-83.6282,-6.08E-06
-83.6303,-6.08E-06
-83.6325,-6.08E-06
-83.6347,-6.08E-06
-83.6368,-6.07E-06
-83.639,-6.07E-06
-83.6412,-6.07E-06
-83.6433,-6.07E-06
-83.6455,-6.07E-06
-83.6476,-6.06E-06
-83.6498,-6.06E-06
-83.6519,-6.06E-06
-83.6541,-6.06E-06
-83.6562,-6.06E-06
-83.6584,-6.05E-06
-83.6605,-6.05E-06
-83.6626,-6.05E-06
-83.6648,-6.05E-06
-83.6669,-6.05E-06
-83.669,-6.04E-06
-83.6711,-6.04E-06
-83.6733,-6.04E-06
-83.6754,-6.04E-06
-83.6775,-6.04E-06
-83.6796,-6.03E-06
-83.6817,-6.03E-06
-83.6838,-6.03E-06
-83.6859,-6.03E-06
-83.688,-6.02E-06
-83.6901,-6.02E-06
-83.6922,-6.02E-06
-83.6943,-6.02E-06
-83.6964,-6.01E-06
-83.6985,-6.01E-06
-83.7006,-6.01E-06
-83.7027,-6.01E-06
-83.7048,-6.01E-06
-83.7069,-6.01E-06
-83.7089,-6.01E-06
-83.711,-6.00E-06
-83.7131,-6.00E-06
-83.7152,-6.00E-06
-83.7172,-6.00E-06
-83.7193,-6.00E-06
-83.7214,-5.99E-06
-83.7234,-5.99E-06
-83.7255,-5.99E-06
-83.7275,-5.99E-06
-83.7296,-5.98E-06
-83.7316,-5.98E-06
-83.7337,-5.98E-06
-83.7357,-5.98E-06
-83.7378,-5.97E-06
-83.7398,-5.97E-06
-83.7419,-5.97E-06
-83.7439,-5.97E-06
-83.7459,-5.96E-06
-83.748,-5.96E-06
-83.75,-5.96E-06
-83.752,-5.96E-06
-83.754,-5.96E-06
-83.7561,-5.96E-06
-83.7581,-5.96E-06
-83.7601,-5.96E-06
-83.7621,-5.95E-06
-83.7641,-5.95E-06
-83.7661,-5.95E-06
-83.7681,-5.95E-06
-83.7701,-5.95E-06
-83.7722,-5.94E-06
-83.7741,-5.94E-06
-83.7761,-5.94E-06
-83.7781,-5.94E-06
-83.7801,-5.94E-06
-83.7821,-5.94E-06
-83.7841,-5.93E-06
-83.7861,-5.93E-06
-83.7881,-5.93E-06
-83.7901,-5.93E-06
-83.792,-5.93E-06
-83.794,-5.92E-06
-83.796,-5.92E-06
-83.798,-5.92E-06
-83.7999,-5.92E-06
-83.8019,-5.92E-06
-83.8039,-5.91E-06
-83.8058,-5.91E-06
-83.8078,-5.91E-06
-83.8097,-5.91E-06
-83.8117,-5.90E-06
-83.8136,-5.90E-06
-83.8156,-5.90E-06
-83.8175,-5.90E-06
-83.8195,-5.90E-06
-83.8214,-5.90E-06
-83.8234,-5.89E-06
-83.8253,-5.89E-06
-83.8272,-5.89E-06
-83.8292,-5.89E-06
-83.8311,-5.89E-06
-83.833,-5.89E-06
-83.835,-5.88E-06
-83.8369,-5.88E-06
-83.8388,-5.88E-06
-83.8407,-5.88E-06
-83.8426,-5.87E-06
-83.8446,-5.87E-06
-83.8465,-5.87E-06
-83.8484,-5.87E-06
-83.8503,-5.87E-06
-83.8522,-5.87E-06
-83.8541,-5.86E-06
-83.856,-5.87E-06
-83.8579,-5.86E-06
-83.8598,-5.86E-06
-83.8617,-5.86E-06
-83.8636,-5.86E-06
-83.8655,-5.86E-06
-83.8674,-5.86E-06
-83.8692,-5.85E-06
-83.8711,-5.85E-06
-83.873,-5.85E-06
-83.8749,-5.84E-06
-83.8768,-5.84E-06
-83.8786,-5.84E-06
-83.8805,-5.84E-06
-83.8824,-5.84E-06
-83.8842,-5.84E-06
-83.8861,-5.83E-06
-83.888,-5.83E-06
-83.8898,-5.83E-06
-83.8917,-5.83E-06
-83.8935,-5.83E-06
-83.8954,-5.83E-06
-83.8972,-5.83E-06
-83.8991,-5.82E-06
-83.9009,-5.82E-06
-83.9028,-5.82E-06
-83.9046,-5.82E-06
-83.9065,-5.82E-06
-83.9083,-5.81E-06
-83.9101,-5.81E-06
-83.912,-5.81E-06
-83.9138,-5.81E-06
-83.9156,-5.81E-06
-83.9175,-5.80E-06
-83.9193,-5.80E-06
-83.9211,-5.80E-06
-83.9229,-5.80E-06
-83.9248,-5.80E-06
-83.9266,-5.80E-06
-83.9284,-5.79E-06
-83.9302,-5.79E-06
-83.932,-5.79E-06
-83.9338,-5.79E-06
-83.9356,-5.79E-06
-83.9374,-5.79E-06
-83.9392,-5.79E-06
-83.941,-5.78E-06
-83.9428,-5.78E-06
-83.9446,-5.78E-06
-83.9464,-5.78E-06
-83.9482,-5.78E-06
-83.95,-5.77E-06
-83.9518,-5.77E-06
-83.9536,-5.77E-06
-83.9553,-5.77E-06
-83.9571,-5.77E-06
-83.9589,-5.77E-06
-83.9607,-5.77E-06
-83.9624,-5.76E-06
-83.9642,-5.76E-06
-83.966,-5.76E-06
-83.9678,-5.76E-06
-83.9695,-5.75E-06
-83.9713,-5.75E-06
-83.973,-5.75E-06
-83.9748,-5.75E-06
-83.9766,-5.75E-06
-83.9783,-5.75E-06
-83.9801,-5.75E-06
-83.9818,-5.74E-06
-83.9836,-5.74E-06
-83.9853,-5.74E-06
-83.9871,-5.73E-06
-83.9888,-5.74E-06
-83.9905,-5.74E-06
-83.9923,-5.74E-06
-83.994,-5.73E-06
-83.9958,-5.73E-06
-83.9975,-5.73E-06
-83.9992,-5.73E-06
-84.0009,-5.73E-06
-84.0027,-5.73E-06
-84.0044,-5.73E-06
-84.0061,-5.72E-06
-84.0078,-5.72E-06
-84.0095,-5.72E-06
-84.0113,-5.72E-06
-84.013,-5.72E-06
-84.0147,-5.71E-06
-84.0164,-5.71E-06
-84.0181,-5.71E-06
-84.0198,-5.71E-06
-84.0215,-5.71E-06
-84.0232,-5.71E-06
-84.0249,-5.70E-06
-84.0266,-5.70E-06
-84.0283,-5.70E-06
-84.03,-5.70E-06
-84.0317,-5.70E-06
-84.0334,-5.70E-06
-84.0351,-5.70E-06
-84.0368,-5.69E-06
-84.0384,-5.69E-06
-84.0401,-5.69E-06
-84.0418,-5.69E-06
-84.0435,-5.69E-06
-84.0452,-5.69E-06
-84.0468,-5.68E-06
-84.0485,-5.68E-06
-84.0502,-5.68E-06
-84.0518,-5.68E-06
-84.0535,-5.68E-06
-84.0552,-5.68E-06
-84.0568,-5.68E-06
-84.0585,-5.67E-06
-84.0601,-5.67E-06
-84.0618,-5.67E-06
-84.0635,-5.67E-06
-84.0651,-5.67E-06
-84.0668,-5.67E-06
-84.0684,-5.66E-06
-84.0701,-5.66E-06
-84.0717,-5.66E-06
-84.0733,-5.66E-06
-84.075,-5.66E-06
-84.0766,-5.66E-06
-84.0783,-5.66E-06
-84.0799,-5.65E-06
-84.0815,-5.65E-06
-84.0832,-5.65E-06
-84.0848,-5.65E-06
-84.0864,-5.65E-06
-84.088,-5.65E-06
-84.0897,-5.65E-06
-84.0913,-5.64E-06
-84.0929,-5.64E-06
-84.0945,-5.64E-06
-84.0961,-5.64E-06
-84.0977,-5.64E-06
-84.0994,-5.64E-06
-84.101,-5.64E-06
-84.1026,-5.63E-06
-84.1042,-5.63E-06
-84.1058,-5.63E-06
-84.1074,-5.63E-06
-84.109,-5.63E-06
-84.1106,-5.63E-06
-84.1122,-5.63E-06
-84.1138,-5.62E-06
-84.1154,-5.62E-06
-84.117,-5.62E-06
-84.1186,-5.62E-06
-84.1201,-5.62E-06
-84.1217,-5.62E-06
-84.1233,-5.61E-06
-84.1249,-5.61E-06
-84.1265,-5.61E-06
-84.1281,-5.61E-06
-84.1296,-5.61E-06
-84.1312,-5.61E-06
-84.1328,-5.61E-06
-84.1343,-5.60E-06
-84.1359,-5.60E-06
-84.1375,-5.60E-06
-84.139,-5.60E-06
-84.1406,-5.60E-06
-84.1422,-5.60E-06
-84.1437,-5.60E-06
-84.1453,-5.60E-06
-84.1468,-5.59E-06
-84.1484,-5.59E-06
-84.15,-5.59E-06
-84.1515,-5.59E-06
-84.1531,-5.59E-06
-84.1546,-5.59E-06
-84.1561,-5.59E-06
-84.1577,-5.58E-06
-84.1592,-5.58E-06
-84.1608,-5.58E-06
-84.1623,-5.58E-06
-84.1638,-5.58E-06
-84.1654,-5.58E-06
-84.1669,-5.58E-06
-84.1684,-5.57E-06
-84.17,-5.57E-06
-84.1715,-5.57E-06
-84.173,-5.57E-06
-84.1746,-5.57E-06
-84.1761,-5.57E-06
-84.1776,-5.57E-06
-84.1791,-5.56E-06
-84.1806,-5.56E-06
-84.1822,-5.56E-06
-84.1837,-5.56E-06
-84.1852,-5.56E-06
-84.1867,-5.56E-06
-84.1882,-5.56E-06
-84.1897,-5.56E-06
-84.1912,-5.55E-06
-84.1927,-5.55E-06
-84.1942,-5.55E-06
-84.1957,-5.55E-06
-84.1972,-5.55E-06
-84.1987,-5.55E-06
-84.2002,-5.55E-06
-84.2017,-5.54E-06
-84.2032,-5.54E-06
-84.2047,-5.54E-06
-84.2062,-5.54E-06
-84.2076,-5.54E-06
-84.2091,-5.54E-06
-84.2106,-5.54E-06
-84.2121,-5.54E-06
-84.2136,-5.53E-06
-84.215,-5.53E-06
-84.2165,-5.53E-06
-84.218,-5.53E-06
-84.2195,-5.53E-06
-84.2209,-5.53E-06
-84.2224,-5.53E-06
-84.2239,-5.53E-06
-84.2253,-5.52E-06
-84.2268,-5.52E-06
-84.2283,-5.52E-06
-84.2297,-5.52E-06
-84.2312,-5.52E-06
-84.2326,-5.52E-06
-84.2341,-5.52E-06
-84.2356,-5.51E-06
-84.237,-5.51E-06
-84.2385,-5.51E-06
-84.2399,-5.51E-06
-84.2414,-5.51E-06
-84.2428,-5.51E-06
-84.2442,-5.51E-06
-84.2457,-5.51E-06
-84.2471,-5.50E-06
-84.2486,-5.50E-06
-84.25,-5.50E-06
-84.2514,-5.50E-06
-84.2529,-5.50E-06
-84.2543,-5.50E-06
-84.2557,-5.50E-06
-84.2572,-5.50E-06
-84.2586,-5.49E-06
-84.26,-5.49E-06
-84.2614,-5.49E-06
-84.2629,-5.49E-06
-84.2643,-5.49E-06
-84.2657,-5.49E-06
-84.2671,-5.49E-06
-84.2685,-5.49E-06
-84.2699,-5.48E-06
-84.2714,-5.48E-06
-84.2728,-5.48E-06
-84.2742,-5.48E-06
-84.2756,-5.48E-06
-84.277,-5.48E-06
-84.2784,-5.48E-06
-84.2798,-5.48E-06
-84.2812,-5.47E-06
-84.2826,-5.47E-06
-84.284,-5.47E-06
-84.2854,-5.47E-06
-84.2868,-5.47E-06
-84.2882,-5.47E-06
-84.2896,-5.47E-06
-84.291,-5.47E-06
-84.2924,-5.46E-06
-84.2937,-5.46E-06
-84.2951,-5.46E-06
-84.2965,-5.46E-06
-84.2979,-5.46E-06
-84.2993,-5.46E-06
-84.3007,-5.46E-06
-84.302,-5.46E-06
-84.3034,-5.46E-06
-84.3048,-5.45E-06
-84.3062,-5.45E-06
-84.3075,-5.45E-06
-84.3089,-5.45E-06
-84.3103,-5.45E-06
-84.3116,-5.45E-06
-84.313,-5.45E-06
-84.3144,-5.45E-06
-84.3157,-5.44E-06
-84.3171,-5.44E-06
-84.3185,-5.44E-06
-84.3198,-5.44E-06
-84.3212,-5.44E-06
-84.3225,-5.44E-06
-84.3239,-5.44E-06
-84.3252,-5.44E-06
-84.3266,-5.44E-06
-84.3279,-5.43E-06
-84.3293,-5.43E-06
-84.3306,-5.43E-06
-84.332,-5.43E-06
-84.3333,-5.43E-06
-84.3346,-5.43E-06
-84.336,-5.43E-06
-84.3373,-5.43E-06
-84.3387,-5.42E-06
-84.34,-5.42E-06
-84.3413,-5.42E-06
-84.3427,-5.42E-06
-84.344,-5.42E-06
-84.3453,-5.42E-06
-84.3466,-5.42E-06
-84.348,-5.42E-06
-84.3493,-5.42E-06
-84.3506,-5.41E-06
-84.3519,-5.41E-06
-84.3533,-5.41E-06
-84.3546,-5.41E-06
-84.3559,-5.41E-06
-84.3572,-5.41E-06
-84.3585,-5.41E-06
-84.3598,-5.41E-06
-84.3611,-5.41E-06
-84.3625,-5.40E-06
-84.3638,-5.40E-06
-84.3651,-5.40E-06
-84.3664,-5.40E-06
-84.3677,-5.40E-06
-84.369,-5.40E-06
-84.3703,-5.40E-06
-84.3716,-5.40E-06
-84.3729,-5.40E-06
-84.3742,-5.39E-06
-84.3755,-5.39E-06
-84.3768,-5.39E-06
-84.3781,-5.39E-06
-84.3794,-5.39E-06
-84.3806,-5.39E-06
-84.3819,-5.39E-06
-84.3832,-5.39E-06
-84.3845,-5.39E-06
-84.3858,-5.38E-06
-84.3871,-5.38E-06
-84.3883,-5.38E-06
-84.3896,-5.38E-06
-84.3909,-5.38E-06
-84.3922,-5.38E-06
-84.3935,-5.38E-06
-84.3947,-5.38E-06
-84.396,-5.38E-06
-84.3973,-5.37E-06
-84.3985,-5.37E-06
-84.3998,-5.37E-06
-84.4011,-5.37E-06
-84.4023,-5.37E-06
-84.4036,-5.37E-06
-84.4049,-5.37E-06
-84.4061,-5.37E-06
-84.4074,-5.37E-06
-84.4086,-5.36E-06
-84.4099,-5.36E-06
-84.4112,-5.36E-06
-84.4124,-5.36E-06
-84.4137,-5.36E-06
-84.4149,-5.36E-06
-84.4162,-5.36E-06
-84.4174,-5.36E-06
-84.4187,-5.36E-06
-84.4199,-5.35E-06
-84.4212,-5.35E-06
-84.4224,-5.35E-06
-84.4236,-5.35E-06
-84.4249,-5.35E-06
-84.4261,-5.35E-06
-84.4274,-5.35E-06
-84.4286,-5.35E-06
-84.4298,-5.35E-06
-84.4311,-5.35E-06
-84.4323,-5.34E-06
-84.4335,-5.34E-06
-84.4348,-5.34E-06
-84.436,-5.34E-06
-84.4372,-5.34E-06
-84.4384,-5.34E-06
-84.4397,-5.34E-06
-84.4409,-5.34E-06
-84.4421,-5.34E-06
-84.4433,-5.34E-06
-84.4445,-5.33E-06
-84.4458,-5.33E-06
-84.447,-5.33E-06
-84.4482,-5.33E-06
-84.4494,-5.33E-06
-84.4506,-5.33E-06
-84.4518,-5.33E-06
-84.453,-5.33E-06
-84.4542,-5.33E-06
-84.4554,-5.32E-06
-84.4567,-5.32E-06
-84.4579,-5.32E-06
-84.4591,-5.32E-06
-84.4603,-5.32E-06
-84.4615,-5.32E-06
-84.4627,-5.32E-06
-84.4639,-5.32E-06
-84.4651,-5.32E-06
-84.4663,-5.32E-06
-84.4674,-5.31E-06
-84.4686,-5.31E-06
-84.4698,-5.31E-06
-84.471,-5.31E-06
-84.4722,-5.31E-06
-84.4734,-5.31E-06
-84.4746,-5.31E-06
-84.4758,-5.31E-06
-84.4769,-5.31E-06
-84.4781,-5.31E-06
-84.4793,-5.30E-06
-84.4805,-5.30E-06
-84.4817,-5.30E-06
-84.4828,-5.30E-06
-84.484,-5.30E-06
-84.4852,-5.30E-06
-84.4864,-5.30E-06
-84.4875,-5.30E-06
-84.4887,-5.30E-06
-84.4899,-5.30E-06
-84.491,-5.29E-06
-84.4922,-5.29E-06
-84.4934,-5.29E-06
-84.4945,-5.29E-06
-84.4957,-5.29E-06
-84.4969,-5.29E-06
-84.498,-5.29E-06
-84.4992,-5.29E-06
-84.5003,-5.29E-06
-84.5015,-5.29E-06
-84.5027,-5.29E-06
-84.5038,-5.28E-06
-84.505,-5.28E-06
-84.5061,-5.28E-06
-84.5073,-5.28E-06
-84.5084,-5.28E-06
-84.5096,-5.28E-06
-84.5107,-5.28E-06
-84.5119,-5.28E-06
-84.513,-5.28E-06
-84.5141,-5.28E-06
-84.5153,-5.27E-06
-84.5164,-5.27E-06
-84.5176,-5.27E-06
-84.5187,-5.27E-06
-84.5198,-5.27E-06
-84.521,-5.27E-06
-84.5221,-5.27E-06
-84.5232,-5.27E-06
-84.5244,-5.27E-06
-84.5255,-5.27E-06
-84.5266,-5.27E-06
-84.5278,-5.26E-06
-84.5289,-5.26E-06
-84.53,-5.26E-06
-84.5311,-5.26E-06
-84.5323,-5.26E-06
-84.5334,-5.26E-06
-84.5345,-5.26E-06
-84.5356,-5.26E-06
-84.5368,-5.26E-06
-84.5379,-5.26E-06
-84.539,-5.25E-06
-84.5401,-5.25E-06
-84.5412,-5.25E-06
-84.5423,-5.25E-06
-84.5434,-5.25E-06
-84.5446,-5.25E-06
-84.5457,-5.25E-06
-84.5468,-5.25E-06
-84.5479,-5.25E-06
-84.549,-5.25E-06
-84.5501,-5.25E-06
-84.5512,-5.24E-06
-84.5523,-5.24E-06
-84.5534,-5.24E-06
-84.5545,-5.24E-06
-84.5556,-5.24E-06
-84.5567,-5.24E-06
-84.5578,-5.24E-06
-84.5589,-5.24E-06
-84.56,-5.24E-06
-84.5611,-5.24E-06
-84.5622,-5.24E-06
-84.5633,-5.23E-06
-84.5643,-5.23E-06
-84.5654,-5.23E-06
-84.5665,-5.23E-06
-84.5676,-5.23E-06
-84.5687,-5.23E-06
-84.5698,-5.23E-06
-84.5709,-5.23E-06
-84.5719,-5.23E-06
-84.573,-5.23E-06
-84.5741,-5.23E-06
-84.5752,-5.22E-06
-84.5763,-5.22E-06
-84.5773,-5.22E-06
-84.5784,-5.22E-06
-84.5795,-5.22E-06
-84.5806,-5.22E-06
-84.5816,-5.22E-06
-84.5827,-5.22E-06
-84.5838,-5.22E-06
-84.5848,-5.22E-06
-84.5859,-5.22E-06
-84.587,-5.22E-06
-84.588,-5.21E-06
-84.5891,-5.21E-06
-84.5902,-5.21E-06
-84.5912,-5.21E-06
-84.5923,-5.21E-06
-84.5933,-5.21E-06
-84.5944,-5.21E-06
-84.5954,-5.21E-06
-84.5965,-5.21E-06
-84.5976,-5.21E-06
-84.5986,-5.21E-06
-84.5997,-5.20E-06
-84.6007,-5.20E-06
-84.6018,-5.20E-06
-84.6028,-5.20E-06
-84.6039,-5.20E-06
-84.6049,-5.20E-06
-84.606,-5.20E-06
-84.607,-5.20E-06
-84.608,-5.20E-06
-84.6091,-5.20E-06
-84.6101,-5.20E-06
-84.6112,-5.20E-06
-84.6122,-5.19E-06
-84.6132,-5.19E-06
-84.6143,-5.19E-06
-84.6153,-5.19E-06
-84.6164,-5.19E-06
-84.6174,-5.19E-06
-84.6184,-5.19E-06
-84.6195,-5.19E-06
-84.6205,-5.19E-06
-84.6215,-5.19E-06
-84.6225,-5.19E-06
-84.6236,-5.19E-06
-84.6246,-5.18E-06
-84.6256,-5.18E-06
-84.6267,-5.18E-06
-84.6277,-5.18E-06
-84.6287,-5.18E-06
-84.6297,-5.18E-06
-84.6307,-5.18E-06
-84.6318,-5.18E-06
-84.6328,-5.18E-06
-84.6338,-5.18E-06
-84.6348,-5.18E-06
-84.6358,-5.18E-06
-84.6368,-5.17E-06
-84.6378,-5.17E-06
-84.6389,-5.17E-06
-84.6399,-5.17E-06
-84.6409,-5.17E-06
-84.6419,-5.17E-06
-84.6429,-5.17E-06
-84.6439,-5.17E-06
-84.6449,-5.17E-06
-84.6459,-5.17E-06
-84.6469,-5.17E-06
-84.6479,-5.17E-06
-84.6489,-5.16E-06
-84.6499,-5.16E-06
-84.6509,-5.16E-06
-84.6519,-5.16E-06
-84.6529,-5.16E-06
-84.6539,-5.16E-06
-84.6549,-5.16E-06
-84.6559,-5.16E-06
-84.6569,-5.16E-06
-84.6579,-5.16E-06
-84.6589,-5.16E-06
-84.6599,-5.16E-06
-84.6609,-5.15E-06
-84.6619,-5.15E-06
-84.6628,-5.15E-06
-84.6638,-5.15E-06
-84.6648,-5.15E-06
-84.6658,-5.15E-06
-84.6668,-5.15E-06
-84.6678,-5.15E-06
-84.6687,-5.15E-06
-84.6697,-5.15E-06
-84.6707,-5.15E-06
-84.6717,-5.15E-06
-84.6727,-5.15E-06
-84.6736,-5.14E-06
-84.6746,-5.14E-06
-84.6756,-5.14E-06
-84.6766,-5.14E-06
-84.6775,-5.14E-06
-84.6785,-5.14E-06
-84.6795,-5.14E-06
-84.6804,-5.14E-06
-84.6814,-5.14E-06
-84.6824,-5.14E-06
-84.6833,-5.14E-06
-84.6843,-5.14E-06
-84.6853,-5.14E-06
-84.6862,-5.13E-06
-84.6872,-5.13E-06
-84.6882,-5.13E-06
-84.6891,-5.13E-06
-84.6901,-5.13E-06
-84.691,-5.13E-06
-84.692,-5.13E-06
-84.693,-5.13E-06
-84.6939,-5.13E-06
-84.6949,-5.13E-06
-84.6958,-5.13E-06
-84.6968,-5.13E-06
-84.6977,-5.13E-06
-84.6987,-5.12E-06
-84.6996,-5.12E-06
-84.7006,-5.12E-06
-84.7015,-5.12E-06
-84.7025,-5.12E-06
-84.7034,-5.12E-06
-84.7044,-5.12E-06
-84.7053,-5.12E-06
-84.7063,-5.12E-06
-84.7072,-5.12E-06
-84.7081,-5.12E-06
-84.7091,-5.12E-06
-84.71,-5.12E-06
-84.711,-5.11E-06
-84.7119,-5.11E-06
-84.7128,-5.11E-06
-84.7138,-5.11E-06
-84.7147,-5.11E-06
-84.7156,-5.11E-06
-84.7166,-5.11E-06
-84.7175,-5.11E-06
-84.7184,-5.11E-06
-84.7194,-5.11E-06
-84.7203,-5.11E-06
-84.7212,-5.11E-06
-84.7221,-5.11E-06
-84.7231,-5.10E-06
-84.724,-5.10E-06
-84.7249,-5.10E-06
-84.7259,-5.10E-06
-84.7268,-5.10E-06
-84.7277,-5.10E-06
-84.7286,-5.10E-06
-84.7295,-5.10E-06
-84.7305,-5.10E-06
-84.7314,-5.10E-06
-84.7323,-5.10E-06
-84.7332,-5.10E-06
-84.7341,-5.10E-06
-84.735,-5.10E-06
-84.736,-5.09E-06
-84.7369,-5.09E-06
-84.7378,-5.09E-06
-84.7387,-5.09E-06
-84.7396,-5.09E-06
-84.7405,-5.09E-06
-84.7414,-5.09E-06
-84.7423,-5.09E-06
-84.7432,-5.09E-06
-84.7441,-5.09E-06
-84.745,-5.09E-06
-84.746,-5.09E-06
-84.7469,-5.09E-06
-84.7478,-5.08E-06
-84.7487,-5.08E-06
-84.7496,-5.08E-06
-84.7505,-5.08E-06
-84.7514,-5.08E-06
-84.7523,-5.08E-06
-84.7532,-5.08E-06
-84.754,-5.08E-06
-84.7549,-5.08E-06
-84.7558,-5.08E-06
-84.7567,-5.08E-06
-84.7576,-5.08E-06
-84.7585,-5.08E-06
-84.7594,-5.08E-06
-84.7603,-5.07E-06
-84.7612,-5.07E-06
-84.7621,-5.07E-06
-84.763,-5.07E-06
-84.7639,-5.07E-06
-84.7647,-5.07E-06
-84.7656,-5.07E-06
-84.7665,-5.07E-06
-84.7674,-5.07E-06
-84.7683,-5.07E-06
-84.7692,-5.07E-06
-84.77,-5.07E-06
-84.7709,-5.07E-06
-84.7718,-5.07E-06
-84.7727,-5.07E-06
-84.7736,-5.06E-06
-84.7744,-5.06E-06
-84.7753,-5.06E-06
-84.7762,-5.06E-06
-84.7771,-5.06E-06
-84.7779,-5.06E-06
-84.7788,-5.06E-06
-84.7797,-5.06E-06
-84.7805,-5.06E-06
-84.7814,-5.06E-06
-84.7823,-5.06E-06
-84.7831,-5.06E-06
-84.784,-5.06E-06
-84.7849,-5.06E-06
-84.7857,-5.05E-06
-84.7866,-5.05E-06
-84.7875,-5.05E-06
-84.7883,-5.05E-06
-84.7892,-5.05E-06
-84.7901,-5.05E-06
-84.7909,-5.05E-06
-84.7918,-5.05E-06
-84.7926,-5.05E-06
-84.7935,-5.05E-06
-84.7944,-5.05E-06
-84.7952,-5.05E-06
-84.7961,-5.05E-06
-84.7969,-5.05E-06
-84.7978,-5.05E-06
-84.7986,-5.04E-06
-84.7995,-5.04E-06
-84.8003,-5.04E-06
-84.8012,-5.04E-06
-84.802,-5.04E-06
-84.8029,-5.04E-06
-84.8037,-5.04E-06
-84.8046,-5.04E-06
-84.8054,-5.04E-06
-84.8063,-5.04E-06
-84.8071,-5.04E-06
-84.808,-5.04E-06
-84.8088,-5.04E-06
-84.8097,-5.04E-06
-84.8105,-5.04E-06
-84.8113,-5.03E-06
-84.8122,-5.03E-06
-84.813,-5.03E-06
-84.8139,-5.03E-06
-84.8147,-5.03E-06
-84.8155,-5.03E-06
-84.8164,-5.03E-06
-84.8172,-5.03E-06
-84.818,-5.03E-06
-84.8189,-5.03E-06
-84.8197,-5.03E-06
-84.8205,-5.03E-06
-84.8214,-5.03E-06
-84.8222,-5.03E-06
-84.823,-5.03E-06
-84.8239,-5.02E-06
-84.8247,-5.02E-06
-84.8255,-5.02E-06
-84.8263,-5.02E-06
-84.8272,-5.02E-06
-84.828,-5.02E-06
-84.8288,-5.02E-06
-84.8296,-5.02E-06
-84.8305,-5.02E-06
-84.8313,-5.02E-06
-84.8321,-5.02E-06
-84.8329,-5.02E-06
-84.8338,-5.02E-06
-84.8346,-5.02E-06
-84.8354,-5.02E-06
-84.8362,-5.01E-06
-84.837,-5.01E-06
-84.8378,-5.01E-06
-84.8387,-5.01E-06
-84.8395,-5.01E-06
-84.8403,-5.01E-06
-84.8411,-5.01E-06
-84.8419,-5.01E-06
-84.8427,-5.01E-06
-84.8435,-5.01E-06
-84.8443,-5.01E-06
-84.8452,-5.01E-06
-84.846,-5.01E-06
-84.8468,-5.01E-06
-84.8476,-5.01E-06
-84.8484,-5.01E-06
-84.8492,-5.00E-06
-84.85,-5.00E-06
-84.8508,-5.00E-06
-84.8516,-5.00E-06
-84.8524,-5.00E-06
-84.8532,-5.00E-06
-84.854,-5.00E-06
-84.8548,-5.00E-06
-84.8556,-5.00E-06
-84.8564,-5.00E-06
-84.8572,-5.00E-06
-84.858,-5.00E-06
-84.8588,-5.00E-06
-84.8596,-5.00E-06
-84.8604,-5.00E-06
-84.8612,-4.99E-06
-84.862,-4.99E-06
-84.8628,-4.99E-06
-84.8636,-4.99E-06
-84.8644,-4.99E-06
-84.8652,-4.99E-06
-84.8659,-4.99E-06
-84.8667,-4.99E-06
-84.8675,-4.99E-06
-84.8683,-4.99E-06
-84.8691,-4.99E-06
-84.8699,-4.99E-06
-84.8707,-4.99E-06
-84.8715,-4.99E-06
-84.8722,-4.99E-06
-84.873,-4.99E-06
-84.8738,-4.99E-06
-84.8746,-4.98E-06
-84.8754,-4.98E-06
-84.8762,-4.98E-06
-84.8769,-4.98E-06
-84.8777,-4.98E-06
-84.8785,-4.98E-06
-84.8793,-4.98E-06
-84.8801,-4.98E-06
-84.8808,-4.98E-06
-84.8816,-4.98E-06
-84.8824,-4.98E-06
-84.8832,-4.98E-06
-84.8839,-4.98E-06
-84.8847,-4.98E-06
-84.8855,-4.98E-06
-84.8862,-4.98E-06
-84.887,-4.97E-06
-84.8878,-4.97E-06
-84.8886,-4.97E-06
-84.8893,-4.97E-06
-84.8901,-4.97E-06
-84.8909,-4.97E-06
-84.8916,-4.97E-06
-84.8924,-4.97E-06
-84.8932,-4.97E-06
-84.8939,-4.97E-06
-84.8947,-4.97E-06
-84.8955,-4.97E-06
-84.8962,-4.97E-06
-84.897,-4.97E-06
-84.8977,-4.97E-06
-84.8985,-4.97E-06
-84.8993,-4.97E-06
-84.9,-4.96E-06
-84.9008,-4.96E-06
-84.9015,-4.96E-06
-84.9023,-4.96E-06
-84.9031,-4.96E-06
-84.9038,-4.96E-06
-84.9046,-4.96E-06
-84.9053,-4.96E-06
-84.9061,-4.96E-06
-84.9068,-4.96E-06
-84.9076,-4.96E-06
-84.9083,-4.96E-06
-84.9091,-4.96E-06
-84.9098,-4.96E-06
-84.9106,-4.96E-06
-84.9113,-4.96E-06
-84.9121,-4.95E-06
-84.9128,-4.95E-06
-84.9136,-4.95E-06
-84.9143,-4.95E-06
-84.9151,-4.95E-06
-84.9158,-4.95E-06
-84.9166,-4.95E-06
-84.9173,-4.95E-06
-84.9181,-4.95E-06
-84.9188,-4.95E-06
-84.9195,-4.95E-06
-84.9203,-4.95E-06
-84.921,-4.95E-06
-84.9218,-4.95E-06
-84.9225,-4.95E-06
-84.9232,-4.95E-06
-84.924,-4.95E-06
-84.9247,-4.95E-06
-84.9255,-4.94E-06
-84.9262,-4.94E-06
-84.9269,-4.94E-06
-84.9277,-4.94E-06
-84.9284,-4.94E-06
-84.9291,-4.94E-06
-84.9299,-4.94E-06
-84.9306,-4.94E-06
-84.9313,-4.94E-06
-84.9321,-4.94E-06
-84.9328,-4.94E-06
-84.9335,-4.94E-06
-84.9343,-4.94E-06
-84.935,-4.94E-06
-84.9357,-4.94E-06
-84.9364,-4.94E-06
-84.9372,-4.94E-06
-84.9379,-4.93E-06
-84.9386,-4.93E-06
-84.9393,-4.93E-06
-84.9401,-4.93E-06
-84.9408,-4.93E-06
-84.9415,-4.93E-06
-84.9422,-4.93E-06
-84.943,-4.93E-06
-84.9437,-4.93E-06
-84.9444,-4.93E-06
-84.9451,-4.93E-06
-84.9458,-4.93E-06
-84.9466,-4.93E-06
-84.9473,-4.93E-06
-84.948,-4.93E-06
-84.9487,-4.93E-06
-84.9494,-4.93E-06
-84.9501,-4.93E-06
-84.9509,-4.92E-06
-84.9516,-4.92E-06
-84.9523,-4.92E-06
-84.953,-4.92E-06
-84.9537,-4.92E-06
-84.9544,-4.92E-06
-84.9551,-4.92E-06
-84.9558,-4.92E-06
-84.9566,-4.92E-06
-84.9573,-4.92E-06
-84.958,-4.92E-06
-84.9587,-4.92E-06
-84.9594,-4.92E-06
-84.9601,-4.92E-06
-84.9608,-4.92E-06
-84.9615,-4.92E-06
-84.9622,-4.92E-06
-84.9629,-4.92E-06
-84.9636,-4.91E-06
-84.9643,-4.91E-06
-84.965,-4.91E-06
-84.9657,-4.91E-06
-84.9664,-4.91E-06
-84.9671,-4.91E-06
-84.9678,-4.91E-06
-84.9685,-4.91E-06
-84.9692,-4.91E-06
-84.9699,-4.91E-06
-84.9706,-4.91E-06
-84.9713,-4.91E-06
-84.972,-4.91E-06
-84.9727,-4.91E-06
-84.9734,-4.91E-06
-84.9741,-4.91E-06
-84.9748,-4.91E-06
-84.9755,-4.91E-06
-84.9762,-4.90E-06
-84.9769,-4.90E-06
-84.9776,-4.90E-06
-84.9783,-4.90E-06
-84.979,-4.90E-06
-84.9797,-4.90E-06
-84.9803,-4.90E-06
-84.981,-4.90E-06
-84.9817,-4.90E-06
-84.9824,-4.90E-06
-84.9831,-4.90E-06
-84.9838,-4.90E-06
-84.9845,-4.90E-06
-84.9852,-4.90E-06
-84.9858,-4.90E-06
-84.9865,-4.90E-06
-84.9872,-4.90E-06
-84.9879,-4.90E-06
-84.9886,-4.90E-06
-84.9893,-4.89E-06
-84.9899,-4.89E-06
-84.9906,-4.89E-06
-84.9913,-4.89E-06
-84.992,-4.89E-06
-84.9927,-4.89E-06
-84.9934,-4.89E-06
-84.994,-4.89E-06
-84.9947,-4.89E-06
-84.9954,-4.89E-06
-84.9961,-4.89E-06
-84.9967,-4.89E-06
-84.9974,-4.89E-06
-84.9981,-4.89E-06
-84.9988,-4.89E-06
-84.9994,-4.89E-06
-85.0001,-4.89E-06
-85.0008,-4.89E-06
-85.0015,-4.88E-06
-85.0021,-4.88E-06
-85.0028,-4.88E-06
-85.0035,-4.88E-06
-85.0041,-4.88E-06
-85.0048,-4.88E-06
-85.0055,-4.88E-06
-85.0061,-4.88E-06
-85.0068,-4.88E-06
-85.0075,-4.88E-06
-85.0082,-4.88E-06
-85.0088,-4.88E-06
-85.0095,-4.88E-06
-85.0101,-4.88E-06
-85.0108,-4.88E-06
-85.0115,-4.88E-06
-85.0121,-4.88E-06
-85.0128,-4.88E-06
-85.0135,-4.88E-06
-85.0141,-4.87E-06
-85.0148,-4.87E-06
-85.0155,-4.87E-06
-85.0161,-4.87E-06
-85.0168,-4.87E-06
-85.0174,-4.87E-06
-85.0181,-4.87E-06
-85.0187,-4.87E-06
-85.0194,-4.87E-06
-85.0201,-4.87E-06
-85.0207,-4.87E-06
-85.0214,-4.87E-06
-85.022,-4.87E-06
-85.0227,-4.87E-06
-85.0233,-4.87E-06
-85.024,-4.87E-06
-85.0247,-4.87E-06
-85.0253,-4.87E-06
-85.026,-4.87E-06
-85.0266,-4.87E-06
-85.0273,-4.86E-06
-85.0279,-4.86E-06
-85.0286,-4.86E-06
-85.0292,-4.86E-06
-85.0299,-4.86E-06
-85.0305,-4.86E-06
-85.0312,-4.86E-06
-85.0318,-4.86E-06
-85.0325,-4.86E-06
-85.0331,-4.86E-06
-85.0337,-4.86E-06
-85.0344,-4.86E-06
-85.035,-4.86E-06
-85.0357,-4.86E-06
-85.0363,-4.86E-06
-85.037,-4.86E-06
-85.0376,-4.86E-06
-85.0383,-4.86E-06
-85.0389,-4.86E-06
-85.0395,-4.86E-06
-85.0402,-4.85E-06
-85.0408,-4.85E-06
-85.0415,-4.85E-06
-85.0421,-4.85E-06
-85.0427,-4.85E-06
-85.0434,-4.85E-06
-85.044,-4.85E-06
-85.0447,-4.85E-06
-85.0453,-4.85E-06
-85.0459,-4.85E-06
-85.0466,-4.85E-06
-85.0472,-4.85E-06
-85.0478,-4.85E-06
-85.0485,-4.85E-06
-85.0491,-4.85E-06
-85.0497,-4.85E-06
-85.0504,-4.85E-06
-85.051,-4.85E-06
-85.0516,-4.85E-06
-85.0523,-4.85E-06
-85.0529,-4.84E-06
-85.0535,-4.84E-06
-85.0542,-4.84E-06
-85.0548,-4.84E-06
-85.0554,-4.84E-06
-85.056,-4.84E-06
-85.0567,-4.84E-06
-85.0573,-4.84E-06
-85.0579,-4.84E-06
-85.0585,-4.84E-06
-85.0592,-4.84E-06
-85.0598,-4.84E-06
-85.0604,-4.84E-06
-85.061,-4.84E-06
-85.0617,-4.84E-06
-85.0623,-4.84E-06
-85.0629,-4.84E-06
-85.0635,-4.84E-06
-85.0642,-4.84E-06
-85.0648,-4.84E-06
-85.0654,-4.83E-06
-85.066,-4.83E-06
-85.0666,-4.83E-06
-85.0673,-4.83E-06
-85.0679,-4.83E-06
-85.0685,-4.83E-06
-85.0691,-4.83E-06
-85.0697,-4.83E-06
-85.0704,-4.83E-06
-85.071,-4.83E-06
-85.0716,-4.83E-06
-85.0722,-4.83E-06
-85.0728,-4.83E-06
-85.0734,-4.83E-06
-85.0741,-4.83E-06
-85.0747,-4.83E-06
-85.0753,-4.83E-06
-85.0759,-4.83E-06
-85.0765,-4.83E-06
-85.0771,-4.83E-06
-85.0777,-4.82E-06
-85.0783,-4.82E-06
-85.079,-4.82E-06
-85.0796,-4.82E-06
-85.0802,-4.82E-06
-85.0808,-4.82E-06
-85.0814,-4.82E-06
-85.082,-4.82E-06
-85.0826,-4.82E-06
-85.0832,-4.82E-06
-85.0838,-4.82E-06
-85.0844,-4.82E-06
-85.085,-4.82E-06
-85.0856,-4.82E-06
-85.0862,-4.82E-06
-85.0869,-4.82E-06
-85.0875,-4.82E-06
-85.0881,-4.82E-06
-85.0887,-4.82E-06
-85.0893,-4.82E-06
-85.0899,-4.82E-06
-85.0905,-4.81E-06
-85.0911,-4.81E-06
-85.0917,-4.81E-06
-85.0923,-4.81E-06
-85.0929,-4.81E-06
-85.0935,-4.81E-06
-85.0941,-4.81E-06
-85.0947,-4.81E-06
-85.0953,-4.81E-06
-85.0959,-4.81E-06
-85.0965,-4.81E-06
-85.0971,-4.81E-06
-85.0977,-4.81E-06
-85.0983,-4.81E-06
-85.0988,-4.81E-06
-85.0994,-4.81E-06
-85.1,-4.81E-06
-85.1006,-4.81E-06
-85.1012,-4.81E-06
-85.1018,-4.81E-06
-85.1024,-4.81E-06
-85.103,-4.80E-06
-85.1036,-4.80E-06
-85.1042,-4.80E-06
-85.1048,-4.80E-06
-85.1054,-4.80E-06
-85.106,-4.80E-06
-85.1065,-4.80E-06
-85.1071,-4.80E-06
-85.1077,-4.80E-06
-85.1083,-4.80E-06
-85.1089,-4.80E-06
-85.1095,-4.80E-06
-85.1101,-4.80E-06
-85.1107,-4.80E-06
-85.1113,-4.80E-06
-85.1118,-4.80E-06
-85.1124,-4.80E-06
-85.113,-4.80E-06
-85.1136,-4.80E-06
-85.1142,-4.80E-06
-85.1148,-4.80E-06
-85.1153,-4.80E-06
-85.1159,-4.79E-06
-85.1165,-4.79E-06
-85.1171,-4.79E-06
-85.1177,-4.79E-06
-85.1183,-4.79E-06
-85.1188,-4.79E-06
-85.1194,-4.79E-06
-85.12,-4.79E-06
-85.1206,-4.79E-06
-85.1212,-4.79E-06
-85.1217,-4.79E-06
-85.1223,-4.79E-06
-85.1229,-4.79E-06
-85.1235,-4.79E-06
-85.124,-4.79E-06
-85.1246,-4.79E-06
-85.1252,-4.79E-06
-85.1258,-4.79E-06
-85.1263,-4.79E-06
-85.1269,-4.79E-06
-85.1275,-4.79E-06
-85.1281,-4.78E-06
-85.1286,-4.78E-06
-85.1292,-4.78E-06
-85.1298,-4.78E-06
-85.1304,-4.78E-06
-85.1309,-4.78E-06
-85.1315,-4.78E-06
-85.1321,-4.78E-06
-85.1326,-4.78E-06
-85.1332,-4.78E-06
-85.1338,-4.78E-06
-85.1344,-4.78E-06
-85.1349,-4.78E-06
-85.1355,-4.78E-06
-85.1361,-4.78E-06
-85.1366,-4.78E-06
-85.1372,-4.78E-06
-85.1378,-4.78E-06
-85.1383,-4.78E-06
-85.1389,-4.78E-06
-85.1395,-4.78E-06
-85.14,-4.78E-06
-85.1406,-4.77E-06
-85.1412,-4.77E-06
-85.1417,-4.77E-06
-85.1423,-4.77E-06
-85.1428,-4.77E-06
-85.1434,-4.77E-06
-85.144,-4.77E-06
-85.1445,-4.77E-06
-85.1451,-4.77E-06
-85.1457,-4.77E-06
-85.1462,-4.77E-06
-85.1468,-4.77E-06
-85.1473,-4.77E-06
-85.1479,-4.77E-06
-85.1485,-4.77E-06
-85.149,-4.77E-06
-85.1496,-4.77E-06
-85.1501,-4.77E-06
-85.1507,-4.77E-06
-85.1512,-4.77E-06
-85.1518,-4.77E-06
-85.1524,-4.77E-06
-85.1529,-4.76E-06
-85.1535,-4.76E-06
-85.154,-4.76E-06
-85.1546,-4.76E-06
-85.1551,-4.76E-06
-85.1557,-4.76E-06
-85.1562,-4.76E-06
-85.1568,-4.76E-06
-85.1574,-4.76E-06
-85.1579,-4.76E-06
-85.1585,-4.76E-06
-85.159,-4.76E-06
-85.1596,-4.76E-06
-85.1601,-4.76E-06
-85.1607,-4.76E-06
-85.1612,-4.76E-06
-85.1618,-4.76E-06
-85.1623,-4.76E-06
-85.1629,-4.76E-06
-85.1634,-4.76E-06
-85.164,-4.76E-06
-85.1645,-4.76E-06
-85.1651,-4.76E-06
-85.1656,-4.75E-06
-85.1661,-4.75E-06
-85.1667,-4.75E-06
-85.1672,-4.75E-06
-85.1678,-4.75E-06
-85.1683,-4.75E-06
-85.1689,-4.75E-06
-85.1694,-4.75E-06
-85.17,-4.75E-06
-85.1705,-4.75E-06
-85.171,-4.75E-06
-85.1716,-4.75E-06
-85.1721,-4.75E-06
-85.1727,-4.75E-06
-85.1732,-4.75E-06
-85.1738,-4.75E-06
-85.1743,-4.75E-06
-85.1748,-4.75E-06
-85.1754,-4.75E-06
-85.1759,-4.75E-06
-85.1765,-4.75E-06
-85.177,-4.75E-06
-85.1775,-4.75E-06
-85.1781,-4.74E-06
-85.1786,-4.74E-06
-85.1792,-4.74E-06
-85.1797,-4.74E-06
-85.1802,-4.74E-06
-85.1808,-4.74E-06
-85.1813,-4.74E-06
-85.1818,-4.74E-06
-85.1824,-4.74E-06
-85.1829,-4.74E-06
-85.1834,-4.74E-06
-85.184,-4.74E-06
-85.1845,-4.74E-06
-85.185,-4.74E-06
-85.1856,-4.74E-06
-85.1861,-4.74E-06
-85.1866,-4.74E-06
-85.1872,-4.74E-06
-85.1877,-4.74E-06
-85.1882,-4.74E-06
-85.1888,-4.74E-06
-85.1893,-4.74E-06
-85.1898,-4.74E-06
-85.1904,-4.73E-06
-85.1909,-4.73E-06
-85.1914,-4.73E-06
-85.192,-4.73E-06
-85.1925,-4.73E-06
-85.193,-4.73E-06
-85.1935,-4.73E-06
-85.1941,-4.73E-06
-85.1946,-4.73E-06
-85.1951,-4.73E-06
-85.1956,-4.73E-06
-85.1962,-4.73E-06
-85.1967,-4.73E-06
-85.1972,-4.73E-06
-85.1977,-4.73E-06
-85.1983,-4.73E-06
-85.1988,-4.73E-06
-85.1993,-4.73E-06
-85.1998,-4.73E-06
-85.2004,-4.73E-06
-85.2009,-4.73E-06
-85.2014,-4.73E-06
-85.2019,-4.73E-06
-85.2025,-4.73E-06
-85.203,-4.72E-06
-85.2035,-4.72E-06
-85.204,-4.72E-06
-85.2045,-4.72E-06
-85.2051,-4.72E-06
-85.2056,-4.72E-06
-85.2061,-4.72E-06
-85.2066,-4.72E-06
-85.2071,-4.72E-06
-85.2077,-4.72E-06
-85.2082,-4.72E-06
-85.2087,-4.72E-06
-85.2092,-4.72E-06
-85.2097,-4.72E-06
-85.2102,-4.72E-06
-85.2108,-4.72E-06
-85.2113,-4.72E-06
-85.2118,-4.72E-06
-85.2123,-4.72E-06
-85.2128,-4.72E-06
-85.2133,-4.72E-06
-85.2139,-4.72E-06
-85.2144,-4.72E-06
-85.2149,-4.71E-06
-85.2154,-4.71E-06
-85.2159,-4.71E-06
-85.2164,-4.71E-06
-85.2169,-4.71E-06
-85.2174,-4.71E-06
-85.218,-4.71E-06
-85.2185,-4.71E-06
-85.219,-4.71E-06
-85.2195,-4.71E-06
-85.22,-4.71E-06
-85.2205,-4.71E-06
-85.221,-4.71E-06
-85.2215,-4.71E-06
-85.222,-4.71E-06
-85.2225,-4.71E-06
-85.2231,-4.71E-06
-85.2236,-4.71E-06
-85.2241,-4.71E-06
-85.2246,-4.71E-06
-85.2251,-4.71E-06
-85.2256,-4.71E-06
-85.2261,-4.71E-06
-85.2266,-4.71E-06
-85.2271,-4.70E-06
-85.2276,-4.70E-06
-85.2281,-4.70E-06
-85.2286,-4.70E-06
-85.2291,-4.70E-06
-85.2296,-4.70E-06
-85.2301,-4.70E-06
-85.2306,-4.70E-06
-85.2311,-4.70E-06
-85.2316,-4.70E-06
-85.2322,-4.70E-06
-85.2327,-4.70E-06
-85.2332,-4.70E-06
-85.2337,-4.70E-06
-85.2342,-4.70E-06
-85.2347,-4.70E-06
-85.2352,-4.70E-06
-85.2357,-4.70E-06
-85.2362,-4.70E-06
-85.2367,-4.70E-06
-85.2372,-4.70E-06
-85.2377,-4.70E-06
-85.2382,-4.70E-06
-85.2387,-4.70E-06
-85.2392,-4.69E-06
-85.2397,-4.69E-06
-85.2402,-4.69E-06
-85.2406,-4.69E-06
-85.2411,-4.69E-06
-85.2416,-4.69E-06
-85.2421,-4.69E-06
-85.2426,-4.69E-06
-85.2431,-4.69E-06
-85.2436,-4.69E-06
-85.2441,-4.69E-06
-85.2446,-4.69E-06
-85.2451,-4.69E-06
-85.2456,-4.69E-06
-85.2461,-4.69E-06
-85.2466,-4.69E-06
-85.2471,-4.69E-06
-85.2476,-4.69E-06
-85.2481,-4.69E-06
-85.2486,-4.69E-06
-85.2491,-4.69E-06
-85.2495,-4.69E-06
-85.25,-4.69E-06
-85.2505,-4.69E-06
-85.251,-4.68E-06
-85.2515,-4.68E-06
-85.252,-4.68E-06
-85.2525,-4.68E-06
-85.253,-4.68E-06
-85.2535,-4.68E-06
-85.254,-4.68E-06
-85.2544,-4.68E-06
-85.2549,-4.68E-06
-85.2554,-4.68E-06
-85.2559,-4.68E-06
-85.2564,-4.68E-06
-85.2569,-4.68E-06
-85.2574,-4.68E-06
-85.2579,-4.68E-06
-85.2583,-4.68E-06
-85.2588,-4.68E-06
-85.2593,-4.68E-06
-85.2598,-4.68E-06
-85.2603,-4.68E-06
-85.2608,-4.68E-06
-85.2612,-4.68E-06
-85.2617,-4.68E-06
-85.2622,-4.68E-06
-85.2627,-4.67E-06
-85.2632,-4.67E-06
-85.2637,-4.67E-06
-85.2641,-4.67E-06
-85.2646,-4.67E-06
-85.2651,-4.67E-06
-85.2656,-4.67E-06
-85.2661,-4.67E-06
-85.2666,-4.67E-06
-85.267,-4.67E-06
-85.2675,-4.67E-06
-85.268,-4.67E-06
-85.2685,-4.67E-06
-85.269,-4.67E-06
-85.2694,-4.67E-06
-85.2699,-4.67E-06
-85.2704,-4.67E-06
-85.2709,-4.67E-06
-85.2714,-4.67E-06
-85.2718,-4.67E-06
-85.2723,-4.67E-06
-85.2728,-4.67E-06
-85.2733,-4.67E-06
-85.2737,-4.67E-06
-85.2742,-4.67E-06
-85.2747,-4.66E-06
-85.2752,-4.66E-06
-85.2756,-4.66E-06
-85.2761,-4.66E-06
-85.2766,-4.66E-06
-85.2771,-4.66E-06
-85.2775,-4.66E-06
-85.278,-4.66E-06
-85.2785,-4.66E-06
-85.279,-4.66E-06
-85.2794,-4.66E-06
-85.2799,-4.66E-06
-85.2804,-4.66E-06
-85.2809,-4.66E-06
-85.2813,-4.66E-06
-85.2818,-4.66E-06
-85.2823,-4.66E-06
-85.2827,-4.66E-06
-85.2832,-4.66E-06
-85.2837,-4.66E-06
-85.2842,-4.66E-06
-85.2846,-4.66E-06
-85.2851,-4.66E-06
-85.2856,-4.66E-06
-85.286,-4.66E-06
-85.2865,-4.66E-06
-85.287,-4.65E-06
-85.2874,-4.65E-06
-85.2879,-4.65E-06
-85.2884,-4.65E-06
-85.2888,-4.65E-06
-85.2893,-4.65E-06
-85.2898,-4.65E-06
-85.2902,-4.65E-06
-85.2907,-4.65E-06
-85.2912,-4.65E-06
-85.2916,-4.65E-06
-85.2921,-4.65E-06
-85.2926,-4.65E-06
-85.293,-4.65E-06
-85.2935,-4.65E-06
-85.294,-4.65E-06
-85.2944,-4.65E-06
-85.2949,-4.65E-06
-85.2954,-4.65E-06
-85.2958,-4.65E-06
-85.2963,-4.65E-06
-85.2967,-4.65E-06
-85.2972,-4.65E-06
-85.2977,-4.65E-06
-85.2981,-4.65E-06
-85.2986,-4.65E-06
-85.2991,-4.64E-06
-85.2995,-4.64E-06
-85.3,-4.64E-06
-85.3004,-4.64E-06
-85.3009,-4.64E-06
-85.3014,-4.64E-06
-85.3018,-4.64E-06
-85.3023,-4.64E-06
-85.3027,-4.64E-06
-85.3032,-4.64E-06
-85.3037,-4.64E-06
-85.3041,-4.64E-06
-85.3046,-4.64E-06
-85.305,-4.64E-06
-85.3055,-4.64E-06
-85.306,-4.64E-06
-85.3064,-4.64E-06
-85.3069,-4.64E-06
-85.3073,-4.64E-06
-85.3078,-4.64E-06
-85.3082,-4.64E-06
-85.3087,-4.64E-06
-85.3091,-4.64E-06
-85.3096,-4.64E-06
-85.3101,-4.64E-06
-85.3105,-4.64E-06
-85.311,-4.63E-06
-85.3114,-4.63E-06
-85.3119,-4.63E-06
-85.3123,-4.63E-06
-85.3128,-4.63E-06
-85.3132,-4.63E-06
-85.3137,-4.63E-06
-85.3141,-4.63E-06
-85.3146,-4.63E-06
-85.315,-4.63E-06
-85.3155,-4.63E-06
-85.316,-4.63E-06
-85.3164,-4.63E-06
-85.3169,-4.63E-06
-85.3173,-4.63E-06
-85.3178,-4.63E-06
-85.3182,-4.63E-06
-85.3187,-4.63E-06
-85.3191,-4.63E-06
-85.3196,-4.63E-06
-85.32,-4.63E-06
-85.3205,-4.63E-06
-85.3209,-4.63E-06
-85.3214,-4.63E-06
-85.3218,-4.63E-06
-85.3223,-4.63E-06
-85.3227,-4.62E-06
-85.3231,-4.62E-06
-85.3236,-4.62E-06
-85.324,-4.62E-06
-85.3245,-4.62E-06
-85.3249,-4.62E-06
-85.3254,-4.62E-06
-85.3258,-4.62E-06
-85.3263,-4.62E-06
-85.3267,-4.62E-06
-85.3272,-4.62E-06
-85.3276,-4.62E-06
-85.3281,-4.62E-06
-85.3285,-4.62E-06
-85.3289,-4.62E-06
-85.3294,-4.62E-06
-85.3298,-4.62E-06
-85.3303,-4.62E-06
-85.3307,-4.62E-06
-85.3312,-4.62E-06
-85.3316,-4.62E-06
-85.3321,-4.62E-06
-85.3325,-4.62E-06
-85.3329,-4.62E-06
-85.3334,-4.62E-06
-85.3338,-4.61E-06
-85.3343,-4.61E-06
-85.3347,-4.61E-06
-85.3351,-4.61E-06
-85.3356,-4.61E-06
-85.336,-4.61E-06
-85.3365,-4.61E-06
-85.3369,-4.61E-06
-85.3373,-4.61E-06
-85.3378,-4.61E-06
-85.3382,-4.61E-06
-85.3387,-4.61E-06
-85.3391,-4.61E-06
-85.3395,-4.61E-06
-85.34,-4.61E-06
-85.3404,-4.61E-06
-85.3409,-4.61E-06
-85.3413,-4.61E-06
-85.3417,-4.61E-06
-85.3422,-4.61E-06
-85.3426,-4.61E-06
-85.343,-4.61E-06
-85.3435,-4.61E-06
-85.3439,-4.61E-06
-85.3444,-4.60E-06
-85.3448,-4.60E-06
-85.3452,-4.60E-06
-85.3457,-4.60E-06
-85.3461,-4.60E-06
-85.3465,-4.60E-06
-85.347,-4.60E-06
-85.3474,-4.60E-06
-85.3478,-4.60E-06
-85.3483,-4.60E-06
-85.3487,-4.60E-06
-85.3491,-4.60E-06
-85.3496,-4.60E-06
-85.35,-4.60E-06
-85.3504,-4.60E-06
-85.3509,-4.60E-06
-85.3513,-4.60E-06
-85.3517,-4.60E-06
-85.3522,-4.60E-06
-85.3526,-4.60E-06
-85.353,-4.60E-06
-85.3535,-4.60E-06
-85.3539,-4.60E-06
-85.3543,-4.59E-06
-85.3548,-4.59E-06
-85.3552,-4.59E-06
-85.3556,-4.59E-06
-85.356,-4.59E-06
-85.3565,-4.59E-06
-85.3569,-4.59E-06
-85.3573,-4.59E-06
-85.3578,-4.59E-06
-85.3582,-4.59E-06
-85.3586,-4.59E-06
-85.359,-4.59E-06
-85.3595,-4.59E-06
-85.3599,-4.59E-06
-85.3603,-4.59E-06
-85.3608,-4.59E-06
-85.3612,-4.59E-06
-85.3616,-4.59E-06
-85.362,-4.59E-06
-85.3625,-4.59E-06
-85.3629,-4.59E-06
-85.3633,-4.59E-06
-85.3637,-4.59E-06
-85.3642,-4.59E-06
-85.3646,-4.59E-06
-85.365,-4.59E-06
-85.3654,-4.58E-06
-85.3659,-4.58E-06
-85.3663,-4.58E-06
-85.3667,-4.58E-06
-85.3671,-4.58E-06
-85.3676,-4.58E-06
-85.368,-4.58E-06
-85.3684,-4.58E-06
-85.3688,-4.58E-06
-85.3693,-4.58E-06
-85.3697,-4.58E-06
-85.3701,-4.58E-06
-85.3705,-4.58E-06
-85.3709,-4.58E-06
-85.3714,-4.58E-06
-85.3718,-4.58E-06
-85.3722,-4.58E-06
-85.3726,-4.58E-06
-85.3731,-4.58E-06
-85.3735,-4.58E-06
-85.3739,-4.58E-06
-85.3743,-4.58E-06
-85.3747,-4.58E-06
-85.3752,-4.58E-06
-85.3756,-4.58E-06
-85.376,-4.58E-06
-85.3764,-4.58E-06
-85.3768,-4.57E-06
-85.3772,-4.57E-06
-85.3777,-4.57E-06
-85.3781,-4.57E-06
-85.3785,-4.57E-06
-85.3789,-4.57E-06
-85.3793,-4.57E-06
-85.3798,-4.57E-06
-85.3802,-4.57E-06
-85.3806,-4.57E-06
-85.381,-4.57E-06
-85.3814,-4.57E-06
-85.3818,-4.57E-06
-85.3823,-4.57E-06
-85.3827,-4.57E-06
-85.3831,-4.57E-06
-85.3835,-4.57E-06
-85.3839,-4.57E-06
-85.3843,-4.57E-06
-85.3847,-4.57E-06
-85.3852,-4.57E-06
-85.3856,-4.57E-06
-85.386,-4.57E-06
-85.3864,-4.57E-06
-85.3868,-4.57E-06
-85.3872,-4.57E-06
-85.3876,-4.57E-06
-85.3881,-4.57E-06
-85.3885,-4.57E-06
-85.3889,-4.56E-06
-85.3893,-4.56E-06
-85.3897,-4.56E-06
-85.3901,-4.56E-06
-85.3905,-4.56E-06
-85.3909,-4.56E-06
-85.3914,-4.56E-06
-85.3918,-4.56E-06
-85.3922,-4.56E-06
-85.3926,-4.56E-06
-85.393,-4.56E-06
-85.3934,-4.56E-06
-85.3938,-4.56E-06
-85.3942,-4.56E-06
-85.3946,-4.56E-06
-85.3951,-4.56E-06
-85.3955,-4.56E-06
-85.3959,-4.56E-06
-85.3963,-4.56E-06
-85.3967,-4.56E-06
-85.3971,-4.56E-06
-85.3975,-4.56E-06
-85.3979,-4.56E-06
-85.3983,-4.56E-06
-85.3987,-4.56E-06
-85.3991,-4.56E-06
-85.3995,-4.56E-06
-85.4,-4.56E-06
-85.4004,-4.56E-06
-85.4008,-4.56E-06
-85.4012,-4.56E-06
-85.4016,-4.56E-06
-85.402,-4.56E-06
-85.4024,-4.56E-06
-85.4028,-4.56E-06
-85.4032,-4.56E-06
-85.4036,-4.56E-06
-85.404,-4.55E-06
-85.4044,-4.55E-06
-85.4048,-4.55E-06
-85.4052,-4.55E-06
-85.4056,-4.55E-06
-85.406,-4.55E-06
-85.4064,-4.55E-06
-85.4068,-4.55E-06
-85.4072,-4.55E-06
-85.4076,-4.55E-06
-85.4081,-4.55E-06
-85.4085,-4.55E-06
-85.4089,-4.55E-06
-85.4093,-4.55E-06
-85.4097,-4.55E-06
-85.4101,-4.55E-06
-85.4105,-4.55E-06
-85.4109,-4.55E-06
-85.4113,-4.55E-06
-85.4117,-4.55E-06
-85.4121,-4.55E-06
-85.4125,-4.55E-06
-85.4129,-4.55E-06
-85.4133,-4.55E-06
-85.4137,-4.55E-06
-85.4141,-4.55E-06
-85.4145,-4.55E-06
-85.4149,-4.55E-06
-85.4153,-4.55E-06
-85.4157,-4.54E-06
-85.4161,-4.54E-06
-85.4165,-4.54E-06
-85.4169,-4.54E-06
-85.4173,-4.54E-06
-85.4177,-4.54E-06
-85.4181,-4.54E-06
-85.4185,-4.54E-06
-85.4189,-4.54E-06
-85.4193,-4.54E-06
-85.4197,-4.54E-06
-85.4201,-4.54E-06
-85.4205,-4.54E-06
-85.4209,-4.54E-06
-85.4212,-4.54E-06
-85.4216,-4.54E-06
-85.422,-4.54E-06
-85.4224,-4.54E-06
-85.4228,-4.54E-06
-85.4232,-4.54E-06
-85.4236,-4.54E-06
-85.424,-4.54E-06
-85.4244,-4.54E-06
-85.4248,-4.54E-06
-85.4252,-4.54E-06
-85.4256,-4.53E-06
-85.426,-4.53E-06
-85.4264,-4.53E-06
-85.4268,-4.53E-06
-85.4272,-4.53E-06
-85.4276,-4.53E-06
-85.428,-4.53E-06
-85.4284,-4.53E-06
-85.4288,-4.53E-06
-85.4291,-4.53E-06
-85.4295,-4.53E-06
-85.4299,-4.53E-06
-85.4303,-4.53E-06
-85.4307,-4.53E-06
-85.4311,-4.53E-06
-85.4315,-4.53E-06
-85.4319,-4.53E-06
-85.4323,-4.53E-06
-85.4327,-4.53E-06
-85.4331,-4.53E-06
-85.4335,-4.53E-06
-85.4338,-4.53E-06
-85.4342,-4.52E-06
-85.4346,-4.52E-06
-85.435,-4.52E-06
-85.4354,-4.52E-06
-85.4358,-4.52E-06
-85.4362,-4.52E-06
-85.4366,-4.52E-06
-85.437,-4.52E-06
-85.4374,-4.52E-06
-85.4377,-4.52E-06
-85.4381,-4.52E-06
-85.4385,-4.52E-06
-85.4389,-4.52E-06
-85.4393,-4.52E-06
-85.4397,-4.52E-06
-85.4401,-4.52E-06
-85.4405,-4.52E-06
-85.4408,-4.52E-06
-85.4412,-4.52E-06
-85.4416,-4.51E-06
-85.442,-4.51E-06
-85.4424,-4.51E-06
-85.4428,-4.51E-06
-85.4432,-4.51E-06
-85.4436,-4.51E-06
-85.4439,-4.51E-06
-85.4443,-4.51E-06
-85.4447,-4.51E-06
-85.4451,-4.51E-06
-85.4455,-4.51E-06
-85.4459,-4.51E-06
-85.4463,-4.51E-06
-85.4466,-4.51E-06
-85.447,-4.51E-06
-85.4474,-4.50E-06
-85.4478,-4.50E-06
-85.4482,-4.50E-06
-85.4486,-4.50E-06
-85.4489,-4.50E-06
-85.4493,-4.50E-06
-85.4497,-4.50E-06
-85.4501,-4.50E-06
-85.4505,-4.50E-06
-85.4509,-4.50E-06
-85.4512,-4.50E-06
-85.4516,-4.50E-06
-85.452,-4.50E-06
-85.4524,-4.50E-06
-85.4528,-4.50E-06
-85.4532,-4.50E-06
-85.4535,-4.50E-06
-85.4539,-4.50E-06
-85.4543,-4.49E-06
-85.4547,-4.49E-06
-85.4551,-4.49E-06
-85.4554,-4.49E-06
-85.4558,-4.49E-06
-85.4562,-4.49E-06
-85.4566,-4.49E-06
-85.457,-4.49E-06
-85.4573,-4.49E-06
-85.4577,-4.49E-06
-85.4581,-4.49E-06
-85.4585,-4.49E-06
-85.4589,-4.49E-06
-85.4592,-4.49E-06
-85.4596,-4.49E-06
-85.46,-4.49E-06
-85.4604,-4.49E-06
-85.4608,-4.49E-06
-85.4611,-4.49E-06
-85.4615,-4.49E-06
-85.4619,-4.49E-06
-85.4623,-4.48E-06
-85.4626,-4.48E-06
-85.463,-4.48E-06
-85.4634,-4.48E-06
-85.4638,-4.48E-06
-85.4642,-4.48E-06
-85.4645,-4.48E-06
-85.4649,-4.48E-06
-85.4653,-4.48E-06
-85.4657,-4.48E-06
-85.466,-4.48E-06
-85.4664,-4.48E-06
-85.4668,-4.48E-06
-85.4672,-4.48E-06
-85.4675,-4.48E-06
-85.4679,-4.48E-06
-85.4683,-4.48E-06
-85.4687,-4.48E-06
-85.469,-4.48E-06
-85.4694,-4.48E-06
-85.4698,-4.48E-06
-85.4702,-4.48E-06
-85.4705,-4.48E-06
-85.4709,-4.48E-06
-85.4713,-4.48E-06
-85.4717,-4.48E-06
-85.472,-4.48E-06
-85.4724,-4.48E-06
-85.4728,-4.48E-06
-85.4732,-4.48E-06
-85.4735,-4.48E-06
-85.4739,-4.48E-06
-85.4743,-4.48E-06
-85.4746,-4.48E-06
-85.475,-4.48E-06
-85.4754,-4.48E-06
-85.4758,-4.48E-06
-85.4761,-4.48E-06
-85.4765,-4.48E-06
-85.4769,-4.48E-06
-85.4772,-4.48E-06
-85.4776,-4.48E-06
-85.478,-4.48E-06
-85.4784,-4.48E-06
-85.4787,-4.48E-06
-85.4791,-4.48E-06
-85.4795,-4.48E-06
-85.4798,-4.48E-06
-85.4802,-4.48E-06
-85.4806,-4.48E-06
-85.4809,-4.48E-06
-85.4813,-4.48E-06
-85.4817,-4.48E-06
-85.4821,-4.48E-06
-85.4824,-4.48E-06
-85.4828,-4.48E-06
-85.4832,-4.48E-06
-85.4835,-4.48E-06
-85.4839,-4.48E-06
-85.4843,-4.48E-06
-85.4846,-4.48E-06
-85.485,-4.48E-06
-85.4854,-4.48E-06
-85.4857,-4.48E-06
-85.4861,-4.48E-06
-85.4865,-4.48E-06
-85.4868,-4.48E-06
-85.4872,-4.48E-06
-85.4876,-4.48E-06
-85.4879,-4.48E-06
-85.4883,-4.48E-06
-85.4887,-4.48E-06
-85.489,-4.48E-06
-85.4894,-4.48E-06
-85.4898,-4.48E-06
-85.4901,-4.48E-06
-85.4905,-4.48E-06
-85.4909,-4.48E-06
-85.4912,-4.48E-06
-85.4916,-4.47E-06
-85.492,-4.47E-06
-85.4923,-4.47E-06
-85.4927,-4.47E-06
-85.4931,-4.47E-06
-85.4934,-4.47E-06
-85.4938,-4.47E-06
-85.4941,-4.47E-06
-85.4945,-4.47E-06
-85.4949,-4.47E-06
-85.4952,-4.47E-06
-85.4956,-4.47E-06
-85.496,-4.47E-06
-85.4963,-4.47E-06
-85.4967,-4.47E-06
-85.4971,-4.46E-06
-85.4974,-4.46E-06
-85.4978,-4.46E-06
-85.4981,-4.46E-06
-85.4985,-4.46E-06
-85.4989,-4.46E-06
-85.4992,-4.46E-06
-85.4996,-4.46E-06
-85.5,-4.46E-06
-85.5003,-4.46E-06
-85.5007,-4.46E-06
-85.501,-4.46E-06
-85.5014,-4.46E-06
-85.5018,-4.46E-06
-85.5021,-4.46E-06
-85.5025,-4.45E-06
-85.5028,-4.45E-06
-85.5032,-4.45E-06
-85.5036,-4.45E-06
-85.5039,-4.45E-06
-85.5043,-4.45E-06
-85.5046,-4.45E-06
-85.505,-4.45E-06
-85.5054,-4.45E-06
-85.5057,-4.45E-06
-85.5061,-4.45E-06
-85.5064,-4.45E-06
-85.5068,-4.45E-06
-85.5071,-4.45E-06
-85.5075,-4.45E-06
-85.5079,-4.45E-06
-85.5082,-4.45E-06
-85.5086,-4.45E-06
-85.5089,-4.45E-06
-85.5093,-4.45E-06
-85.5097,-4.45E-06
-85.51,-4.45E-06
-85.5104,-4.45E-06
-85.5107,-4.45E-06
-85.5111,-4.45E-06
-85.5114,-4.45E-06
-85.5118,-4.45E-06
-85.5122,-4.45E-06
-85.5125,-4.45E-06
-85.5129,-4.45E-06
-85.5132,-4.45E-06
-85.5136,-4.45E-06
-85.5139,-4.45E-06
-85.5143,-4.45E-06
-85.5146,-4.45E-06
-85.515,-4.45E-06
-85.5154,-4.45E-06
-85.5157,-4.45E-06
-85.5161,-4.45E-06
-85.5164,-4.45E-06
-85.5168,-4.45E-06
-85.5171,-4.44E-06
-85.5175,-4.44E-06
-85.5178,-4.44E-06
-85.5182,-4.44E-06
-85.5185,-4.44E-06
-85.5189,-4.44E-06
-85.5193,-4.44E-06
-85.5196,-4.44E-06
-85.52,-4.44E-06
-85.5203,-4.44E-06
-85.5207,-4.44E-06
-85.521,-4.44E-06
-85.5214,-4.44E-06
-85.5217,-4.44E-06
-85.5221,-4.44E-06
-85.5224,-4.44E-06
-85.5228,-4.44E-06
-85.5231,-4.44E-06
-85.5235,-4.44E-06
-85.5238,-4.44E-06
-85.5242,-4.44E-06
-85.5245,-4.43E-06
-85.5249,-4.43E-06
-85.5252,-4.43E-06
-85.5256,-4.43E-06
-85.5259,-4.43E-06
-85.5263,-4.43E-06
-85.5266,-4.43E-06
-85.527,-4.43E-06
-85.5273,-4.43E-06
-85.5277,-4.43E-06
-85.528,-4.43E-06
-85.5284,-4.43E-06
-85.5287,-4.43E-06
-85.5291,-4.43E-06
-85.5294,-4.43E-06
-85.5298,-4.43E-06
-85.5301,-4.43E-06
-85.5305,-4.43E-06
-85.5308,-4.43E-06
-85.5312,-4.43E-06
-85.5315,-4.43E-06
-85.5319,-4.42E-06
-85.5322,-4.42E-06
-85.5326,-4.42E-06
-85.5329,-4.42E-06
-85.5333,-4.42E-06
-85.5336,-4.42E-06
-85.534,-4.42E-06
-85.5343,-4.42E-06
-85.5347,-4.42E-06
-85.535,-4.42E-06
-85.5354,-4.42E-06
-85.5357,-4.42E-06
-85.5361,-4.42E-06
-85.5364,-4.42E-06
-85.5367,-4.42E-06
-85.5371,-4.42E-06
-85.5374,-4.42E-06
-85.5378,-4.42E-06
-85.5381,-4.42E-06
-85.5385,-4.42E-06
-85.5388,-4.42E-06
-85.5392,-4.42E-06
-85.5395,-4.42E-06
-85.5399,-4.42E-06
-85.5402,-4.42E-06
-85.5406,-4.42E-06
-85.5409,-4.42E-06
-85.5412,-4.42E-06
-85.5416,-4.42E-06
-85.5419,-4.42E-06
-85.5423,-4.41E-06
-85.5426,-4.41E-06
-85.543,-4.41E-06
-85.5433,-4.41E-06
-85.5437,-4.41E-06
-85.544,-4.41E-06
-85.5443,-4.41E-06
-85.5447,-4.41E-06
-85.545,-4.41E-06
-85.5454,-4.41E-06
-85.5457,-4.41E-06
-85.5461,-4.41E-06
-85.5464,-4.41E-06
-85.5467,-4.41E-06
-85.5471,-4.41E-06
-85.5474,-4.41E-06
-85.5478,-4.41E-06
-85.5481,-4.41E-06
-85.5485,-4.41E-06
-85.5488,-4.41E-06
-85.5491,-4.40E-06
-85.5495,-4.40E-06
-85.5498,-4.40E-06
-85.5502,-4.40E-06
-85.5505,-4.40E-06
-85.5508,-4.40E-06
-85.5512,-4.40E-06
-85.5515,-4.40E-06
-85.5519,-4.40E-06
-85.5522,-4.40E-06
-85.5525,-4.40E-06
-85.5529,-4.40E-06
-85.5532,-4.40E-06
-85.5536,-4.40E-06
-85.5539,-4.40E-06
-85.5542,-4.40E-06
-85.5546,-4.40E-06
-85.5549,-4.40E-06
-85.5553,-4.40E-06
-85.5556,-4.40E-06
-85.5559,-4.40E-06
-85.5563,-4.40E-06
-85.5566,-4.40E-06
-85.557,-4.40E-06
-85.5573,-4.40E-06
-85.5576,-4.40E-06
-85.558,-4.40E-06
-85.5583,-4.40E-06
-85.5587,-4.40E-06
-85.559,-4.40E-06
-85.5593,-4.40E-06
-85.5597,-4.40E-06
-85.56,-4.40E-06
-85.5603,-4.40E-06
-85.5607,-4.40E-06
-85.561,-4.40E-06
-85.5614,-4.40E-06
-85.5617,-4.40E-06
-85.562,-4.40E-06
-85.5624,-4.40E-06
-85.5627,-4.40E-06
-85.563,-4.40E-06
-85.5634,-4.40E-06
-85.5637,-4.40E-06
-85.564,-4.40E-06
-85.5644,-4.39E-06
-85.5647,-4.39E-06
-85.5651,-4.39E-06
-85.5654,-4.39E-06
-85.5657,-4.39E-06
-85.5661,-4.39E-06
-85.5664,-4.39E-06
-85.5667,-4.39E-06
-85.5671,-4.39E-06
-85.5674,-4.39E-06
-85.5677,-4.39E-06
-85.5681,-4.39E-06
-85.5684,-4.39E-06
-85.5687,-4.39E-06
-85.5691,-4.39E-06
-85.5694,-4.39E-06
-85.5697,-4.39E-06
-85.5701,-4.39E-06
-85.5704,-4.39E-06
-85.5707,-4.39E-06
-85.5711,-4.39E-06
-85.5714,-4.38E-06
-85.5717,-4.38E-06
-85.5721,-4.38E-06
-85.5724,-4.38E-06
-85.5727,-4.38E-06
-85.5731,-4.38E-06
-85.5734,-4.38E-06
-85.5737,-4.38E-06
-85.5741,-4.38E-06
-85.5744,-4.38E-06
-85.5747,-4.38E-06
-85.5751,-4.38E-06
-85.5754,-4.38E-06
-85.5757,-4.38E-06
-85.5761,-4.38E-06
-85.5764,-4.38E-06
-85.5767,-4.38E-06
-85.5771,-4.38E-06
-85.5774,-4.38E-06
-85.5777,-4.38E-06
-85.5781,-4.38E-06
-85.5784,-4.38E-06
-85.5787,-4.38E-06
-85.579,-4.38E-06
-85.5794,-4.38E-06
-85.5797,-4.38E-06
-85.58,-4.38E-06
-85.5804,-4.38E-06
-85.5807,-4.38E-06
-85.581,-4.38E-06
-85.5814,-4.37E-06
-85.5817,-4.37E-06
-85.582,-4.37E-06
-85.5823,-4.37E-06
-85.5827,-4.37E-06
-85.583,-4.37E-06
-85.5833,-4.37E-06
-85.5837,-4.37E-06
-85.584,-4.37E-06
-85.5843,-4.37E-06
-85.5846,-4.37E-06
-85.585,-4.37E-06
-85.5853,-4.37E-06
-85.5856,-4.37E-06
-85.586,-4.37E-06
-85.5863,-4.37E-06
-85.5866,-4.37E-06
-85.5869,-4.37E-06
-85.5873,-4.37E-06
-85.5876,-4.36E-06
-85.5879,-4.36E-06
-85.5883,-4.36E-06
-85.5886,-4.36E-06
-85.5889,-4.36E-06
-85.5892,-4.36E-06
-85.5896,-4.36E-06
-85.5899,-4.36E-06
-85.5902,-4.36E-06
-85.5905,-4.36E-06
-85.5909,-4.36E-06
-85.5912,-4.36E-06
-85.5915,-4.36E-06
-85.5918,-4.36E-06
-85.5922,-4.36E-06
-85.5925,-4.36E-06
-85.5928,-4.36E-06
-85.5931,-4.36E-06
-85.5935,-4.36E-06
-85.5938,-4.36E-06
-85.5941,-4.36E-06
-85.5944,-4.36E-06
-85.5948,-4.36E-06
-85.5951,-4.36E-06
-85.5954,-4.36E-06
-85.5957,-4.36E-06
-85.5961,-4.36E-06
-85.5964,-4.36E-06
-85.5967,-4.36E-06
-85.597,-4.36E-06
-85.5974,-4.36E-06
-85.5977,-4.36E-06
-85.598,-4.36E-06
-85.5983,-4.36E-06
-85.5987,-4.36E-06
-85.599,-4.36E-06
-85.5993,-4.36E-06
-85.5996,-4.36E-06
-85.6,-4.36E-06
-85.6003,-4.36E-06
-85.6006,-4.36E-06
-85.6009,-4.36E-06
-85.6012,-4.36E-06
-85.6016,-4.36E-06
-85.6019,-4.35E-06
-85.6022,-4.35E-06
-85.6025,-4.35E-06
-85.6029,-4.35E-06
-85.6032,-4.35E-06
-85.6035,-4.35E-06
-85.6038,-4.35E-06
-85.6041,-4.35E-06
-85.6045,-4.35E-06
-85.6048,-4.35E-06
-85.6051,-4.35E-06
-85.6054,-4.35E-06
-85.6058,-4.35E-06
-85.6061,-4.35E-06
-85.6064,-4.35E-06
-85.6067,-4.35E-06
-85.607,-4.35E-06
-85.6074,-4.35E-06
-85.6077,-4.35E-06
-85.608,-4.35E-06
-85.6083,-4.35E-06
-85.6086,-4.35E-06
-85.609,-4.35E-06
-85.6093,-4.35E-06
-85.6096,-4.35E-06
-85.6099,-4.35E-06
-85.6102,-4.35E-06
-85.6106,-4.35E-06
-85.6109,-4.35E-06
-85.6112,-4.35E-06
-85.6115,-4.35E-06
-85.6118,-4.35E-06
-85.6122,-4.35E-06
-85.6125,-4.35E-06
-85.6128,-4.35E-06
-85.6131,-4.35E-06
-85.6134,-4.35E-06
-85.6137,-4.34E-06
-85.6141,-4.34E-06
-85.6144,-4.34E-06
-85.6147,-4.34E-06
-85.615,-4.34E-06
-85.6153,-4.34E-06
-85.6157,-4.34E-06
-85.616,-4.34E-06
-85.6163,-4.34E-06
-85.6166,-4.34E-06
-85.6169,-4.33E-06
-85.6172,-4.33E-06
-85.6176,-4.33E-06
-85.6179,-4.33E-06
-85.6182,-4.33E-06
-85.6185,-4.33E-06
-85.6188,-4.33E-06
-85.6191,-4.33E-06
-85.6195,-4.33E-06
-85.6198,-4.32E-06
-85.6201,-4.32E-06
-85.6204,-4.32E-06
-85.6207,-4.32E-06
-85.621,-4.32E-06
-85.6213,-4.32E-06
-85.6217,-4.32E-06
-85.622,-4.32E-06
-85.6223,-4.32E-06
-85.6226,-4.33E-06
-85.6229,-4.33E-06
-85.6232,-4.33E-06
-85.6236,-4.33E-06
-85.6239,-4.33E-06
-85.6242,-4.33E-06
-85.6245,-4.33E-06
-85.6248,-4.33E-06
-85.6251,-4.33E-06
-85.6254,-4.33E-06
-85.6258,-4.33E-06
-85.6261,-4.33E-06
-85.6264,-4.33E-06
-85.6267,-4.33E-06
-85.627,-4.33E-06
-85.6273,-4.33E-06
-85.6276,-4.33E-06
-85.628,-4.32E-06
-85.6283,-4.32E-06
-85.6286,-4.32E-06
-85.6289,-4.32E-06
-85.6292,-4.32E-06
-85.6295,-4.32E-06
-85.6298,-4.32E-06
-85.6301,-4.32E-06
-85.6305,-4.32E-06
-85.6308,-4.32E-06
-85.6311,-4.32E-06
-85.6314,-4.32E-06
-85.6317,-4.32E-06
-85.632,-4.32E-06
-85.6323,-4.32E-06
-85.6326,-4.32E-06
-85.633,-4.32E-06
-85.6333,-4.32E-06
-85.6336,-4.32E-06
-85.6339,-4.32E-06
-85.6342,-4.32E-06
-85.6345,-4.32E-06
-85.6348,-4.32E-06
-85.6351,-4.32E-06
-85.6354,-4.32E-06
-85.6358,-4.32E-06
-85.6361,-4.32E-06
-85.6364,-4.32E-06
-85.6367,-4.31E-06
-85.637,-4.31E-06
-85.6373,-4.31E-06
-85.6376,-4.31E-06
-85.6379,-4.31E-06
-85.6382,-4.31E-06
-85.6386,-4.31E-06
-85.6389,-4.31E-06
-85.6392,-4.31E-06
-85.6395,-4.31E-06
-85.6398,-4.31E-06
-85.6401,-4.31E-06
-85.6404,-4.31E-06
-85.6407,-4.31E-06
-85.641,-4.31E-06
-85.6413,-4.31E-06
-85.6416,-4.31E-06
-85.642,-4.31E-06
-85.6423,-4.31E-06
-85.6426,-4.31E-06
-85.6429,-4.31E-06
-85.6432,-4.31E-06
-85.6435,-4.31E-06
-85.6438,-4.31E-06
-85.6441,-4.31E-06
-85.6444,-4.31E-06
-85.6447,-4.31E-06
-85.645,-4.31E-06
-85.6453,-4.31E-06
-85.6457,-4.31E-06
-85.646,-4.30E-06
-85.6463,-4.30E-06
-85.6466,-4.30E-06
-85.6469,-4.30E-06
-85.6472,-4.30E-06
-85.6475,-4.30E-06
-85.6478,-4.30E-06
-85.6481,-4.30E-06
-85.6484,-4.30E-06
-85.6487,-4.30E-06
-85.649,-4.30E-06
-85.6493,-4.30E-06
-85.6496,-4.30E-06
-85.6499,-4.30E-06
-85.6503,-4.30E-06
-85.6506,-4.30E-06
-85.6509,-4.30E-06
-85.6512,-4.30E-06
-85.6515,-4.30E-06
-85.6518,-4.30E-06
-85.6521,-4.30E-06
-85.6524,-4.30E-06
-85.6527,-4.30E-06
-85.653,-4.30E-06
-85.6533,-4.30E-06
-85.6536,-4.30E-06
-85.6539,-4.30E-06
-85.6542,-4.30E-06
-85.6545,-4.30E-06
-85.6548,-4.29E-06
-85.6551,-4.29E-06
-85.6554,-4.29E-06
-85.6557,-4.29E-06
-85.6561,-4.29E-06
-85.6564,-4.29E-06
-85.6567,-4.29E-06
-85.657,-4.29E-06
-85.6573,-4.29E-06
-85.6576,-4.29E-06
-85.6579,-4.29E-06
-85.6582,-4.29E-06
-85.6585,-4.29E-06
-85.6588,-4.29E-06
-85.6591,-4.29E-06
-85.6594,-4.29E-06
-85.6597,-4.29E-06
-85.66,-4.29E-06
-85.6603,-4.29E-06
-85.6606,-4.29E-06
-85.6609,-4.29E-06
-85.6612,-4.29E-06
-85.6615,-4.29E-06
-85.6618,-4.29E-06
-85.6621,-4.29E-06
-85.6624,-4.29E-06
-85.6627,-4.29E-06
-85.663,-4.29E-06
-85.6633,-4.28E-06
-85.6636,-4.28E-06
-85.6639,-4.28E-06
-85.6642,-4.28E-06
-85.6645,-4.28E-06
-85.6648,-4.28E-06
-85.6651,-4.28E-06
-85.6654,-4.28E-06
-85.6657,-4.28E-06
-85.666,-4.28E-06
-85.6663,-4.28E-06
-85.6666,-4.28E-06
-85.6669,-4.28E-06
-85.6672,-4.28E-06
-85.6675,-4.28E-06
-85.6678,-4.28E-06
-85.6681,-4.28E-06
-85.6684,-4.28E-06
-85.6687,-4.28E-06
-85.669,-4.28E-06
-85.6693,-4.28E-06
-85.6696,-4.28E-06
-85.6699,-4.28E-06
-85.6702,-4.28E-06
-85.6705,-4.28E-06
-85.6708,-4.28E-06
-85.6711,-4.28E-06
-85.6714,-4.28E-06
-85.6717,-4.28E-06
-85.672,-4.27E-06
-85.6723,-4.27E-06
-85.6726,-4.27E-06
-85.6729,-4.27E-06
-85.6732,-4.27E-06
-85.6735,-4.27E-06
-85.6738,-4.27E-06
-85.6741,-4.27E-06
-85.6744,-4.27E-06
-85.6747,-4.27E-06
-85.675,-4.27E-06
-85.6753,-4.27E-06
-85.6756,-4.27E-06
-85.6759,-4.27E-06
-85.6762,-4.27E-06
-85.6765,-4.27E-06
-85.6768,-4.27E-06
-85.6771,-4.27E-06
-85.6774,-4.27E-06
-85.6777,-4.27E-06
-85.678,-4.27E-06
-85.6783,-4.27E-06
-85.6786,-4.27E-06
-85.6789,-4.27E-06
-85.6792,-4.27E-06
-85.6795,-4.27E-06
-85.6798,-4.27E-06
-85.6801,-4.27E-06
-85.6804,-4.27E-06
-85.6807,-4.26E-06
-85.681,-4.26E-06
-85.6813,-4.26E-06
-85.6816,-4.26E-06
-85.6819,-4.26E-06
-85.6822,-4.26E-06
-85.6825,-4.26E-06
-85.6828,-4.26E-06
-85.6831,-4.26E-06
-85.6833,-4.26E-06
-85.6836,-4.26E-06
-85.6839,-4.26E-06
-85.6842,-4.26E-06
-85.6845,-4.26E-06
-85.6848,-4.26E-06
-85.6851,-4.26E-06
-85.6854,-4.26E-06
-85.6857,-4.26E-06
-85.686,-4.26E-06
-85.6863,-4.26E-06
-85.6866,-4.26E-06
-85.6869,-4.26E-06
-85.6872,-4.26E-06
-85.6875,-4.26E-06
-85.6878,-4.26E-06
-85.6881,-4.26E-06
-85.6884,-4.26E-06
-85.6887,-4.26E-06
-85.6889,-4.26E-06
-85.6892,-4.26E-06
-85.6895,-4.25E-06
-85.6898,-4.25E-06
-85.6901,-4.25E-06
-85.6904,-4.25E-06
-85.6907,-4.25E-06
-85.691,-4.25E-06
-85.6913,-4.25E-06
-85.6916,-4.25E-06
-85.6919,-4.25E-06
-85.6922,-4.25E-06
-85.6925,-4.25E-06
-85.6928,-4.25E-06
-85.6931,-4.25E-06
-85.6933,-4.25E-06
-85.6936,-4.25E-06
-85.6939,-4.25E-06
-85.6942,-4.25E-06
-85.6945,-4.25E-06
-85.6948,-4.25E-06
-85.6951,-4.25E-06
-85.6954,-4.25E-06
-85.6957,-4.25E-06
-85.696,-4.25E-06
-85.6963,-4.25E-06
-85.6966,-4.25E-06
-85.6969,-4.25E-06
-85.6971,-4.25E-06
-85.6974,-4.25E-06
-85.6977,-4.25E-06
-85.698,-4.24E-06
-85.6983,-4.24E-06
-85.6986,-4.24E-06
-85.6989,-4.24E-06
-85.6992,-4.24E-06
-85.6995,-4.24E-06
-85.6998,-4.24E-06
-85.7001,-4.24E-06
-85.7003,-4.24E-06
-85.7006,-4.24E-06
-85.7009,-4.24E-06
-85.7012,-4.24E-06
-85.7015,-4.24E-06
-85.7018,-4.24E-06
-85.7021,-4.24E-06
-85.7024,-4.24E-06
-85.7027,-4.24E-06
-85.703,-4.24E-06
-85.7032,-4.24E-06
-85.7035,-4.24E-06
-85.7038,-4.24E-06
-85.7041,-4.24E-06
-85.7044,-4.24E-06
-85.7047,-4.24E-06
-85.705,-4.24E-06
-85.7053,-4.24E-06
-85.7056,-4.24E-06
-85.7059,-4.24E-06
-85.7061,-4.24E-06
-85.7064,-4.23E-06
-85.7067,-4.23E-06
-85.707,-4.23E-06
-85.7073,-4.23E-06
-85.7076,-4.23E-06
-85.7079,-4.23E-06
-85.7082,-4.23E-06
-85.7084,-4.23E-06
-85.7087,-4.23E-06
-85.709,-4.23E-06
-85.7093,-4.23E-06
-85.7096,-4.23E-06
-85.7099,-4.23E-06
-85.7102,-4.23E-06
-85.7105,-4.23E-06
-85.7108,-4.23E-06
-85.711,-4.23E-06
-85.7113,-4.23E-06
-85.7116,-4.23E-06
-85.7119,-4.23E-06
-85.7122,-4.23E-06
-85.7125,-4.23E-06
-85.7128,-4.23E-06
-85.713,-4.23E-06
-85.7133,-4.23E-06
-85.7136,-4.23E-06
-85.7139,-4.23E-06
-85.7142,-4.23E-06
-85.7145,-4.23E-06
-85.7148,-4.23E-06
-85.7151,-4.22E-06
-85.7153,-4.22E-06
-85.7156,-4.22E-06
-85.7159,-4.22E-06
-85.7162,-4.22E-06
-85.7165,-4.22E-06
-85.7168,-4.22E-06
-85.7171,-4.22E-06
-85.7173,-4.22E-06
-85.7176,-4.22E-06
-85.7179,-4.22E-06
-85.7182,-4.22E-06
-85.7185,-4.22E-06
-85.7188,-4.22E-06
-85.7191,-4.22E-06
-85.7193,-4.22E-06
-85.7196,-4.22E-06
-85.7199,-4.22E-06
-85.7202,-4.22E-06
-85.7205,-4.22E-06
-85.7208,-4.22E-06
-85.721,-4.22E-06
-85.7213,-4.22E-06
-85.7216,-4.22E-06
-85.7219,-4.22E-06
-85.7222,-4.22E-06
-85.7225,-4.22E-06
-85.7228,-4.22E-06
-85.723,-4.22E-06
-85.7233,-4.21E-06
-85.7236,-4.21E-06
-85.7239,-4.21E-06
-85.7242,-4.21E-06
-85.7245,-4.21E-06
-85.7247,-4.21E-06
-85.725,-4.21E-06
-85.7253,-4.21E-06
-85.7256,-4.21E-06
-85.7259,-4.21E-06
-85.7262,-4.21E-06
-85.7264,-4.21E-06
-85.7267,-4.21E-06
-85.727,-4.21E-06
-85.7273,-4.21E-06
-85.7276,-4.21E-06
-85.7279,-4.21E-06
-85.7281,-4.21E-06
-85.7284,-4.21E-06
-85.7287,-4.21E-06
-85.729,-4.21E-06
-85.7293,-4.21E-06
-85.7295,-4.21E-06
-85.7298,-4.21E-06
-85.7301,-4.21E-06
-85.7304,-4.21E-06
-85.7307,-4.21E-06
-85.731,-4.21E-06
-85.7312,-4.20E-06
-85.7315,-4.20E-06
-85.7318,-4.20E-06
-85.7321,-4.20E-06
-85.7324,-4.20E-06
-85.7326,-4.20E-06
-85.7329,-4.20E-06
-85.7332,-4.20E-06
-85.7335,-4.20E-06
-85.7338,-4.20E-06
-85.734,-4.20E-06
-85.7343,-4.20E-06
-85.7346,-4.20E-06
-85.7349,-4.20E-06
-85.7352,-4.20E-06
-85.7354,-4.20E-06
-85.7357,-4.20E-06
-85.736,-4.20E-06
-85.7363,-4.20E-06
-85.7366,-4.20E-06
-85.7368,-4.20E-06
-85.7371,-4.20E-06
-85.7374,-4.20E-06
-85.7377,-4.20E-06
-85.738,-4.20E-06
-85.7382,-4.20E-06
-85.7385,-4.20E-06
-85.7388,-4.20E-06
-85.7391,-4.20E-06
-85.7394,-4.19E-06
-85.7396,-4.19E-06
-85.7399,-4.19E-06
-85.7402,-4.19E-06
-85.7405,-4.19E-06
-85.7408,-4.19E-06
-85.741,-4.19E-06
-85.7413,-4.19E-06
-85.7416,-4.19E-06
-85.7419,-4.19E-06
-85.7422,-4.19E-06
-85.7424,-4.19E-06
-85.7427,-4.19E-06
-85.743,-4.19E-06
-85.7433,-4.19E-06
-85.7435,-4.19E-06
-85.7438,-4.19E-06
-85.7441,-4.19E-06
-85.7444,-4.19E-06
-85.7447,-4.19E-06
-85.7449,-4.19E-06
-85.7452,-4.19E-06
-85.7455,-4.19E-06
-85.7458,-4.19E-06
-85.746,-4.19E-06
-85.7463,-4.19E-06
-85.7466,-4.19E-06
-85.7469,-4.19E-06
-85.7472,-4.19E-06
-85.7474,-4.19E-06
-85.7477,-4.18E-06
-85.748,-4.18E-06
-85.7483,-4.18E-06
-85.7485,-4.18E-06
-85.7488,-4.18E-06
-85.7491,-4.18E-06
-85.7494,-4.18E-06
-85.7496,-4.18E-06
-85.7499,-4.18E-06
-85.7502,-4.18E-06
-85.7505,-4.18E-06
-85.7508,-4.18E-06
-85.751,-4.18E-06
-85.7513,-4.18E-06
-85.7516,-4.18E-06
-85.7519,-4.18E-06
-85.7521,-4.18E-06
-85.7524,-4.18E-06
-85.7527,-4.18E-06
-85.753,-4.18E-06
-85.7532,-4.18E-06
-85.7535,-4.18E-06
-85.7538,-4.18E-06
-85.7541,-4.18E-06
-85.7543,-4.18E-06
-85.7546,-4.18E-06
-85.7549,-4.18E-06
-85.7552,-4.18E-06
-85.7554,-4.18E-06
-85.7557,-4.17E-06
-85.756,-4.17E-06
-85.7563,-4.17E-06
-85.7565,-4.17E-06
-85.7568,-4.17E-06
-85.7571,-4.17E-06
-85.7574,-4.17E-06
-85.7576,-4.17E-06
-85.7579,-4.17E-06
-85.7582,-4.17E-06
-85.7585,-4.17E-06
-85.7587,-4.17E-06
-85.759,-4.17E-06
-85.7593,-4.17E-06
-85.7595,-4.17E-06
-85.7598,-4.17E-06
-85.7601,-4.17E-06
-85.7604,-4.17E-06
-85.7606,-4.17E-06
-85.7609,-4.17E-06
-85.7612,-4.17E-06
-85.7615,-4.17E-06
-85.7617,-4.17E-06
-85.762,-4.17E-06
-85.7623,-4.17E-06
-85.7626,-4.17E-06
-85.7628,-4.17E-06
-85.7631,-4.17E-06
-85.7634,-4.17E-06
-85.7636,-4.17E-06
-85.7639,-4.16E-06
-85.7642,-4.16E-06
-85.7645,-4.16E-06
-85.7647,-4.16E-06
-85.765,-4.16E-06
-85.7653,-4.16E-06
-85.7655,-4.16E-06
-85.7658,-4.16E-06
-85.7661,-4.16E-06
-85.7664,-4.16E-06
-85.7666,-4.16E-06
-85.7669,-4.16E-06
-85.7672,-4.16E-06
-85.7675,-4.16E-06
-85.7677,-4.16E-06
-85.768,-4.16E-06
-85.7683,-4.16E-06
-85.7685,-4.16E-06
-85.7688,-4.16E-06
-85.7691,-4.16E-06
-85.7693,-4.16E-06
-85.7696,-4.16E-06
-85.7699,-4.16E-06
-85.7702,-4.16E-06
-85.7704,-4.16E-06
-85.7707,-4.16E-06
-85.771,-4.16E-06
-85.7712,-4.16E-06
-85.7715,-4.16E-06
-85.7718,-4.15E-06
-85.7721,-4.15E-06
-85.7723,-4.15E-06
-85.7726,-4.15E-06
-85.7729,-4.15E-06
-85.7731,-4.15E-06
-85.7734,-4.15E-06
-85.7737,-4.15E-06
-85.7739,-4.15E-06
-85.7742,-4.15E-06
-85.7745,-4.15E-06
-85.7748,-4.15E-06
-85.775,-4.15E-06
-85.7753,-4.15E-06
-85.7756,-4.15E-06
-85.7758,-4.15E-06
-85.7761,-4.15E-06
-85.7764,-4.15E-06
-85.7766,-4.15E-06
-85.7769,-4.15E-06
-85.7772,-4.15E-06
-85.7774,-4.15E-06
-85.7777,-4.15E-06
-85.778,-4.15E-06
-85.7783,-4.15E-06
-85.7785,-4.15E-06
-85.7788,-4.15E-06
-85.7791,-4.15E-06
-85.7793,-4.15E-06
-85.7796,-4.14E-06
-85.7799,-4.14E-06
-85.7801,-4.14E-06
-85.7804,-4.14E-06
-85.7807,-4.14E-06
-85.7809,-4.14E-06
-85.7812,-4.14E-06
-85.7815,-4.14E-06
-85.7817,-4.14E-06
-85.782,-4.14E-06
-85.7823,-4.14E-06
-85.7825,-4.14E-06
-85.7828,-4.14E-06
-85.7831,-4.14E-06
-85.7833,-4.14E-06
-85.7836,-4.14E-06
-85.7839,-4.14E-06
-85.7841,-4.14E-06
-85.7844,-4.14E-06
-85.7847,-4.14E-06
-85.7849,-4.14E-06
-85.7852,-4.14E-06
-85.7855,-4.14E-06
-85.7857,-4.14E-06
-85.786,-4.14E-06
-85.7863,-4.14E-06
-85.7865,-4.14E-06
-85.7868,-4.14E-06
-85.7871,-4.14E-06
-85.7873,-4.13E-06
-85.7876,-4.13E-06
-85.7879,-4.13E-06
-85.7881,-4.13E-06
-85.7884,-4.13E-06
-85.7887,-4.13E-06
-85.7889,-4.13E-06
-85.7892,-4.13E-06
-85.7895,-4.13E-06
-85.7897,-4.13E-06
-85.79,-4.13E-06
-85.7903,-4.13E-06
-85.7905,-4.13E-06
-85.7908,-4.13E-06
-85.7911,-4.13E-06
-85.7913,-4.13E-06
-85.7916,-4.13E-06
-85.7919,-4.13E-06
-85.7921,-4.13E-06
-85.7924,-4.13E-06
-85.7927,-4.13E-06
-85.7929,-4.13E-06
-85.7932,-4.13E-06
-85.7934,-4.13E-06
-85.7937,-4.13E-06
-85.794,-4.13E-06
-85.7942,-4.13E-06
-85.7945,-4.13E-06
-85.7948,-4.13E-06
-85.795,-4.13E-06
-85.7953,-4.12E-06
-85.7956,-4.12E-06
-85.7958,-4.12E-06
-85.7961,-4.12E-06
-85.7964,-4.12E-06
-85.7966,-4.12E-06
-85.7969,-4.12E-06
-85.7971,-4.12E-06
-85.7974,-4.12E-06
-85.7977,-4.12E-06
-85.7979,-4.12E-06
-85.7982,-4.12E-06
-85.7985,-4.12E-06
-85.7987,-4.12E-06
-85.799,-4.12E-06
-85.7993,-4.12E-06
-85.7995,-4.12E-06
-85.7998,-4.12E-06
-85.8,-4.12E-06
-85.8003,-4.12E-06
-85.8006,-4.12E-06
-85.8008,-4.12E-06
-85.8011,-4.12E-06
-85.8014,-4.12E-06
-85.8016,-4.12E-06
-85.8019,-4.12E-06
-85.8021,-4.12E-06
-85.8024,-4.12E-06
-85.8027,-4.12E-06
-85.8029,-4.12E-06
-85.8032,-4.11E-06
-85.8035,-4.11E-06
-85.8037,-4.11E-06
-85.804,-4.11E-06
-85.8042,-4.11E-06
-85.8045,-4.11E-06
-85.8048,-4.11E-06
-85.805,-4.11E-06
-85.8053,-4.11E-06
-85.8055,-4.11E-06
-85.8058,-4.11E-06
-85.8061,-4.11E-06
-85.8063,-4.11E-06
-85.8066,-4.11E-06
-85.8069,-4.11E-06
-85.8071,-4.11E-06
-85.8074,-4.11E-06
-85.8076,-4.11E-06
-85.8079,-4.11E-06
-85.8082,-4.11E-06
-85.8084,-4.11E-06
-85.8087,-4.11E-06
-85.8089,-4.11E-06
-85.8092,-4.11E-06
-85.8095,-4.11E-06
-85.8097,-4.11E-06
-85.81,-4.11E-06
-85.8102,-4.11E-06
-85.8105,-4.11E-06
-85.8108,-4.11E-06
-85.811,-4.10E-06
-85.8113,-4.10E-06
-85.8115,-4.10E-06
-85.8118,-4.10E-06
-85.8121,-4.10E-06
-85.8123,-4.10E-06
-85.8126,-4.10E-06
-85.8128,-4.10E-06
-85.8131,-4.10E-06
-85.8134,-4.10E-06
-85.8136,-4.10E-06
-85.8139,-4.10E-06
-85.8141,-4.10E-06
-85.8144,-4.10E-06
-85.8147,-4.10E-06
-85.8149,-4.10E-06
-85.8152,-4.10E-06
-85.8154,-4.10E-06
-85.8157,-4.10E-06
-85.8159,-4.10E-06
-85.8162,-4.10E-06
-85.8165,-4.10E-06
-85.8167,-4.10E-06
-85.817,-4.10E-06
-85.8172,-4.10E-06
-85.8175,-4.10E-06
-85.8178,-4.10E-06
-85.818,-4.10E-06
-85.8183,-4.10E-06
-85.8185,-4.10E-06
-85.8188,-4.09E-06
-85.819,-4.09E-06
-85.8193,-4.09E-06
-85.8196,-4.09E-06
-85.8198,-4.09E-06
-85.8201,-4.09E-06
-85.8203,-4.09E-06
-85.8206,-4.09E-06
-85.8209,-4.09E-06
-85.8211,-4.09E-06
-85.8214,-4.09E-06
-85.8216,-4.09E-06
-85.8219,-4.09E-06
-85.8221,-4.09E-06
-85.8224,-4.09E-06
-85.8227,-4.09E-06
-85.8229,-4.09E-06
-85.8232,-4.09E-06
-85.8234,-4.09E-06
-85.8237,-4.09E-06
-85.8239,-4.09E-06
-85.8242,-4.09E-06
-85.8245,-4.09E-06
-85.8247,-4.09E-06
-85.825,-4.09E-06
-85.8252,-4.09E-06
-85.8255,-4.09E-06
-85.8257,-4.09E-06
-85.826,-4.09E-06
-85.8262,-4.08E-06
-85.8265,-4.08E-06
-85.8268,-4.08E-06
-85.827,-4.08E-06
-85.8273,-4.08E-06
-85.8275,-4.08E-06
-85.8278,-4.08E-06
-85.828,-4.08E-06
-85.8283,-4.08E-06
-85.8286,-4.08E-06
-85.8288,-4.08E-06
-85.8291,-4.08E-06
-85.8293,-4.08E-06
-85.8296,-4.08E-06
-85.8298,-4.08E-06
-85.8301,-4.08E-06
-85.8303,-4.08E-06
-85.8306,-4.08E-06
-85.8308,-4.08E-06
-85.8311,-4.08E-06
-85.8314,-4.08E-06
-85.8316,-4.08E-06
-85.8319,-4.08E-06
-85.8321,-4.08E-06
-85.8324,-4.08E-06
-85.8326,-4.08E-06
-85.8329,-4.08E-06
-85.8331,-4.08E-06
-85.8334,-4.08E-06
-85.8336,-4.08E-06
-85.8339,-4.07E-06
-85.8342,-4.07E-06
-85.8344,-4.07E-06
-85.8347,-4.07E-06
-85.8349,-4.07E-06
-85.8352,-4.07E-06
-85.8354,-4.07E-06
-85.8357,-4.07E-06
-85.8359,-4.07E-06
-85.8362,-4.07E-06
-85.8364,-4.07E-06
-85.8367,-4.07E-06
-85.8369,-4.07E-06
-85.8372,-4.07E-06
-85.8375,-4.07E-06
-85.8377,-4.07E-06
-85.838,-4.07E-06
-85.8382,-4.07E-06
-85.8385,-4.07E-06
-85.8387,-4.07E-06
-85.839,-4.07E-06
-85.8392,-4.07E-06
-85.8395,-4.07E-06
-85.8397,-4.07E-06
-85.84,-4.07E-06
-85.8402,-4.07E-06
-85.8405,-4.07E-06
-85.8407,-4.07E-06
-85.841,-4.07E-06
-85.8413,-4.07E-06
-85.8415,-4.06E-06
-85.8418,-4.06E-06
-85.842,-4.06E-06
-85.8423,-4.06E-06
-85.8425,-4.06E-06
-85.8428,-4.06E-06
-85.843,-4.06E-06
-85.8433,-4.06E-06
-85.8435,-4.06E-06
-85.8438,-4.06E-06
-85.844,-4.06E-06
-85.8443,-4.06E-06
-85.8445,-4.06E-06
-85.8448,-4.06E-06
-85.845,-4.06E-06
-85.8453,-4.06E-06
-85.8455,-4.06E-06
-85.8458,-4.06E-06
-85.846,-4.06E-06
-85.8463,-4.06E-06
-85.8465,-4.06E-06
-85.8468,-4.06E-06
-85.847,-4.06E-06
-85.8473,-4.06E-06
-85.8475,-4.06E-06
-85.8478,-4.06E-06
-85.848,-4.06E-06
-85.8483,-4.06E-06
-85.8485,-4.06E-06
-85.8488,-4.06E-06
-85.849,-4.06E-06
-85.8493,-4.05E-06
-85.8495,-4.05E-06
-85.8498,-4.05E-06
-85.85,-4.05E-06
-85.8503,-4.05E-06
-85.8505,-4.05E-06
-85.8508,-4.05E-06
-85.851,-4.05E-06
-85.8513,-4.05E-06
-85.8515,-4.05E-06
-85.8518,-4.05E-06
-85.852,-4.05E-06
-85.8523,-4.05E-06
-85.8525,-4.05E-06
-85.8528,-4.05E-06
-85.853,-4.05E-06
-85.8533,-4.05E-06
-85.8535,-4.05E-06
-85.8538,-4.05E-06
-85.854,-4.05E-06
-85.8543,-4.05E-06
-85.8545,-4.05E-06
-85.8548,-4.05E-06
-85.855,-4.05E-06
-85.8553,-4.05E-06
-85.8555,-4.05E-06
-85.8558,-4.05E-06
-85.856,-4.05E-06
-85.8563,-4.05E-06
-85.8565,-4.05E-06
-85.8568,-4.04E-06
-85.857,-4.04E-06
-85.8573,-4.04E-06
-85.8575,-4.04E-06
-85.8578,-4.04E-06
-85.858,-4.04E-06
-85.8583,-4.04E-06
-85.8585,-4.04E-06
-85.8588,-4.04E-06
-85.859,-4.04E-06
-85.8593,-4.04E-06
-85.8595,-4.04E-06
-85.8598,-4.04E-06
-85.86,-4.04E-06
-85.8603,-4.04E-06
-85.8605,-4.04E-06
-85.8608,-4.04E-06
-85.861,-4.04E-06
-85.8612,-4.04E-06
-85.8615,-4.04E-06
-85.8617,-4.04E-06
-85.862,-4.04E-06
-85.8622,-4.04E-06
-85.8625,-4.04E-06
-85.8627,-4.04E-06
-85.863,-4.04E-06
-85.8632,-4.04E-06
-85.8635,-4.04E-06
-85.8637,-4.04E-06
-85.864,-4.04E-06
-85.8642,-4.03E-06
-85.8645,-4.03E-06
-85.8647,-4.03E-06
-85.865,-4.03E-06
-85.8652,-4.03E-06
-85.8654,-4.03E-06
-85.8657,-4.03E-06
-85.8659,-4.03E-06
-85.8662,-4.03E-06
-85.8664,-4.03E-06
-85.8667,-4.03E-06
-85.8669,-4.03E-06
-85.8672,-4.03E-06
-85.8674,-4.03E-06
-85.8677,-4.03E-06
-85.8679,-4.03E-06
-85.8682,-4.03E-06
-85.8684,-4.03E-06
-85.8686,-4.03E-06
-85.8689,-4.03E-06
-85.8691,-4.03E-06
-85.8694,-4.03E-06
-85.8696,-4.03E-06
-85.8699,-4.03E-06
-85.8701,-4.03E-06
-85.8704,-4.03E-06
-85.8706,-4.03E-06
-85.8709,-4.03E-06
-85.8711,-4.03E-06
-85.8713,-4.03E-06
-85.8716,-4.03E-06
-85.8718,-4.02E-06
-85.8721,-4.02E-06
-85.8723,-4.02E-06
-85.8726,-4.02E-06
-85.8728,-4.02E-06
-85.8731,-4.02E-06
-85.8733,-4.02E-06
-85.8735,-4.02E-06
-85.8738,-4.02E-06
-85.874,-4.02E-06
-85.8743,-4.02E-06
-85.8745,-4.02E-06
-85.8748,-4.02E-06
-85.875,-4.02E-06
-85.8753,-4.02E-06
-85.8755,-4.02E-06
-85.8757,-4.02E-06
-85.876,-4.02E-06
-85.8762,-4.02E-06
-85.8765,-4.02E-06
-85.8767,-4.02E-06
-85.877,-4.02E-06
-85.8772,-4.02E-06
-85.8775,-4.02E-06
-85.8777,-4.02E-06
-85.8779,-4.02E-06
-85.8782,-4.02E-06
-85.8784,-4.02E-06
-85.8787,-4.02E-06
-85.8789,-4.02E-06
-85.8792,-4.01E-06
-85.8794,-4.01E-06
-85.8796,-4.01E-06
-85.8799,-4.01E-06
-85.8801,-4.01E-06
-85.8804,-4.01E-06
-85.8806,-4.01E-06
-85.8809,-4.01E-06
-85.8811,-4.01E-06
-85.8813,-4.01E-06
-85.8816,-4.01E-06
-85.8818,-4.01E-06
-85.8821,-4.01E-06
-85.8823,-4.01E-06
-85.8826,-4.01E-06
-85.8828,-4.01E-06
-85.883,-4.01E-06
-85.8833,-4.01E-06
-85.8835,-4.01E-06
-85.8838,-4.01E-06
-85.884,-4.01E-06
-85.8843,-4.01E-06
-85.8845,-4.01E-06
-85.8847,-4.01E-06
-85.885,-4.01E-06
-85.8852,-4.01E-06
-85.8855,-4.01E-06
-85.8857,-4.01E-06
-85.8859,-4.01E-06
-85.8862,-4.01E-06
-85.8864,-4.01E-06
-85.8867,-4.00E-06
-85.8869,-4.00E-06
-85.8872,-4.00E-06
-85.8874,-4.00E-06
-85.8876,-4.00E-06
-85.8879,-4.00E-06
-85.8881,-4.00E-06
-85.8884,-4.00E-06
-85.8886,-4.00E-06
-85.8888,-4.00E-06
-85.8891,-4.00E-06
-85.8893,-4.00E-06
-85.8896,-4.00E-06
-85.8898,-4.00E-06
-85.89,-4.00E-06
-85.8903,-4.00E-06
-85.8905,-4.00E-06
-85.8908,-4.00E-06
-85.891,-4.00E-06
-85.8913,-4.00E-06
-85.8915,-4.00E-06
-85.8917,-4.00E-06
-85.892,-4.00E-06
-85.8922,-4.00E-06
-85.8925,-4.00E-06
-85.8927,-4.00E-06
-85.8929,-4.00E-06
-85.8932,-4.00E-06
-85.8934,-4.00E-06
-85.8937,-4.00E-06
-85.8939,-4.00E-06
-85.8941,-3.99E-06
-85.8944,-3.99E-06
-85.8946,-3.99E-06
-85.8949,-3.99E-06
-85.8951,-3.99E-06
-85.8953,-3.99E-06
-85.8956,-3.99E-06
-85.8958,-3.99E-06
-85.896,-3.99E-06
-85.8963,-3.99E-06
-85.8965,-3.99E-06
-85.8968,-3.99E-06
-85.897,-3.99E-06
-85.8972,-3.99E-06
-85.8975,-3.99E-06
-85.8977,-3.99E-06
-85.898,-3.99E-06
-85.8982,-3.99E-06
-85.8984,-3.99E-06
-85.8987,-3.99E-06
-85.8989,-3.99E-06
-85.8992,-3.99E-06
-85.8994,-3.99E-06
-85.8996,-3.99E-06
-85.8999,-3.99E-06
-85.9001,-3.99E-06
-85.9003,-3.99E-06
-85.9006,-3.99E-06
-85.9008,-3.99E-06
-85.9011,-3.99E-06
-85.9013,-3.99E-06
-85.9015,-3.98E-06
-85.9018,-3.98E-06
-85.902,-3.98E-06
-85.9022,-3.98E-06
-85.9025,-3.98E-06
-85.9027,-3.98E-06
-85.903,-3.98E-06
-85.9032,-3.98E-06
-85.9034,-3.98E-06
-85.9037,-3.98E-06
-85.9039,-3.98E-06
-85.9042,-3.98E-06
-85.9044,-3.98E-06
-85.9046,-3.98E-06
-85.9049,-3.98E-06
-85.9051,-3.98E-06
-85.9053,-3.98E-06
-85.9056,-3.98E-06
-85.9058,-3.98E-06
-85.906,-3.98E-06
-85.9063,-3.98E-06
-85.9065,-3.98E-06
-85.9068,-3.98E-06
-85.907,-3.98E-06
-85.9072,-3.98E-06
-85.9075,-3.98E-06
-85.9077,-3.98E-06
-85.9079,-3.98E-06
-85.9082,-3.98E-06
-85.9084,-3.98E-06
-85.9087,-3.98E-06
-85.9089,-3.97E-06
-85.9091,-3.97E-06
-85.9094,-3.97E-06
-85.9096,-3.97E-06
-85.9098,-3.97E-06
-85.9101,-3.97E-06
-85.9103,-3.97E-06
-85.9105,-3.97E-06
-85.9108,-3.97E-06
-85.911,-3.97E-06
-85.9112,-3.97E-06
-85.9115,-3.97E-06
-85.9117,-3.97E-06
-85.912,-3.97E-06
-85.9122,-3.97E-06
-85.9124,-3.97E-06
-85.9127,-3.97E-06
-85.9129,-3.97E-06
-85.9131,-3.97E-06
-85.9134,-3.97E-06
-85.9136,-3.97E-06
-85.9138,-3.97E-06
-85.9141,-3.97E-06
-85.9143,-3.97E-06
-85.9145,-3.97E-06
-85.9148,-3.97E-06
-85.915,-3.97E-06
-85.9152,-3.97E-06
-85.9155,-3.97E-06
-85.9157,-3.97E-06
-85.916,-3.97E-06
-85.9162,-3.96E-06
-85.9164,-3.96E-06
-85.9167,-3.96E-06
-85.9169,-3.96E-06
-85.9171,-3.96E-06
-85.9174,-3.96E-06
-85.9176,-3.96E-06
-85.9178,-3.96E-06
-85.9181,-3.96E-06
-85.9183,-3.96E-06
-85.9185,-3.96E-06
-85.9188,-3.96E-06
-85.919,-3.96E-06
-85.9192,-3.96E-06
-85.9195,-3.96E-06
-85.9197,-3.96E-06
-85.9199,-3.96E-06
-85.9202,-3.96E-06
-85.9204,-3.96E-06
-85.9206,-3.96E-06
-85.9209,-3.96E-06
-85.9211,-3.96E-06
-85.9213,-3.96E-06
-85.9216,-3.96E-06
-85.9218,-3.96E-06
-85.922,-3.96E-06
-85.9223,-3.96E-06
-85.9225,-3.96E-06
-85.9227,-3.96E-06
-85.923,-3.96E-06
-85.9232,-3.96E-06
-85.9234,-3.95E-06
-85.9237,-3.95E-06
-85.9239,-3.95E-06
-85.9241,-3.95E-06
-85.9244,-3.95E-06
-85.9246,-3.95E-06
-85.9248,-3.95E-06
-85.9251,-3.95E-06
-85.9253,-3.95E-06
-85.9255,-3.95E-06
-85.9258,-3.95E-06
-85.926,-3.95E-06
-85.9262,-3.95E-06
-85.9265,-3.95E-06
-85.9267,-3.95E-06
-85.9269,-3.95E-06
-85.9272,-3.95E-06
-85.9274,-3.95E-06
-85.9276,-3.95E-06
-85.9279,-3.95E-06
-85.9281,-3.95E-06
-85.9283,-3.95E-06
-85.9285,-3.95E-06
-85.9288,-3.95E-06
-85.929,-3.95E-06
-85.9292,-3.95E-06
-85.9295,-3.95E-06
-85.9297,-3.95E-06
-85.9299,-3.95E-06
-85.9302,-3.95E-06
-85.9304,-3.95E-06
-85.9306,-3.94E-06
-85.9309,-3.94E-06
-85.9311,-3.94E-06
-85.9313,-3.94E-06
-85.9316,-3.94E-06
-85.9318,-3.94E-06
-85.932,-3.94E-06
-85.9322,-3.94E-06
-85.9325,-3.94E-06
-85.9327,-3.94E-06
-85.9329,-3.94E-06
-85.9332,-3.94E-06
-85.9334,-3.94E-06
-85.9336,-3.94E-06
-85.9339,-3.94E-06
-85.9341,-3.94E-06
-85.9343,-3.94E-06
-85.9346,-3.94E-06
-85.9348,-3.94E-06
-85.935,-3.94E-06
-85.9352,-3.94E-06
-85.9355,-3.94E-06
-85.9357,-3.94E-06
-85.9359,-3.94E-06
-85.9362,-3.94E-06
-85.9364,-3.94E-06
-85.9366,-3.94E-06
-85.9369,-3.94E-06
-85.9371,-3.94E-06
-85.9373,-3.94E-06
-85.9375,-3.94E-06
-85.9378,-3.93E-06
-85.938,-3.93E-06
-85.9382,-3.93E-06
-85.9385,-3.93E-06
-85.9387,-3.93E-06
-85.9389,-3.93E-06
-85.9392,-3.93E-06
-85.9394,-3.93E-06
-85.9396,-3.93E-06
-85.9398,-3.93E-06
-85.9401,-3.93E-06
-85.9403,-3.93E-06
-85.9405,-3.93E-06
-85.9408,-3.93E-06
-85.941,-3.93E-06
-85.9412,-3.93E-06
-85.9414,-3.93E-06
-85.9417,-3.93E-06
-85.9419,-3.93E-06
-85.9421,-3.93E-06
-85.9424,-3.93E-06
-85.9426,-3.93E-06
-85.9428,-3.93E-06
-85.943,-3.93E-06
-85.9433,-3.93E-06
-85.9435,-3.93E-06
-85.9437,-3.93E-06
-85.944,-3.93E-06
-85.9442,-3.93E-06
-85.9444,-3.93E-06
-85.9446,-3.93E-06
-85.9449,-3.93E-06
-85.9451,-3.92E-06
-85.9453,-3.92E-06
-85.9456,-3.92E-06
-85.9458,-3.92E-06
-85.946,-3.92E-06
-85.9462,-3.92E-06
-85.9465,-3.92E-06
-85.9467,-3.92E-06
-85.9469,-3.92E-06
-85.9472,-3.92E-06
-85.9474,-3.92E-06
-85.9476,-3.92E-06
-85.9478,-3.92E-06
-85.9481,-3.92E-06
-85.9483,-3.92E-06
-85.9485,-3.92E-06
-85.9487,-3.92E-06
-85.949,-3.92E-06
-85.9492,-3.92E-06
-85.9494,-3.92E-06
-85.9497,-3.92E-06
-85.9499,-3.92E-06
-85.9501,-3.92E-06
-85.9503,-3.92E-06
-85.9506,-3.92E-06
-85.9508,-3.92E-06
-85.951,-3.92E-06
-85.9512,-3.92E-06
-85.9515,-3.92E-06
-85.9517,-3.92E-06
-85.9519,-3.92E-06
-85.9521,-3.91E-06
-85.9524,-3.91E-06
-85.9526,-3.91E-06
-85.9528,-3.91E-06
-85.9531,-3.91E-06
-85.9533,-3.91E-06
-85.9535,-3.91E-06
-85.9537,-3.91E-06
-85.954,-3.91E-06
-85.9542,-3.91E-06
-85.9544,-3.91E-06
-85.9546,-3.91E-06
-85.9549,-3.91E-06
-85.9551,-3.91E-06
-85.9553,-3.91E-06
-85.9555,-3.91E-06
-85.9558,-3.91E-06
-85.956,-3.91E-06
-85.9562,-3.91E-06
-85.9564,-3.91E-06
-85.9567,-3.91E-06
-85.9569,-3.91E-06
-85.9571,-3.91E-06
-85.9573,-3.91E-06
-85.9576,-3.91E-06
-85.9578,-3.91E-06
-85.958,-3.91E-06
-85.9582,-3.91E-06
-85.9585,-3.91E-06
-85.9587,-3.91E-06
-85.9589,-3.91E-06
-85.9591,-3.91E-06
-85.9594,-3.90E-06
-85.9596,-3.90E-06
-85.9598,-3.90E-06
-85.96,-3.90E-06
-85.9603,-3.90E-06
-85.9605,-3.90E-06
-85.9607,-3.90E-06
-85.9609,-3.90E-06
-85.9612,-3.90E-06
-85.9614,-3.90E-06
-85.9616,-3.90E-06
-85.9618,-3.90E-06
-85.9621,-3.90E-06
-85.9623,-3.90E-06
-85.9625,-3.90E-06
-85.9627,-3.90E-06
-85.963,-3.90E-06
-85.9632,-3.90E-06
-85.9634,-3.90E-06
-85.9636,-3.90E-06
-85.9639,-3.90E-06
-85.9641,-3.90E-06
-85.9643,-3.90E-06
-85.9645,-3.90E-06
-85.9648,-3.90E-06
-85.965,-3.90E-06
-85.9652,-3.90E-06
-85.9654,-3.90E-06
-85.9656,-3.90E-06
-85.9659,-3.90E-06
-85.9661,-3.90E-06
-85.9663,-3.90E-06
-85.9665,-3.89E-06
-85.9668,-3.89E-06
-85.967,-3.89E-06
-85.9672,-3.89E-06
-85.9674,-3.89E-06
-85.9677,-3.89E-06
-85.9679,-3.89E-06
-85.9681,-3.89E-06
-85.9683,-3.89E-06
-85.9685,-3.89E-06
-85.9688,-3.89E-06
-85.969,-3.89E-06
-85.9692,-3.89E-06
-85.9694,-3.89E-06
-85.9697,-3.89E-06
-85.9699,-3.89E-06
-85.9701,-3.89E-06
-85.9703,-3.89E-06
-85.9706,-3.89E-06
-85.9708,-3.89E-06
-85.971,-3.89E-06
-85.9712,-3.89E-06
-85.9714,-3.89E-06
-85.9717,-3.89E-06
-85.9719,-3.89E-06
-85.9721,-3.89E-06
-85.9723,-3.89E-06
-85.9726,-3.89E-06
-85.9728,-3.89E-06
-85.973,-3.89E-06
-85.9732,-3.89E-06
-85.9734,-3.89E-06
-85.9737,-3.88E-06
-85.9739,-3.88E-06
-85.9741,-3.88E-06
-85.9743,-3.88E-06
-85.9745,-3.88E-06
-85.9748,-3.88E-06
-85.975,-3.88E-06
-85.9752,-3.88E-06
-85.9754,-3.88E-06
-85.9757,-3.88E-06
-85.9759,-3.88E-06
-85.9761,-3.88E-06
-85.9763,-3.88E-06
-85.9765,-3.88E-06
-85.9768,-3.88E-06
-85.977,-3.88E-06
-85.9772,-3.88E-06
-85.9774,-3.88E-06
-85.9776,-3.88E-06
-85.9779,-3.88E-06
-85.9781,-3.88E-06
-85.9783,-3.88E-06
-85.9785,-3.88E-06
-85.9787,-3.88E-06
-85.979,-3.88E-06
-85.9792,-3.88E-06
-85.9794,-3.88E-06
-85.9796,-3.88E-06
-85.9799,-3.88E-06
-85.9801,-3.88E-06
-85.9803,-3.88E-06
-85.9805,-3.88E-06
-85.9807,-3.87E-06
-85.981,-3.87E-06
-85.9812,-3.87E-06
-85.9814,-3.87E-06
-85.9816,-3.87E-06
-85.9818,-3.87E-06
-85.9821,-3.87E-06
-85.9823,-3.87E-06
-85.9825,-3.87E-06
-85.9827,-3.87E-06
-85.9829,-3.87E-06
-85.9832,-3.87E-06
-85.9834,-3.87E-06
-85.9836,-3.87E-06
-85.9838,-3.87E-06
-85.984,-3.87E-06
-85.9843,-3.87E-06
-85.9845,-3.87E-06
-85.9847,-3.87E-06
-85.9849,-3.87E-06
-85.9851,-3.87E-06
-85.9853,-3.87E-06
-85.9856,-3.87E-06
-85.9858,-3.87E-06
-85.986,-3.87E-06
-85.9862,-3.87E-06
-85.9864,-3.87E-06
-85.9867,-3.87E-06
-85.9869,-3.87E-06
-85.9871,-3.87E-06
-85.9873,-3.87E-06
-85.9875,-3.87E-06
-85.9878,-3.86E-06
-85.988,-3.86E-06
-85.9882,-3.86E-06
-85.9884,-3.86E-06
-85.9886,-3.86E-06
-85.9888,-3.86E-06
-85.9891,-3.86E-06
-85.9893,-3.86E-06
-85.9895,-3.86E-06
-85.9897,-3.86E-06
-85.9899,-3.86E-06
-85.9902,-3.86E-06
-85.9904,-3.86E-06
-85.9906,-3.86E-06
-85.9908,-3.86E-06
-85.991,-3.86E-06
-85.9912,-3.86E-06
-85.9915,-3.86E-06
-85.9917,-3.86E-06
-85.9919,-3.86E-06
-85.9921,-3.86E-06
-85.9923,-3.86E-06
-85.9926,-3.86E-06
-85.9928,-3.86E-06
-85.993,-3.86E-06
-85.9932,-3.86E-06
-85.9934,-3.86E-06
-85.9936,-3.86E-06
-85.9939,-3.86E-06
-85.9941,-3.86E-06
-85.9943,-3.86E-06
-85.9945,-3.86E-06
-85.9947,-3.85E-06
-85.9949,-3.85E-06
-85.9952,-3.85E-06
-85.9954,-3.85E-06
-85.9956,-3.85E-06
-85.9958,-3.85E-06
-85.996,-3.85E-06
-85.9963,-3.85E-06
-85.9965,-3.85E-06
-85.9967,-3.85E-06
-85.9969,-3.85E-06
-85.9971,-3.85E-06
-85.9973,-3.85E-06
-85.9976,-3.85E-06
-85.9978,-3.85E-06
-85.998,-3.85E-06
-85.9982,-3.85E-06
-85.9984,-3.85E-06
-85.9986,-3.85E-06
-85.9988,-3.85E-06
-85.9991,-3.85E-06
-85.9993,-3.85E-06
-85.9995,-3.85E-06
-85.9997,-3.85E-06
-85.9999,-3.85E-06
-86.0001,-3.85E-06
-86.0004,-3.85E-06
-86.0006,-3.85E-06
-86.0008,-3.85E-06
-86.001,-3.85E-06
-86.0012,-3.85E-06
-86.0014,-3.85E-06
-86.0017,-3.85E-06
-86.0019,-3.84E-06
-86.0021,-3.84E-06
-86.0023,-3.84E-06
-86.0025,-3.84E-06
-86.0027,-3.84E-06
-86.003,-3.84E-06
-86.0032,-3.84E-06
-86.0034,-3.84E-06
-86.0036,-3.84E-06
-86.0038,-3.84E-06
-86.004,-3.84E-06
-86.0042,-3.84E-06
-86.0045,-3.84E-06
-86.0047,-3.84E-06
-86.0049,-3.84E-06
-86.0051,-3.84E-06
-86.0053,-3.84E-06
-86.0055,-3.84E-06
-86.0057,-3.84E-06
-86.006,-3.84E-06
-86.0062,-3.84E-06
-86.0064,-3.84E-06
-86.0066,-3.84E-06
-86.0068,-3.84E-06
-86.007,-3.84E-06
-86.0073,-3.84E-06
-86.0075,-3.84E-06
-86.0077,-3.84E-06
-86.0079,-3.84E-06
-86.0081,-3.84E-06
-86.0083,-3.84E-06
-86.0085,-3.84E-06
-86.0088,-3.83E-06
-86.009,-3.83E-06
-86.0092,-3.83E-06
-86.0094,-3.83E-06
-86.0096,-3.83E-06
-86.0098,-3.83E-06
-86.01,-3.83E-06
-86.0102,-3.83E-06
-86.0105,-3.83E-06
-86.0107,-3.83E-06
-86.0109,-3.83E-06
-86.0111,-3.83E-06
-86.0113,-3.83E-06
-86.0115,-3.83E-06
-86.0117,-3.83E-06
-86.012,-3.83E-06
-86.0122,-3.83E-06
-86.0124,-3.83E-06
-86.0126,-3.83E-06
-86.0128,-3.83E-06
-86.013,-3.83E-06
-86.0132,-3.83E-06
-86.0135,-3.83E-06
-86.0137,-3.83E-06
-86.0139,-3.83E-06
-86.0141,-3.83E-06
-86.0143,-3.83E-06
-86.0145,-3.83E-06
-86.0147,-3.83E-06
-86.0149,-3.83E-06
-86.0152,-3.83E-06
-86.0154,-3.83E-06
-86.0156,-3.83E-06
-86.0158,-3.82E-06
-86.016,-3.82E-06
-86.0162,-3.82E-06
-86.0164,-3.82E-06
-86.0166,-3.82E-06
-86.0169,-3.82E-06
-86.0171,-3.82E-06
-86.0173,-3.82E-06
-86.0175,-3.82E-06
-86.0177,-3.82E-06
-86.0179,-3.82E-06
-86.0181,-3.82E-06
-86.0183,-3.82E-06
-86.0186,-3.82E-06
-86.0188,-3.82E-06
-86.019,-3.82E-06
-86.0192,-3.82E-06
-86.0194,-3.82E-06
-86.0196,-3.82E-06
-86.0198,-3.82E-06
-86.02,-3.82E-06
-86.0203,-3.82E-06
-86.0205,-3.82E-06
-86.0207,-3.82E-06
-86.0209,-3.82E-06
-86.0211,-3.82E-06
-86.0213,-3.82E-06
-86.0215,-3.82E-06
-86.0217,-3.82E-06
-86.0219,-3.82E-06
-86.0222,-3.82E-06
-86.0224,-3.82E-06
-86.0226,-3.82E-06
-86.0228,-3.81E-06
-86.023,-3.81E-06
-86.0232,-3.81E-06
-86.0234,-3.81E-06
-86.0236,-3.81E-06
-86.0238,-3.81E-06
-86.0241,-3.81E-06
-86.0243,-3.81E-06
-86.0245,-3.81E-06
-86.0247,-3.81E-06
-86.0249,-3.81E-06
-86.0251,-3.81E-06
-86.0253,-3.81E-06
-86.0255,-3.81E-06
-86.0257,-3.81E-06
-86.026,-3.81E-06
-86.0262,-3.81E-06
-86.0264,-3.81E-06
-86.0266,-3.81E-06
-86.0268,-3.81E-06
-86.027,-3.81E-06
-86.0272,-3.81E-06
-86.0274,-3.81E-06
-86.0276,-3.81E-06
-86.0278,-3.81E-06
-86.0281,-3.81E-06
-86.0283,-3.81E-06
-86.0285,-3.81E-06
-86.0287,-3.81E-06
-86.0289,-3.81E-06
-86.0291,-3.81E-06
-86.0293,-3.81E-06
-86.0295,-3.81E-06
-86.0297,-3.80E-06
-86.0299,-3.80E-06
-86.0302,-3.80E-06
-86.0304,-3.80E-06
-86.0306,-3.80E-06
-86.0308,-3.80E-06
-86.031,-3.80E-06
-86.0312,-3.80E-06
-86.0314,-3.80E-06
-86.0316,-3.80E-06
-86.0318,-3.80E-06
-86.032,-3.80E-06
-86.0323,-3.80E-06
-86.0325,-3.80E-06
-86.0327,-3.80E-06
-86.0329,-3.80E-06
-86.0331,-3.80E-06
-86.0333,-3.80E-06
-86.0335,-3.80E-06
-86.0337,-3.80E-06
-86.0339,-3.80E-06
-86.0341,-3.80E-06
-86.0343,-3.80E-06
-86.0345,-3.80E-06
-86.0348,-3.80E-06
-86.035,-3.80E-06
-86.0352,-3.80E-06
-86.0354,-3.80E-06
-86.0356,-3.80E-06
-86.0358,-3.80E-06
-86.036,-3.80E-06
-86.0362,-3.80E-06
-86.0364,-3.80E-06
-86.0366,-3.80E-06
-86.0368,-3.79E-06
-86.0371,-3.79E-06
-86.0373,-3.79E-06
-86.0375,-3.79E-06
-86.0377,-3.79E-06
-86.0379,-3.79E-06
-86.0381,-3.79E-06
-86.0383,-3.79E-06
-86.0385,-3.79E-06
-86.0387,-3.79E-06
-86.0389,-3.79E-06
-86.0391,-3.79E-06
-86.0393,-3.79E-06
-86.0395,-3.79E-06
-86.0398,-3.79E-06
-86.04,-3.79E-06
-86.0402,-3.79E-06
-86.0404,-3.79E-06
-86.0406,-3.79E-06
-86.0408,-3.79E-06
-86.041,-3.79E-06
-86.0412,-3.79E-06
-86.0414,-3.79E-06
-86.0416,-3.79E-06
-86.0418,-3.79E-06
-86.042,-3.79E-06
-86.0422,-3.79E-06
-86.0425,-3.79E-06
-86.0427,-3.79E-06
-86.0429,-3.79E-06
-86.0431,-3.79E-06
-86.0433,-3.79E-06
-86.0435,-3.79E-06
-86.0437,-3.78E-06
-86.0439,-3.78E-06
-86.0441,-3.78E-06
-86.0443,-3.78E-06
-86.0445,-3.78E-06
-86.0447,-3.78E-06
-86.0449,-3.78E-06
-86.0451,-3.78E-06
-86.0453,-3.78E-06
-86.0456,-3.78E-06
-86.0458,-3.78E-06
-86.046,-3.78E-06
-86.0462,-3.78E-06
-86.0464,-3.78E-06
-86.0466,-3.78E-06
-86.0468,-3.78E-06
-86.047,-3.78E-06
-86.0472,-3.78E-06
-86.0474,-3.78E-06
-86.0476,-3.78E-06
-86.0478,-3.78E-06
-86.048,-3.78E-06
-86.0482,-3.78E-06
-86.0484,-3.78E-06
-86.0486,-3.78E-06
-86.0488,-3.78E-06
-86.0491,-3.78E-06
-86.0493,-3.78E-06
-86.0495,-3.78E-06
-86.0497,-3.78E-06
-86.0499,-3.78E-06
-86.0501,-3.78E-06
-86.0503,-3.78E-06
-86.0505,-3.78E-06
-86.0507,-3.77E-06
-86.0509,-3.77E-06
-86.0511,-3.77E-06
-86.0513,-3.77E-06
-86.0515,-3.77E-06
-86.0517,-3.77E-06
-86.0519,-3.77E-06
-86.0521,-3.77E-06
-86.0523,-3.77E-06
-86.0525,-3.77E-06
-86.0528,-3.77E-06
-86.053,-3.77E-06
-86.0532,-3.77E-06
-86.0534,-3.77E-06
-86.0536,-3.77E-06
-86.0538,-3.77E-06
-86.054,-3.77E-06
-86.0542,-3.77E-06
-86.0544,-3.77E-06
-86.0546,-3.77E-06
-86.0548,-3.77E-06
-86.055,-3.77E-06
-86.0552,-3.77E-06
-86.0554,-3.77E-06
-86.0556,-3.77E-06
-86.0558,-3.77E-06
-86.056,-3.77E-06
-86.0562,-3.77E-06
-86.0564,-3.77E-06
-86.0566,-3.77E-06
-86.0568,-3.77E-06
-86.057,-3.77E-06
-86.0573,-3.77E-06
-86.0575,-3.76E-06
-86.0577,-3.76E-06
-86.0579,-3.76E-06
-86.0581,-3.76E-06
-86.0583,-3.76E-06
-86.0585,-3.76E-06
-86.0587,-3.76E-06
-86.0589,-3.76E-06
-86.0591,-3.76E-06
-86.0593,-3.76E-06
-86.0595,-3.76E-06
-86.0597,-3.76E-06
-86.0599,-3.76E-06
-86.0601,-3.76E-06
-86.0603,-3.76E-06
-86.0605,-3.76E-06
-86.0607,-3.76E-06
-86.0609,-3.76E-06
-86.0611,-3.76E-06
-86.0613,-3.76E-06
-86.0615,-3.76E-06
-86.0617,-3.76E-06
-86.0619,-3.76E-06
-86.0621,-3.76E-06
-86.0623,-3.76E-06
-86.0625,-3.76E-06
-86.0627,-3.76E-06
-86.0629,-3.76E-06
-86.0632,-3.76E-06
-86.0634,-3.76E-06
-86.0636,-3.76E-06
-86.0638,-3.76E-06
-86.064,-3.76E-06
-86.0642,-3.76E-06
-86.0644,-3.75E-06
-86.0646,-3.75E-06
-86.0648,-3.75E-06
-86.065,-3.75E-06
-86.0652,-3.75E-06
-86.0654,-3.75E-06
-86.0656,-3.75E-06
-86.0658,-3.75E-06
-86.066,-3.75E-06
-86.0662,-3.75E-06
-86.0664,-3.75E-06
-86.0666,-3.75E-06
-86.0668,-3.75E-06
-86.067,-3.75E-06
-86.0672,-3.75E-06
-86.0674,-3.75E-06
-86.0676,-3.75E-06
-86.0678,-3.75E-06
-86.068,-3.75E-06
-86.0682,-3.75E-06
-86.0684,-3.75E-06
-86.0686,-3.75E-06
-86.0688,-3.75E-06
-86.069,-3.75E-06
-86.0692,-3.75E-06
-86.0694,-3.75E-06
-86.0696,-3.75E-06
-86.0698,-3.75E-06
-86.07,-3.75E-06
-86.0702,-3.75E-06
-86.0704,-3.75E-06
-86.0706,-3.75E-06
-86.0708,-3.75E-06
-86.071,-3.75E-06
-86.0712,-3.74E-06
-86.0714,-3.74E-06
-86.0716,-3.74E-06
-86.0718,-3.74E-06
-86.072,-3.74E-06
-86.0722,-3.74E-06
-86.0724,-3.74E-06
-86.0726,-3.74E-06
-86.0728,-3.74E-06
-86.073,-3.74E-06
-86.0732,-3.74E-06
-86.0734,-3.74E-06
-86.0736,-3.74E-06
-86.0738,-3.74E-06
-86.074,-3.74E-06
-86.0742,-3.74E-06
-86.0744,-3.74E-06
-86.0746,-3.74E-06
-86.0748,-3.74E-06
-86.075,-3.74E-06
-86.0752,-3.74E-06
-86.0754,-3.74E-06
-86.0756,-3.74E-06
-86.0758,-3.74E-06
-86.076,-3.74E-06
-86.0762,-3.74E-06
-86.0764,-3.74E-06
-86.0766,-3.74E-06
-86.0768,-3.74E-06
-86.077,-3.74E-06
-86.0772,-3.74E-06
-86.0774,-3.74E-06
-86.0776,-3.74E-06
-86.0778,-3.74E-06
-86.078,-3.73E-06
-86.0782,-3.73E-06
-86.0784,-3.73E-06
-86.0786,-3.73E-06
-86.0788,-3.73E-06
-86.079,-3.73E-06
-86.0792,-3.73E-06
-86.0794,-3.73E-06
-86.0796,-3.73E-06
-86.0798,-3.73E-06
-86.08,-3.73E-06
-86.0802,-3.73E-06
-86.0804,-3.73E-06
-86.0806,-3.73E-06
-86.0808,-3.73E-06
-86.081,-3.73E-06
-86.0812,-3.73E-06
-86.0814,-3.73E-06
-86.0816,-3.73E-06
-86.0818,-3.73E-06
-86.082,-3.73E-06
-86.0822,-3.73E-06
-86.0824,-3.73E-06
-86.0826,-3.73E-06
-86.0828,-3.73E-06
-86.083,-3.73E-06
-86.0832,-3.73E-06
-86.0834,-3.73E-06
-86.0836,-3.73E-06
-86.0838,-3.73E-06
-86.084,-3.73E-06
-86.0842,-3.73E-06
-86.0844,-3.73E-06
-86.0846,-3.73E-06
-86.0848,-3.73E-06
-86.085,-3.72E-06
-86.0852,-3.72E-06
-86.0854,-3.72E-06
-86.0856,-3.72E-06
-86.0858,-3.72E-06
-86.086,-3.72E-06
-86.0862,-3.72E-06
-86.0864,-3.72E-06
-86.0866,-3.72E-06
-86.0868,-3.72E-06
-86.087,-3.72E-06
-86.0872,-3.72E-06
-86.0874,-3.72E-06
-86.0876,-3.72E-06
-86.0878,-3.72E-06
-86.088,-3.72E-06
-86.0882,-3.72E-06
-86.0884,-3.72E-06
-86.0886,-3.72E-06
-86.0888,-3.72E-06
-86.089,-3.72E-06
-86.0892,-3.72E-06
-86.0894,-3.72E-06
-86.0896,-3.72E-06
-86.0898,-3.72E-06
-86.09,-3.72E-06
-86.0902,-3.72E-06
-86.0904,-3.72E-06
-86.0906,-3.72E-06
-86.0907,-3.72E-06
-86.0909,-3.72E-06
-86.0911,-3.72E-06
-86.0913,-3.72E-06
-86.0915,-3.72E-06
-86.0917,-3.72E-06
-86.0919,-3.71E-06
-86.0921,-3.71E-06
-86.0923,-3.71E-06
-86.0925,-3.71E-06
-86.0927,-3.71E-06
-86.0929,-3.71E-06
-86.0931,-3.71E-06
-86.0933,-3.71E-06
-86.0935,-3.71E-06
-86.0937,-3.71E-06
-86.0939,-3.71E-06
-86.0941,-3.71E-06
-86.0943,-3.71E-06
-86.0945,-3.71E-06
-86.0947,-3.71E-06
-86.0949,-3.71E-06
-86.0951,-3.71E-06
-86.0953,-3.71E-06
-86.0955,-3.71E-06
-86.0957,-3.71E-06
-86.0959,-3.71E-06
-86.0961,-3.71E-06
-86.0963,-3.71E-06
-86.0965,-3.71E-06
-86.0966,-3.71E-06
-86.0968,-3.71E-06
-86.097,-3.71E-06
-86.0972,-3.71E-06
-86.0974,-3.71E-06
-86.0976,-3.71E-06
-86.0978,-3.71E-06
-86.098,-3.71E-06
-86.0982,-3.71E-06
-86.0984,-3.71E-06
-86.0986,-3.70E-06
-86.0988,-3.70E-06
-86.099,-3.70E-06
-86.0992,-3.70E-06
-86.0994,-3.70E-06
-86.0996,-3.70E-06
-86.0998,-3.70E-06
-86.1,-3.70E-06
-86.1002,-3.70E-06
-86.1004,-3.70E-06
-86.1006,-3.70E-06
-86.1008,-3.70E-06
-86.1009,-3.70E-06
-86.1011,-3.70E-06
-86.1013,-3.70E-06
-86.1015,-3.70E-06
-86.1017,-3.70E-06
-86.1019,-3.70E-06
-86.1021,-3.70E-06
-86.1023,-3.70E-06
-86.1025,-3.70E-06
-86.1027,-3.70E-06
-86.1029,-3.70E-06
-86.1031,-3.70E-06
-86.1033,-3.70E-06
-86.1035,-3.70E-06
-86.1037,-3.70E-06
-86.1039,-3.70E-06
-86.1041,-3.70E-06
-86.1043,-3.70E-06
-86.1045,-3.70E-06
-86.1046,-3.70E-06
-86.1048,-3.70E-06
-86.105,-3.70E-06
-86.1052,-3.70E-06
-86.1054,-3.69E-06
-86.1056,-3.69E-06
-86.1058,-3.69E-06
-86.106,-3.69E-06
-86.1062,-3.69E-06
-86.1064,-3.69E-06
-86.1066,-3.69E-06
-86.1068,-3.69E-06
-86.107,-3.69E-06
-86.1072,-3.69E-06
-86.1074,-3.69E-06
-86.1076,-3.69E-06
-86.1078,-3.69E-06
-86.1079,-3.69E-06
-86.1081,-3.69E-06
-86.1083,-3.69E-06
-86.1085,-3.69E-06
-86.1087,-3.69E-06
-86.1089,-3.69E-06
-86.1091,-3.69E-06
-86.1093,-3.69E-06
-86.1095,-3.69E-06
-86.1097,-3.69E-06
-86.1099,-3.69E-06
-86.1101,-3.69E-06
-86.1103,-3.69E-06
-86.1105,-3.69E-06
-86.1107,-3.69E-06
-86.1109,-3.69E-06
-86.111,-3.69E-06
-86.1112,-3.69E-06
-86.1114,-3.69E-06
-86.1116,-3.69E-06
-86.1118,-3.69E-06
-86.112,-3.69E-06
-86.1122,-3.68E-06
-86.1124,-3.68E-06
-86.1126,-3.68E-06
-86.1128,-3.68E-06
-86.113,-3.68E-06
-86.1132,-3.68E-06
-86.1134,-3.68E-06
-86.1136,-3.68E-06
-86.1137,-3.68E-06
-86.1139,-3.68E-06
-86.1141,-3.68E-06
-86.1143,-3.68E-06
-86.1145,-3.68E-06
-86.1147,-3.68E-06
-86.1149,-3.68E-06
-86.1151,-3.68E-06
-86.1153,-3.68E-06
-86.1155,-3.68E-06
-86.1157,-3.68E-06
-86.1159,-3.68E-06
-86.1161,-3.68E-06
-86.1162,-3.68E-06
-86.1164,-3.68E-06
-86.1166,-3.68E-06
-86.1168,-3.68E-06
-86.117,-3.68E-06
-86.1172,-3.68E-06
-86.1174,-3.68E-06
-86.1176,-3.68E-06
-86.1178,-3.68E-06
-86.118,-3.68E-06
-86.1182,-3.68E-06
-86.1184,-3.68E-06
-86.1185,-3.68E-06
-86.1187,-3.68E-06
-86.1189,-3.68E-06
-86.1191,-3.67E-06
-86.1193,-3.67E-06
-86.1195,-3.67E-06
-86.1197,-3.67E-06
-86.1199,-3.67E-06
-86.1201,-3.67E-06
-86.1203,-3.67E-06
-86.1205,-3.67E-06
-86.1207,-3.67E-06
-86.1208,-3.67E-06
-86.121,-3.67E-06
-86.1212,-3.67E-06
-86.1214,-3.67E-06
-86.1216,-3.67E-06
-86.1218,-3.67E-06
-86.122,-3.67E-06
-86.1222,-3.67E-06
-86.1224,-3.67E-06
-86.1226,-3.67E-06
-86.1228,-3.67E-06
-86.1229,-3.67E-06
-86.1231,-3.67E-06
-86.1233,-3.67E-06
-86.1235,-3.67E-06
-86.1237,-3.67E-06
-86.1239,-3.67E-06
-86.1241,-3.67E-06
-86.1243,-3.67E-06
-86.1245,-3.67E-06
-86.1247,-3.67E-06
-86.1248,-3.67E-06
-86.125,-3.67E-06
-86.1252,-3.67E-06
-86.1254,-3.67E-06
-86.1256,-3.67E-06
-86.1258,-3.66E-06
-86.126,-3.66E-06
-86.1262,-3.66E-06
-86.1264,-3.66E-06
-86.1266,-3.66E-06
-86.1267,-3.66E-06
-86.1269,-3.66E-06
-86.1271,-3.66E-06
-86.1273,-3.66E-06
-86.1275,-3.66E-06
-86.1277,-3.66E-06
-86.1279,-3.66E-06
-86.1281,-3.66E-06
-86.1283,-3.66E-06
-86.1285,-3.66E-06
-86.1286,-3.66E-06
-86.1288,-3.66E-06
-86.129,-3.66E-06
-86.1292,-3.66E-06
-86.1294,-3.66E-06
-86.1296,-3.66E-06
-86.1298,-3.66E-06
-86.13,-3.66E-06
-86.1302,-3.66E-06
-86.1304,-3.66E-06
-86.1305,-3.66E-06
-86.1307,-3.66E-06
-86.1309,-3.66E-06
-86.1311,-3.66E-06
-86.1313,-3.66E-06
-86.1315,-3.66E-06
-86.1317,-3.66E-06
-86.1319,-3.66E-06
-86.1321,-3.66E-06
-86.1322,-3.66E-06
-86.1324,-3.66E-06
-86.1326,-3.65E-06
-86.1328,-3.65E-06
-86.133,-3.65E-06
-86.1332,-3.65E-06
-86.1334,-3.65E-06
-86.1336,-3.65E-06
-86.1338,-3.65E-06
-86.1339,-3.65E-06
-86.1341,-3.65E-06
-86.1343,-3.65E-06
-86.1345,-3.65E-06
-86.1347,-3.65E-06
-86.1349,-3.65E-06
-86.1351,-3.65E-06
-86.1353,-3.65E-06
-86.1354,-3.65E-06
-86.1356,-3.65E-06
-86.1358,-3.65E-06
-86.136,-3.65E-06
-86.1362,-3.65E-06
-86.1364,-3.65E-06
-86.1366,-3.65E-06
-86.1368,-3.65E-06
-86.137,-3.65E-06
-86.1371,-3.65E-06
-86.1373,-3.65E-06
-86.1375,-3.65E-06
-86.1377,-3.65E-06
-86.1379,-3.65E-06
-86.1381,-3.65E-06
-86.1383,-3.65E-06
-86.1385,-3.65E-06
-86.1386,-3.65E-06
-86.1388,-3.65E-06
-86.139,-3.65E-06
-86.1392,-3.65E-06
-86.1394,-3.64E-06
-86.1396,-3.64E-06
-86.1398,-3.64E-06
-86.14,-3.64E-06
-86.1401,-3.64E-06
-86.1403,-3.64E-06
-86.1405,-3.64E-06
-86.1407,-3.64E-06
-86.1409,-3.64E-06
-86.1411,-3.64E-06
-86.1413,-3.64E-06
-86.1415,-3.64E-06
-86.1416,-3.64E-06
-86.1418,-3.64E-06
-86.142,-3.64E-06
-86.1422,-3.64E-06
-86.1424,-3.64E-06
-86.1426,-3.64E-06
-86.1428,-3.64E-06
-86.1429,-3.64E-06
-86.1431,-3.64E-06
-86.1433,-3.64E-06
-86.1435,-3.64E-06
-86.1437,-3.64E-06
-86.1439,-3.64E-06
-86.1441,-3.64E-06
-86.1443,-3.64E-06
-86.1444,-3.64E-06
-86.1446,-3.64E-06
-86.1448,-3.64E-06
-86.145,-3.64E-06
-86.1452,-3.64E-06
-86.1454,-3.64E-06
-86.1456,-3.64E-06
-86.1457,-3.64E-06
-86.1459,-3.64E-06
-86.1461,-3.64E-06
-86.1463,-3.63E-06
-86.1465,-3.63E-06
-86.1467,-3.63E-06
-86.1469,-3.63E-06
-86.147,-3.63E-06
-86.1472,-3.63E-06
-86.1474,-3.63E-06
-86.1476,-3.63E-06
-86.1478,-3.63E-06
-86.148,-3.63E-06
-86.1482,-3.63E-06
-86.1483,-3.63E-06
-86.1485,-3.63E-06
-86.1487,-3.63E-06
-86.1489,-3.63E-06
-86.1491,-3.63E-06
-86.1493,-3.63E-06
-86.1495,-3.63E-06
-86.1496,-3.63E-06
-86.1498,-3.63E-06
-86.15,-3.63E-06
-86.1502,-3.63E-06
-86.1504,-3.63E-06
-86.1506,-3.63E-06
-86.1508,-3.63E-06
-86.1509,-3.63E-06
-86.1511,-3.63E-06
-86.1513,-3.63E-06
-86.1515,-3.63E-06
-86.1517,-3.63E-06
-86.1519,-3.63E-06
-86.1521,-3.63E-06
-86.1522,-3.63E-06
-86.1524,-3.63E-06
-86.1526,-3.63E-06
-86.1528,-3.63E-06
-86.153,-3.62E-06
-86.1532,-3.62E-06
-86.1534,-3.62E-06
-86.1535,-3.62E-06
-86.1537,-3.62E-06
-86.1539,-3.62E-06
-86.1541,-3.62E-06
-86.1543,-3.62E-06
-86.1545,-3.62E-06
-86.1546,-3.62E-06
-86.1548,-3.62E-06
-86.155,-3.62E-06
-86.1552,-3.62E-06
-86.1554,-3.62E-06
-86.1556,-3.62E-06
-86.1557,-3.62E-06
-86.1559,-3.62E-06
-86.1561,-3.62E-06
-86.1563,-3.62E-06
-86.1565,-3.62E-06
-86.1567,-3.62E-06
-86.1569,-3.62E-06
-86.157,-3.62E-06
-86.1572,-3.62E-06
-86.1574,-3.62E-06
-86.1576,-3.62E-06
-86.1578,-3.62E-06
-86.158,-3.62E-06
-86.1581,-3.62E-06
-86.1583,-3.62E-06
-86.1585,-3.62E-06
-86.1587,-3.62E-06
-86.1589,-3.62E-06
-86.1591,-3.62E-06
-86.1592,-3.62E-06
-86.1594,-3.62E-06
-86.1596,-3.62E-06
-86.1598,-3.61E-06
-86.16,-3.61E-06
-86.1602,-3.61E-06
-86.1603,-3.61E-06
-86.1605,-3.61E-06
-86.1607,-3.61E-06
-86.1609,-3.61E-06
-86.1611,-3.61E-06
-86.1613,-3.61E-06
-86.1614,-3.61E-06
-86.1616,-3.61E-06
-86.1618,-3.61E-06
-86.162,-3.61E-06
-86.1622,-3.61E-06
-86.1624,-3.61E-06
-86.1625,-3.61E-06
-86.1627,-3.61E-06
-86.1629,-3.61E-06
-86.1631,-3.61E-06
-86.1633,-3.61E-06
-86.1635,-3.61E-06
-86.1636,-3.61E-06
-86.1638,-3.61E-06
-86.164,-3.61E-06
-86.1642,-3.61E-06
-86.1644,-3.61E-06
-86.1646,-3.61E-06
-86.1647,-3.61E-06
-86.1649,-3.61E-06
-86.1651,-3.61E-06
-86.1653,-3.61E-06
-86.1655,-3.61E-06
-86.1656,-3.61E-06
-86.1658,-3.61E-06
-86.166,-3.61E-06
-86.1662,-3.61E-06
-86.1664,-3.60E-06
-86.1666,-3.60E-06
-86.1667,-3.60E-06
-86.1669,-3.60E-06
-86.1671,-3.60E-06
-86.1673,-3.60E-06
-86.1675,-3.60E-06
-86.1677,-3.60E-06
-86.1678,-3.60E-06
-86.168,-3.60E-06
-86.1682,-3.60E-06
-86.1684,-3.60E-06
-86.1686,-3.60E-06
-86.1687,-3.60E-06
-86.1689,-3.60E-06
-86.1691,-3.60E-06
-86.1693,-3.60E-06
-86.1695,-3.60E-06
-86.1696,-3.60E-06
-86.1698,-3.60E-06
-86.17,-3.60E-06
-86.1702,-3.60E-06
-86.1704,-3.60E-06
-86.1706,-3.60E-06
-86.1707,-3.60E-06
-86.1709,-3.60E-06
-86.1711,-3.60E-06
-86.1713,-3.60E-06
-86.1715,-3.60E-06
-86.1716,-3.60E-06
-86.1718,-3.60E-06
-86.172,-3.60E-06
-86.1722,-3.60E-06
-86.1724,-3.60E-06
-86.1726,-3.60E-06
-86.1727,-3.60E-06
-86.1729,-3.60E-06
-86.1731,-3.59E-06
-86.1733,-3.59E-06
-86.1735,-3.59E-06
-86.1736,-3.59E-06
-86.1738,-3.59E-06
-86.174,-3.59E-06
-86.1742,-3.59E-06
-86.1744,-3.59E-06
-86.1745,-3.59E-06
-86.1747,-3.59E-06
-86.1749,-3.59E-06
-86.1751,-3.59E-06
-86.1753,-3.59E-06
-86.1754,-3.59E-06
-86.1756,-3.59E-06
-86.1758,-3.59E-06
-86.176,-3.59E-06
-86.1762,-3.59E-06
-86.1763,-3.59E-06
-86.1765,-3.59E-06
-86.1767,-3.59E-06
-86.1769,-3.59E-06
-86.1771,-3.59E-06
-86.1772,-3.59E-06
-86.1774,-3.59E-06
-86.1776,-3.59E-06
-86.1778,-3.59E-06
-86.178,-3.59E-06
-86.1781,-3.59E-06
-86.1783,-3.59E-06
-86.1785,-3.59E-06
-86.1787,-3.59E-06
-86.1789,-3.59E-06
-86.179,-3.59E-06
-86.1792,-3.59E-06
-86.1794,-3.59E-06
-86.1796,-3.59E-06
-86.1798,-3.59E-06
-86.1799,-3.58E-06
-86.1801,-3.58E-06
-86.1803,-3.58E-06
-86.1805,-3.58E-06
-86.1807,-3.58E-06
-86.1808,-3.58E-06
-86.181,-3.58E-06
-86.1812,-3.58E-06
-86.1814,-3.58E-06
-86.1816,-3.58E-06
-86.1817,-3.58E-06
-86.1819,-3.58E-06
-86.1821,-3.58E-06
-86.1823,-3.58E-06
-86.1825,-3.58E-06
-86.1826,-3.58E-06
-86.1828,-3.58E-06
-86.183,-3.58E-06
-86.1832,-3.58E-06
-86.1833,-3.58E-06
-86.1835,-3.58E-06
-86.1837,-3.58E-06
-86.1839,-3.58E-06
-86.1841,-3.58E-06
-86.1842,-3.58E-06
-86.1844,-3.58E-06
-86.1846,-3.58E-06
-86.1848,-3.58E-06
-86.185,-3.58E-06
-86.1851,-3.58E-06
-86.1853,-3.58E-06
-86.1855,-3.58E-06
-86.1857,-3.58E-06
-86.1858,-3.58E-06
-86.186,-3.58E-06
-86.1862,-3.58E-06
-86.1864,-3.58E-06
-86.1866,-3.57E-06
-86.1867,-3.57E-06
-86.1869,-3.57E-06
-86.1871,-3.57E-06
-86.1873,-3.57E-06
-86.1875,-3.57E-06
-86.1876,-3.57E-06
-86.1878,-3.57E-06
-86.188,-3.57E-06
-86.1882,-3.57E-06
-86.1883,-3.57E-06
-86.1885,-3.57E-06
-86.1887,-3.57E-06
-86.1889,-3.57E-06
-86.1891,-3.57E-06
-86.1892,-3.57E-06
-86.1894,-3.57E-06
-86.1896,-3.57E-06
-86.1898,-3.57E-06
-86.1899,-3.57E-06
-86.1901,-3.57E-06
-86.1903,-3.57E-06
-86.1905,-3.57E-06
-86.1907,-3.57E-06
-86.1908,-3.57E-06
-86.191,-3.57E-06
-86.1912,-3.57E-06
-86.1914,-3.57E-06
-86.1915,-3.57E-06
-86.1917,-3.57E-06
-86.1919,-3.57E-06
-86.1921,-3.57E-06
-86.1922,-3.57E-06
-86.1924,-3.57E-06
-86.1926,-3.57E-06
-86.1928,-3.57E-06
-86.193,-3.57E-06
-86.1931,-3.57E-06
-86.1933,-3.57E-06
-86.1935,-3.56E-06
-86.1937,-3.56E-06
-86.1938,-3.56E-06
-86.194,-3.56E-06
-86.1942,-3.56E-06
-86.1944,-3.56E-06
-86.1945,-3.56E-06
-86.1947,-3.56E-06
-86.1949,-3.56E-06
-86.1951,-3.56E-06
-86.1953,-3.56E-06
-86.1954,-3.56E-06
-86.1956,-3.56E-06
-86.1958,-3.56E-06
-86.196,-3.56E-06
-86.1961,-3.56E-06
-86.1963,-3.56E-06
-86.1965,-3.56E-06
-86.1967,-3.56E-06
-86.1968,-3.56E-06
-86.197,-3.56E-06
-86.1972,-3.56E-06
-86.1974,-3.56E-06
-86.1975,-3.56E-06
-86.1977,-3.56E-06
-86.1979,-3.56E-06
-86.1981,-3.56E-06
-86.1983,-3.56E-06
-86.1984,-3.56E-06
-86.1986,-3.56E-06
-86.1988,-3.56E-06
-86.199,-3.56E-06
-86.1991,-3.56E-06
-86.1993,-3.56E-06
-86.1995,-3.56E-06
-86.1997,-3.56E-06
-86.1998,-3.56E-06
-86.2,-3.56E-06
-86.2002,-3.55E-06
-86.2004,-3.55E-06
-86.2005,-3.55E-06
-86.2007,-3.55E-06
-86.2009,-3.55E-06
-86.2011,-3.55E-06
-86.2012,-3.55E-06
-86.2014,-3.55E-06
-86.2016,-3.55E-06
-86.2018,-3.55E-06
-86.2019,-3.55E-06
-86.2021,-3.55E-06
-86.2023,-3.55E-06
-86.2025,-3.55E-06
-86.2026,-3.55E-06
-86.2028,-3.55E-06
-86.203,-3.55E-06
-86.2032,-3.55E-06
-86.2033,-3.55E-06
-86.2035,-3.55E-06
-86.2037,-3.55E-06
-86.2039,-3.55E-06
-86.204,-3.55E-06
-86.2042,-3.55E-06
-86.2044,-3.55E-06
-86.2046,-3.55E-06
-86.2047,-3.55E-06
-86.2049,-3.55E-06
-86.2051,-3.55E-06
-86.2053,-3.55E-06
-86.2054,-3.55E-06
-86.2056,-3.55E-06
-86.2058,-3.55E-06
-86.206,-3.55E-06
-86.2061,-3.55E-06
-86.2063,-3.55E-06
-86.2065,-3.55E-06
-86.2067,-3.55E-06
-86.2068,-3.54E-06
-86.207,-3.54E-06
-86.2072,-3.54E-06
-86.2074,-3.54E-06
-86.2075,-3.54E-06
-86.2077,-3.54E-06
-86.2079,-3.54E-06
-86.2081,-3.54E-06
-86.2082,-3.54E-06
-86.2084,-3.54E-06
-86.2086,-3.54E-06
-86.2088,-3.54E-06
-86.2089,-3.54E-06
-86.2091,-3.54E-06
-86.2093,-3.54E-06
-86.2095,-3.54E-06
-86.2096,-3.54E-06
-86.2098,-3.54E-06
-86.21,-3.54E-06
-86.2101,-3.54E-06
-86.2103,-3.54E-06
-86.2105,-3.54E-06
-86.2107,-3.54E-06
-86.2108,-3.54E-06
-86.211,-3.54E-06
-86.2112,-3.54E-06
-86.2114,-3.54E-06
-86.2115,-3.54E-06
-86.2117,-3.54E-06
-86.2119,-3.54E-06
-86.2121,-3.54E-06
-86.2122,-3.54E-06
-86.2124,-3.54E-06
-86.2126,-3.54E-06
-86.2127,-3.54E-06
-86.2129,-3.54E-06
-86.2131,-3.54E-06
-86.2133,-3.54E-06
-86.2134,-3.53E-06
-86.2136,-3.53E-06
-86.2138,-3.53E-06
-86.214,-3.53E-06
-86.2141,-3.53E-06
-86.2143,-3.53E-06
-86.2145,-3.53E-06
-86.2147,-3.53E-06
-86.2148,-3.53E-06
-86.215,-3.53E-06
-86.2152,-3.53E-06
-86.2153,-3.53E-06
-86.2155,-3.53E-06
-86.2157,-3.53E-06
-86.2159,-3.53E-06
-86.216,-3.53E-06
-86.2162,-3.53E-06
-86.2164,-3.53E-06
-86.2166,-3.53E-06
-86.2167,-3.53E-06
-86.2169,-3.53E-06
-86.2171,-3.53E-06
-86.2172,-3.53E-06
-86.2174,-3.53E-06
-86.2176,-3.53E-06
-86.2178,-3.53E-06
-86.2179,-3.53E-06
-86.2181,-3.53E-06
-86.2183,-3.53E-06
-86.2184,-3.53E-06
-86.2186,-3.53E-06
-86.2188,-3.53E-06
-86.219,-3.53E-06
-86.2191,-3.53E-06
-86.2193,-3.53E-06
-86.2195,-3.53E-06
-86.2197,-3.53E-06
-86.2198,-3.53E-06
-86.22,-3.53E-06
-86.2202,-3.52E-06
-86.2203,-3.52E-06
-86.2205,-3.52E-06
-86.2207,-3.52E-06
-86.2209,-3.52E-06
-86.221,-3.52E-06
-86.2212,-3.52E-06
-86.2214,-3.52E-06
-86.2215,-3.52E-06
-86.2217,-3.52E-06
-86.2219,-3.52E-06
-86.2221,-3.52E-06
-86.2222,-3.52E-06
-86.2224,-3.52E-06
-86.2226,-3.52E-06
-86.2227,-3.52E-06
-86.2229,-3.52E-06
-86.2231,-3.52E-06
-86.2233,-3.52E-06
-86.2234,-3.52E-06
-86.2236,-3.52E-06
-86.2238,-3.52E-06
-86.2239,-3.52E-06
-86.2241,-3.52E-06
-86.2243,-3.52E-06
-86.2245,-3.52E-06
-86.2246,-3.52E-06
-86.2248,-3.52E-06
-86.225,-3.52E-06
-86.2251,-3.52E-06
-86.2253,-3.52E-06
-86.2255,-3.52E-06
-86.2257,-3.52E-06
-86.2258,-3.52E-06
-86.226,-3.52E-06
-86.2262,-3.52E-06
-86.2263,-3.52E-06
-86.2265,-3.52E-06
-86.2267,-3.52E-06
-86.2268,-3.51E-06
-86.227,-3.51E-06
-86.2272,-3.51E-06
-86.2274,-3.51E-06
-86.2275,-3.51E-06
-86.2277,-3.51E-06
-86.2279,-3.51E-06
-86.228,-3.51E-06
-86.2282,-3.51E-06
-86.2284,-3.51E-06
-86.2285,-3.51E-06
-86.2287,-3.51E-06
-86.2289,-3.51E-06
-86.2291,-3.51E-06
-86.2292,-3.51E-06
-86.2294,-3.51E-06
-86.2296,-3.51E-06
-86.2297,-3.51E-06
-86.2299,-3.51E-06
-86.2301,-3.51E-06
-86.2303,-3.51E-06
-86.2304,-3.51E-06
-86.2306,-3.51E-06
-86.2308,-3.51E-06
-86.2309,-3.51E-06
-86.2311,-3.51E-06
-86.2313,-3.51E-06
-86.2314,-3.51E-06
-86.2316,-3.51E-06
-86.2318,-3.51E-06
-86.2319,-3.51E-06
-86.2321,-3.51E-06
-86.2323,-3.51E-06
-86.2325,-3.51E-06
-86.2326,-3.51E-06
-86.2328,-3.51E-06
-86.233,-3.51E-06
-86.2331,-3.51E-06
-86.2333,-3.51E-06
-86.2335,-3.51E-06
-86.2336,-3.50E-06
-86.2338,-3.50E-06
-86.234,-3.50E-06
-86.2342,-3.50E-06
-86.2343,-3.50E-06
-86.2345,-3.50E-06
-86.2347,-3.50E-06
-86.2348,-3.50E-06
-86.235,-3.50E-06
-86.2352,-3.50E-06
-86.2353,-3.50E-06
-86.2355,-3.50E-06
-86.2357,-3.50E-06
-86.2358,-3.50E-06
-86.236,-3.50E-06
-86.2362,-3.50E-06
-86.2363,-3.50E-06
-86.2365,-3.50E-06
-86.2367,-3.50E-06
-86.2369,-3.50E-06
-86.237,-3.50E-06
-86.2372,-3.50E-06
-86.2374,-3.50E-06
-86.2375,-3.50E-06
-86.2377,-3.50E-06
-86.2379,-3.50E-06
-86.238,-3.50E-06
-86.2382,-3.50E-06
-86.2384,-3.50E-06
-86.2385,-3.50E-06
-86.2387,-3.50E-06
-86.2389,-3.50E-06
-86.239,-3.50E-06
-86.2392,-3.50E-06
-86.2394,-3.50E-06
-86.2395,-3.50E-06
-86.2397,-3.50E-06
-86.2399,-3.50E-06
-86.2401,-3.50E-06
-86.2402,-3.50E-06
-86.2404,-3.49E-06
-86.2406,-3.49E-06
-86.2407,-3.49E-06
-86.2409,-3.49E-06
-86.2411,-3.49E-06
-86.2412,-3.49E-06
-86.2414,-3.49E-06
-86.2416,-3.49E-06
-86.2417,-3.49E-06
-86.2419,-3.49E-06
-86.2421,-3.49E-06
-86.2422,-3.49E-06
-86.2424,-3.49E-06
-86.2426,-3.49E-06
-86.2427,-3.49E-06
-86.2429,-3.49E-06
-86.2431,-3.49E-06
-86.2432,-3.49E-06
-86.2434,-3.49E-06
-86.2436,-3.49E-06
-86.2437,-3.49E-06
-86.2439,-3.49E-06
-86.2441,-3.49E-06
-86.2442,-3.49E-06
-86.2444,-3.49E-06
-86.2446,-3.49E-06
-86.2447,-3.49E-06
-86.2449,-3.49E-06
-86.2451,-3.49E-06
-86.2452,-3.49E-06
-86.2454,-3.49E-06
-86.2456,-3.49E-06
-86.2457,-3.49E-06
-86.2459,-3.49E-06
-86.2461,-3.49E-06
-86.2463,-3.49E-06
-86.2464,-3.49E-06
-86.2466,-3.49E-06
-86.2468,-3.49E-06
-86.2469,-3.49E-06
-86.2471,-3.48E-06
-86.2473,-3.48E-06
-86.2474,-3.48E-06
-86.2476,-3.48E-06
-86.2478,-3.48E-06
-86.2479,-3.48E-06
-86.2481,-3.48E-06
-86.2483,-3.48E-06
-86.2484,-3.48E-06
-86.2486,-3.48E-06
-86.2488,-3.48E-06
-86.2489,-3.48E-06
-86.2491,-3.48E-06
-86.2493,-3.48E-06
-86.2494,-3.48E-06
-86.2496,-3.48E-06
-86.2497,-3.48E-06
-86.2499,-3.48E-06
-86.2501,-3.48E-06
-86.2502,-3.48E-06
-86.2504,-3.48E-06
-86.2506,-3.48E-06
-86.2507,-3.48E-06
-86.2509,-3.48E-06
-86.2511,-3.48E-06
-86.2512,-3.48E-06
-86.2514,-3.48E-06
-86.2516,-3.48E-06
-86.2517,-3.48E-06
-86.2519,-3.48E-06
-86.2521,-3.48E-06
-86.2522,-3.48E-06
-86.2524,-3.48E-06
-86.2526,-3.48E-06
-86.2527,-3.48E-06
-86.2529,-3.48E-06
-86.2531,-3.48E-06
-86.2532,-3.48E-06
-86.2534,-3.48E-06
-86.2536,-3.48E-06
-86.2537,-3.48E-06
-86.2539,-3.47E-06
-86.2541,-3.47E-06
-86.2542,-3.47E-06
-86.2544,-3.47E-06
-86.2546,-3.47E-06
-86.2547,-3.47E-06
-86.2549,-3.47E-06
-86.2551,-3.47E-06
-86.2552,-3.47E-06
-86.2554,-3.47E-06
-86.2555,-3.47E-06
-86.2557,-3.47E-06
-86.2559,-3.47E-06
-86.256,-3.47E-06
-86.2562,-3.47E-06
-86.2564,-3.47E-06
-86.2565,-3.47E-06
-86.2567,-3.47E-06
-86.2569,-3.47E-06
-86.257,-3.47E-06
-86.2572,-3.47E-06
-86.2574,-3.47E-06
-86.2575,-3.47E-06
-86.2577,-3.47E-06
-86.2579,-3.47E-06
-86.258,-3.47E-06
-86.2582,-3.47E-06
-86.2584,-3.47E-06
-86.2585,-3.47E-06
-86.2587,-3.47E-06
-86.2588,-3.47E-06
-86.259,-3.47E-06
-86.2592,-3.47E-06
-86.2593,-3.47E-06
-86.2595,-3.47E-06
-86.2597,-3.47E-06
-86.2598,-3.47E-06
-86.26,-3.47E-06
-86.2602,-3.47E-06
-86.2603,-3.47E-06
-86.2605,-3.46E-06
-86.2607,-3.46E-06
-86.2608,-3.46E-06
-86.261,-3.46E-06
-86.2611,-3.46E-06
-86.2613,-3.46E-06
-86.2615,-3.46E-06
-86.2616,-3.46E-06
-86.2618,-3.46E-06
-86.262,-3.46E-06
-86.2621,-3.46E-06
-86.2623,-3.46E-06
-86.2625,-3.46E-06
-86.2626,-3.46E-06
-86.2628,-3.46E-06
-86.263,-3.46E-06
-86.2631,-3.46E-06
-86.2633,-3.46E-06
-86.2634,-3.46E-06
-86.2636,-3.46E-06
-86.2638,-3.46E-06
-86.2639,-3.46E-06
-86.2641,-3.46E-06
-86.2643,-3.46E-06
-86.2644,-3.46E-06
-86.2646,-3.46E-06
-86.2648,-3.46E-06
-86.2649,-3.46E-06
-86.2651,-3.46E-06
-86.2652,-3.46E-06
-86.2654,-3.46E-06
-86.2656,-3.46E-06
-86.2657,-3.46E-06
-86.2659,-3.46E-06
-86.2661,-3.46E-06
-86.2662,-3.46E-06
-86.2664,-3.46E-06
-86.2665,-3.46E-06
-86.2667,-3.46E-06
-86.2669,-3.46E-06
-86.267,-3.45E-06
-86.2672,-3.45E-06
-86.2674,-3.45E-06
-86.2675,-3.45E-06
-86.2677,-3.45E-06
-86.2679,-3.45E-06
-86.268,-3.45E-06
-86.2682,-3.45E-06
-86.2683,-3.45E-06
-86.2685,-3.45E-06
-86.2687,-3.45E-06
-86.2688,-3.45E-06
-86.269,-3.45E-06
-86.2692,-3.45E-06
-86.2693,-3.45E-06
-86.2695,-3.45E-06
-86.2696,-3.45E-06
-86.2698,-3.45E-06
-86.27,-3.45E-06
-86.2701,-3.45E-06
-86.2703,-3.45E-06
-86.2705,-3.45E-06
-86.2706,-3.45E-06
-86.2708,-3.45E-06
-86.2709,-3.45E-06
-86.2711,-3.45E-06
-86.2713,-3.45E-06
-86.2714,-3.45E-06
-86.2716,-3.45E-06
-86.2718,-3.45E-06
-86.2719,-3.45E-06
-86.2721,-3.45E-06
-86.2722,-3.45E-06
-86.2724,-3.45E-06
-86.2726,-3.45E-06
-86.2727,-3.45E-06
-86.2729,-3.45E-06
-86.273,-3.45E-06
-86.2732,-3.45E-06
-86.2734,-3.45E-06
-86.2735,-3.45E-06
-86.2737,-3.44E-06
-86.2739,-3.44E-06
-86.274,-3.44E-06
-86.2742,-3.44E-06
-86.2743,-3.44E-06
-86.2745,-3.44E-06
-86.2747,-3.44E-06
-86.2748,-3.44E-06
-86.275,-3.44E-06
-86.2752,-3.44E-06
-86.2753,-3.44E-06
-86.2755,-3.44E-06
-86.2756,-3.44E-06
-86.2758,-3.44E-06
-86.276,-3.44E-06
-86.2761,-3.44E-06
-86.2763,-3.44E-06
-86.2764,-3.44E-06
-86.2766,-3.44E-06
-86.2768,-3.44E-06
-86.2769,-3.44E-06
-86.2771,-3.44E-06
-86.2772,-3.44E-06
-86.2774,-3.44E-06
-86.2776,-3.44E-06
-86.2777,-3.44E-06
-86.2779,-3.44E-06
-86.2781,-3.44E-06
-86.2782,-3.44E-06
-86.2784,-3.44E-06
-86.2785,-3.44E-06
-86.2787,-3.44E-06
-86.2789,-3.44E-06
-86.279,-3.44E-06
-86.2792,-3.44E-06
-86.2793,-3.44E-06
-86.2795,-3.44E-06
-86.2797,-3.44E-06
-86.2798,-3.44E-06
-86.28,-3.44E-06
-86.2801,-3.44E-06
-86.2803,-3.44E-06
-86.2805,-3.43E-06
-86.2806,-3.43E-06
-86.2808,-3.43E-06
-86.2809,-3.43E-06
-86.2811,-3.43E-06
-86.2813,-3.43E-06
-86.2814,-3.43E-06
-86.2816,-3.43E-06
-86.2817,-3.43E-06
-86.2819,-3.43E-06
-86.2821,-3.43E-06
-86.2822,-3.43E-06
-86.2824,-3.43E-06
-86.2826,-3.43E-06
-86.2827,-3.43E-06
-86.2829,-3.43E-06
-86.283,-3.43E-06
-86.2832,-3.43E-06
-86.2834,-3.43E-06
-86.2835,-3.43E-06
-86.2837,-3.43E-06
-86.2838,-3.43E-06
-86.284,-3.43E-06
-86.2842,-3.43E-06
-86.2843,-3.43E-06
-86.2845,-3.43E-06
-86.2846,-3.43E-06
-86.2848,-3.43E-06
-86.285,-3.43E-06
-86.2851,-3.43E-06
-86.2853,-3.43E-06
-86.2854,-3.43E-06
-86.2856,-3.43E-06
-86.2857,-3.43E-06
-86.2859,-3.43E-06
-86.2861,-3.43E-06
-86.2862,-3.43E-06
-86.2864,-3.43E-06
-86.2865,-3.43E-06
-86.2867,-3.43E-06
-86.2869,-3.43E-06
-86.287,-3.43E-06
-86.2872,-3.43E-06
-86.2873,-3.42E-06
-86.2875,-3.42E-06
-86.2877,-3.42E-06
-86.2878,-3.42E-06
-86.288,-3.42E-06
-86.2881,-3.42E-06
-86.2883,-3.42E-06
-86.2885,-3.42E-06
-86.2886,-3.42E-06
-86.2888,-3.42E-06
-86.2889,-3.42E-06
-86.2891,-3.42E-06
-86.2893,-3.42E-06
-86.2894,-3.42E-06
-86.2896,-3.42E-06
-86.2897,-3.42E-06
-86.2899,-3.42E-06
-86.29,-3.42E-06
-86.2902,-3.42E-06
-86.2904,-3.42E-06
-86.2905,-3.42E-06
-86.2907,-3.42E-06
-86.2908,-3.42E-06
-86.291,-3.42E-06
-86.2912,-3.42E-06
-86.2913,-3.42E-06
-86.2915,-3.42E-06
-86.2916,-3.42E-06
-86.2918,-3.42E-06
-86.2919,-3.42E-06
-86.2921,-3.42E-06
-86.2923,-3.42E-06
-86.2924,-3.42E-06
-86.2926,-3.42E-06
-86.2927,-3.42E-06
-86.2929,-3.42E-06
-86.2931,-3.42E-06
-86.2932,-3.42E-06
-86.2934,-3.42E-06
-86.2935,-3.42E-06
-86.2937,-3.42E-06
-86.2938,-3.42E-06
-86.294,-3.41E-06
-86.2942,-3.41E-06
-86.2943,-3.41E-06
-86.2945,-3.41E-06
-86.2946,-3.41E-06
-86.2948,-3.41E-06
-86.295,-3.41E-06
-86.2951,-3.41E-06
-86.2953,-3.41E-06
-86.2954,-3.41E-06
-86.2956,-3.41E-06
-86.2957,-3.41E-06
-86.2959,-3.41E-06
-86.2961,-3.41E-06
-86.2962,-3.41E-06
-86.2964,-3.41E-06
-86.2965,-3.41E-06
-86.2967,-3.41E-06
-86.2968,-3.41E-06
-86.297,-3.41E-06
-86.2972,-3.41E-06
-86.2973,-3.41E-06
-86.2975,-3.41E-06
-86.2976,-3.41E-06
-86.2978,-3.41E-06
-86.2979,-3.41E-06
-86.2981,-3.41E-06
-86.2983,-3.41E-06
-86.2984,-3.41E-06
-86.2986,-3.41E-06
-86.2987,-3.41E-06
-86.2989,-3.41E-06
-86.2991,-3.41E-06
-86.2992,-3.41E-06
-86.2994,-3.41E-06
-86.2995,-3.41E-06
-86.2997,-3.41E-06
-86.2998,-3.41E-06
-86.3,-3.41E-06
-86.3001,-3.41E-06
-86.3003,-3.41E-06
-86.3005,-3.41E-06
-86.3006,-3.41E-06
-86.3008,-3.40E-06
-86.3009,-3.40E-06
-86.3011,-3.40E-06
-86.3012,-3.40E-06
-86.3014,-3.40E-06
-86.3016,-3.40E-06
-86.3017,-3.40E-06
-86.3019,-3.40E-06
-86.302,-3.40E-06
-86.3022,-3.40E-06
-86.3023,-3.40E-06
-86.3025,-3.40E-06
-86.3027,-3.40E-06
-86.3028,-3.40E-06
-86.303,-3.40E-06
-86.3031,-3.40E-06
-86.3033,-3.40E-06
-86.3034,-3.40E-06
-86.3036,-3.40E-06
-86.3038,-3.40E-06
-86.3039,-3.40E-06
-86.3041,-3.40E-06
-86.3042,-3.40E-06
-86.3044,-3.40E-06
-86.3045,-3.40E-06
-86.3047,-3.40E-06
-86.3048,-3.40E-06
-86.305,-3.40E-06
-86.3052,-3.40E-06
-86.3053,-3.40E-06
-86.3055,-3.40E-06
-86.3056,-3.40E-06
-86.3058,-3.40E-06
-86.3059,-3.40E-06
-86.3061,-3.40E-06
-86.3062,-3.40E-06
-86.3064,-3.40E-06
-86.3066,-3.40E-06
-86.3067,-3.40E-06
-86.3069,-3.40E-06
-86.307,-3.40E-06
-86.3072,-3.40E-06
-86.3073,-3.39E-06
-86.3075,-3.39E-06
-86.3076,-3.39E-06
-86.3078,-3.39E-06
-86.308,-3.39E-06
-86.3081,-3.39E-06
-86.3083,-3.39E-06
-86.3084,-3.39E-06
-86.3086,-3.39E-06
-86.3087,-3.39E-06
-86.3089,-3.39E-06
-86.309,-3.39E-06
-86.3092,-3.39E-06
-86.3094,-3.39E-06
-86.3095,-3.39E-06
-86.3097,-3.39E-06
-86.3098,-3.39E-06
-86.31,-3.39E-06
-86.3101,-3.39E-06
-86.3103,-3.39E-06
-86.3104,-3.39E-06
-86.3106,-3.39E-06
-86.3108,-3.39E-06
-86.3109,-3.39E-06
-86.3111,-3.39E-06
-86.3112,-3.39E-06
-86.3114,-3.39E-06
-86.3115,-3.39E-06
-86.3117,-3.39E-06
-86.3118,-3.39E-06
-86.312,-3.39E-06
-86.3121,-3.39E-06
-86.3123,-3.39E-06
-86.3125,-3.39E-06
-86.3126,-3.39E-06
-86.3128,-3.39E-06
-86.3129,-3.39E-06
-86.3131,-3.39E-06
-86.3132,-3.39E-06
-86.3134,-3.39E-06
-86.3135,-3.39E-06
-86.3137,-3.39E-06
-86.3138,-3.38E-06
-86.314,-3.38E-06
-86.3142,-3.38E-06
-86.3143,-3.38E-06
-86.3145,-3.38E-06
-86.3146,-3.38E-06
-86.3148,-3.38E-06
-86.3149,-3.38E-06
-86.3151,-3.38E-06
-86.3152,-3.38E-06
-86.3154,-3.38E-06
-86.3155,-3.38E-06
-86.3157,-3.38E-06
-86.3159,-3.38E-06
-86.316,-3.38E-06
-86.3162,-3.38E-06
-86.3163,-3.38E-06
-86.3165,-3.38E-06
-86.3166,-3.38E-06
-86.3168,-3.38E-06
-86.3169,-3.38E-06
-86.3171,-3.38E-06
-86.3172,-3.38E-06
-86.3174,-3.38E-06
-86.3175,-3.38E-06
-86.3177,-3.38E-06
-86.3179,-3.38E-06
-86.318,-3.38E-06
-86.3182,-3.38E-06
-86.3183,-3.38E-06
-86.3185,-3.38E-06
-86.3186,-3.38E-06
-86.3188,-3.38E-06
-86.3189,-3.38E-06
-86.3191,-3.38E-06
-86.3192,-3.38E-06
-86.3194,-3.38E-06
-86.3195,-3.38E-06
-86.3197,-3.38E-06
-86.3199,-3.38E-06
-86.32,-3.38E-06
-86.3202,-3.38E-06
-86.3203,-3.38E-06
-86.3205,-3.37E-06
-86.3206,-3.37E-06
-86.3208,-3.37E-06
-86.3209,-3.37E-06
-86.3211,-3.37E-06
-86.3212,-3.37E-06
-86.3214,-3.37E-06
-86.3215,-3.37E-06
-86.3217,-3.37E-06
-86.3218,-3.37E-06
-86.322,-3.37E-06
-86.3221,-3.37E-06
-86.3223,-3.37E-06
-86.3225,-3.37E-06
-86.3226,-3.37E-06
-86.3228,-3.37E-06
-86.3229,-3.37E-06
-86.3231,-3.37E-06
-86.3232,-3.37E-06
-86.3234,-3.37E-06
-86.3235,-3.37E-06
-86.3237,-3.37E-06
-86.3238,-3.37E-06
-86.324,-3.37E-06
-86.3241,-3.37E-06
-86.3243,-3.37E-06
-86.3244,-3.37E-06
-86.3246,-3.37E-06
-86.3247,-3.37E-06
-86.3249,-3.37E-06
-86.325,-3.37E-06
-86.3252,-3.37E-06
-86.3254,-3.37E-06
-86.3255,-3.37E-06
-86.3257,-3.37E-06
-86.3258,-3.37E-06
-86.326,-3.37E-06
-86.3261,-3.37E-06
-86.3263,-3.37E-06
-86.3264,-3.37E-06
-86.3266,-3.37E-06
-86.3267,-3.37E-06
-86.3269,-3.37E-06
-86.327,-3.37E-06
-86.3272,-3.37E-06
-86.3273,-3.36E-06
-86.3275,-3.36E-06
-86.3276,-3.36E-06
-86.3278,-3.36E-06
-86.3279,-3.36E-06
-86.3281,-3.36E-06
-86.3282,-3.36E-06
-86.3284,-3.36E-06
-86.3285,-3.36E-06
-86.3287,-3.36E-06
-86.3288,-3.36E-06
-86.329,-3.36E-06
-86.3292,-3.36E-06
-86.3293,-3.36E-06
-86.3295,-3.36E-06
-86.3296,-3.36E-06
-86.3298,-3.36E-06
-86.3299,-3.36E-06
-86.3301,-3.36E-06
-86.3302,-3.36E-06
-86.3304,-3.36E-06
-86.3305,-3.36E-06
-86.3307,-3.36E-06
-86.3308,-3.36E-06
-86.331,-3.36E-06
-86.3311,-3.36E-06
-86.3313,-3.36E-06
-86.3314,-3.36E-06
-86.3316,-3.36E-06
-86.3317,-3.36E-06
-86.3319,-3.36E-06
-86.332,-3.36E-06
-86.3322,-3.36E-06
-86.3323,-3.36E-06
-86.3325,-3.36E-06
-86.3326,-3.36E-06
-86.3328,-3.36E-06
-86.3329,-3.36E-06
-86.3331,-3.36E-06
-86.3332,-3.36E-06
-86.3334,-3.36E-06
-86.3335,-3.36E-06
-86.3337,-3.36E-06
-86.3338,-3.36E-06
-86.334,-3.36E-06
-86.3341,-3.35E-06
-86.3343,-3.35E-06
-86.3344,-3.35E-06
-86.3346,-3.35E-06
-86.3347,-3.35E-06
-86.3349,-3.35E-06
-86.335,-3.35E-06
-86.3352,-3.35E-06
-86.3353,-3.35E-06
-86.3355,-3.35E-06
-86.3356,-3.35E-06
-86.3358,-3.35E-06
-86.3359,-3.35E-06
-86.3361,-3.35E-06
-86.3363,-3.35E-06
-86.3364,-3.35E-06
-86.3366,-3.35E-06
-86.3367,-3.35E-06
-86.3369,-3.35E-06
-86.337,-3.35E-06
-86.3372,-3.35E-06
-86.3373,-3.35E-06
-86.3375,-3.35E-06
-86.3376,-3.35E-06
-86.3378,-3.35E-06
-86.3379,-3.35E-06
-86.3381,-3.35E-06
-86.3382,-3.35E-06
-86.3384,-3.35E-06
-86.3385,-3.35E-06
-86.3387,-3.35E-06
-86.3388,-3.35E-06
-86.339,-3.35E-06
-86.3391,-3.35E-06
-86.3393,-3.35E-06
-86.3394,-3.35E-06
-86.3396,-3.35E-06
-86.3397,-3.35E-06
-86.3399,-3.35E-06
-86.34,-3.35E-06
-86.3402,-3.35E-06
-86.3403,-3.35E-06
-86.3404,-3.35E-06
-86.3406,-3.35E-06
-86.3407,-3.35E-06
-86.3409,-3.34E-06
-86.341,-3.34E-06
-86.3412,-3.34E-06
-86.3413,-3.34E-06
-86.3415,-3.34E-06
-86.3416,-3.34E-06
-86.3418,-3.34E-06
-86.3419,-3.34E-06
-86.3421,-3.34E-06
-86.3422,-3.34E-06
-86.3424,-3.34E-06
-86.3425,-3.34E-06
-86.3427,-3.34E-06
-86.3428,-3.34E-06
-86.343,-3.34E-06
-86.3431,-3.34E-06
-86.3433,-3.34E-06
-86.3434,-3.34E-06
-86.3436,-3.34E-06
-86.3437,-3.34E-06
-86.3439,-3.34E-06
-86.344,-3.34E-06
-86.3442,-3.34E-06
-86.3443,-3.34E-06
-86.3445,-3.34E-06
-86.3446,-3.34E-06
-86.3448,-3.34E-06
-86.3449,-3.34E-06
-86.3451,-3.34E-06
-86.3452,-3.34E-06
-86.3454,-3.34E-06
-86.3455,-3.34E-06
-86.3457,-3.34E-06
-86.3458,-3.34E-06
-86.346,-3.34E-06
-86.3461,-3.34E-06
-86.3463,-3.34E-06
-86.3464,-3.34E-06
-86.3466,-3.34E-06
-86.3467,-3.34E-06
-86.3469,-3.34E-06
-86.347,-3.34E-06
-86.3472,-3.34E-06
-86.3473,-3.34E-06
-86.3475,-3.34E-06
-86.3476,-3.33E-06
-86.3477,-3.33E-06
-86.3479,-3.33E-06
-86.348,-3.33E-06
-86.3482,-3.33E-06
-86.3483,-3.33E-06
-86.3485,-3.33E-06
-86.3486,-3.33E-06
-86.3488,-3.33E-06
-86.3489,-3.33E-06
-86.3491,-3.33E-06
-86.3492,-3.33E-06
-86.3494,-3.33E-06
-86.3495,-3.33E-06
-86.3497,-3.33E-06
-86.3498,-3.33E-06
-86.35,-3.33E-06
-86.3501,-3.33E-06
-86.3503,-3.33E-06
-86.3504,-3.33E-06
-86.3506,-3.33E-06
-86.3507,-3.33E-06
-86.3509,-3.33E-06
-86.351,-3.33E-06
-86.3512,-3.33E-06
-86.3513,-3.33E-06
-86.3514,-3.33E-06
-86.3516,-3.33E-06
-86.3517,-3.33E-06
-86.3519,-3.33E-06
-86.352,-3.33E-06
-86.3522,-3.33E-06
-86.3523,-3.33E-06
-86.3525,-3.33E-06
-86.3526,-3.33E-06
-86.3528,-3.33E-06
-86.3529,-3.33E-06
-86.3531,-3.33E-06
-86.3532,-3.33E-06
-86.3534,-3.33E-06
-86.3535,-3.33E-06
-86.3537,-3.33E-06
-86.3538,-3.33E-06
-86.354,-3.33E-06
-86.3541,-3.32E-06
-86.3542,-3.32E-06
-86.3544,-3.32E-06
-86.3545,-3.32E-06
-86.3547,-3.32E-06
-86.3548,-3.32E-06
-86.355,-3.32E-06
-86.3551,-3.32E-06
-86.3553,-3.32E-06
-86.3554,-3.32E-06
-86.3556,-3.32E-06
-86.3557,-3.32E-06
-86.3559,-3.32E-06
-86.356,-3.32E-06
-86.3562,-3.32E-06
-86.3563,-3.32E-06
-86.3565,-3.32E-06
-86.3566,-3.32E-06
-86.3567,-3.32E-06
-86.3569,-3.32E-06
-86.357,-3.32E-06
-86.3572,-3.32E-06
-86.3573,-3.32E-06
-86.3575,-3.32E-06
-86.3576,-3.32E-06
-86.3578,-3.32E-06
-86.3579,-3.32E-06
-86.3581,-3.32E-06
-86.3582,-3.32E-06
-86.3584,-3.32E-06
-86.3585,-3.32E-06
-86.3587,-3.32E-06
-86.3588,-3.32E-06
-86.3589,-3.32E-06
-86.3591,-3.32E-06
-86.3592,-3.32E-06
-86.3594,-3.32E-06
-86.3595,-3.32E-06
-86.3597,-3.32E-06
-86.3598,-3.32E-06
-86.36,-3.32E-06
-86.3601,-3.32E-06
-86.3603,-3.32E-06
-86.3604,-3.32E-06
-86.3606,-3.32E-06
-86.3607,-3.32E-06
-86.3608,-3.31E-06
-86.361,-3.31E-06
-86.3611,-3.31E-06
-86.3613,-3.31E-06
-86.3614,-3.31E-06
-86.3616,-3.31E-06
-86.3617,-3.31E-06
-86.3619,-3.31E-06
-86.362,-3.31E-06
-86.3622,-3.31E-06
-86.3623,-3.31E-06
-86.3624,-3.31E-06
-86.3626,-3.31E-06
-86.3627,-3.31E-06
-86.3629,-3.31E-06
-86.363,-3.31E-06
-86.3632,-3.31E-06
-86.3633,-3.31E-06
-86.3635,-3.31E-06
-86.3636,-3.31E-06
-86.3638,-3.31E-06
-86.3639,-3.31E-06
-86.364,-3.31E-06
-86.3642,-3.31E-06
-86.3643,-3.31E-06
-86.3645,-3.31E-06
-86.3646,-3.31E-06
-86.3648,-3.31E-06
-86.3649,-3.31E-06
-86.3651,-3.31E-06
-86.3652,-3.31E-06
-86.3654,-3.31E-06
-86.3655,-3.31E-06
-86.3656,-3.31E-06
-86.3658,-3.31E-06
-86.3659,-3.31E-06
-86.3661,-3.31E-06
-86.3662,-3.31E-06
-86.3664,-3.31E-06
-86.3665,-3.31E-06
-86.3667,-3.31E-06
-86.3668,-3.31E-06
-86.367,-3.31E-06
-86.3671,-3.31E-06
-86.3672,-3.31E-06
-86.3674,-3.31E-06
-86.3675,-3.31E-06
-86.3677,-3.30E-06
-86.3678,-3.30E-06
-86.368,-3.30E-06
-86.3681,-3.30E-06
-86.3683,-3.30E-06
-86.3684,-3.30E-06
-86.3685,-3.30E-06
-86.3687,-3.30E-06
-86.3688,-3.30E-06
-86.369,-3.30E-06
-86.3691,-3.30E-06
-86.3693,-3.30E-06
-86.3694,-3.30E-06
-86.3696,-3.30E-06
-86.3697,-3.30E-06
-86.3698,-3.30E-06
-86.37,-3.30E-06
-86.3701,-3.30E-06
-86.3703,-3.30E-06
-86.3704,-3.30E-06
-86.3706,-3.30E-06
-86.3707,-3.30E-06
-86.3709,-3.30E-06
-86.371,-3.30E-06
-86.3711,-3.30E-06
-86.3713,-3.30E-06
-86.3714,-3.30E-06
-86.3716,-3.30E-06
-86.3717,-3.30E-06
-86.3719,-3.30E-06
-86.372,-3.30E-06
-86.3721,-3.30E-06
-86.3723,-3.30E-06
-86.3724,-3.30E-06
-86.3726,-3.30E-06
-86.3727,-3.30E-06
-86.3729,-3.30E-06
-86.373,-3.30E-06
-86.3732,-3.30E-06
-86.3733,-3.30E-06
-86.3734,-3.30E-06
-86.3736,-3.30E-06
-86.3737,-3.30E-06
-86.3739,-3.30E-06
-86.374,-3.30E-06
-86.3742,-3.30E-06
-86.3743,-3.30E-06
-86.3744,-3.30E-06
-86.3746,-3.30E-06
-86.3747,-3.29E-06
-86.3749,-3.29E-06
-86.375,-3.29E-06
-86.3752,-3.29E-06
-86.3753,-3.29E-06
-86.3755,-3.29E-06
-86.3756,-3.29E-06
-86.3757,-3.29E-06
-86.3759,-3.29E-06
-86.376,-3.29E-06
-86.3762,-3.29E-06
-86.3763,-3.29E-06
-86.3765,-3.29E-06
-86.3766,-3.29E-06
-86.3767,-3.29E-06
-86.3769,-3.29E-06
-86.377,-3.29E-06
-86.3772,-3.29E-06
-86.3773,-3.29E-06
-86.3775,-3.29E-06
-86.3776,-3.29E-06
-86.3777,-3.29E-06
-86.3779,-3.29E-06
-86.378,-3.29E-06
-86.3782,-3.29E-06
-86.3783,-3.29E-06
-86.3785,-3.29E-06
-86.3786,-3.29E-06
-86.3787,-3.29E-06
-86.3789,-3.29E-06
-86.379,-3.29E-06
-86.3792,-3.29E-06
-86.3793,-3.29E-06
-86.3795,-3.29E-06
-86.3796,-3.29E-06
-86.3797,-3.29E-06
-86.3799,-3.29E-06
-86.38,-3.29E-06
-86.3802,-3.29E-06
-86.3803,-3.29E-06
-86.3805,-3.29E-06
-86.3806,-3.29E-06
-86.3807,-3.29E-06
-86.3809,-3.29E-06
-86.381,-3.29E-06
-86.3812,-3.29E-06
-86.3813,-3.29E-06
-86.3815,-3.28E-06
-86.3816,-3.28E-06
-86.3817,-3.28E-06
-86.3819,-3.28E-06
-86.382,-3.28E-06
-86.3822,-3.28E-06
-86.3823,-3.28E-06
-86.3824,-3.28E-06
-86.3826,-3.28E-06
-86.3827,-3.28E-06
-86.3829,-3.28E-06
-86.383,-3.28E-06
-86.3832,-3.28E-06
-86.3833,-3.28E-06
-86.3834,-3.28E-06
-86.3836,-3.28E-06
-86.3837,-3.28E-06
-86.3839,-3.28E-06
-86.384,-3.28E-06
-86.3842,-3.28E-06
-86.3843,-3.28E-06
-86.3844,-3.28E-06
-86.3846,-3.28E-06
-86.3847,-3.28E-06
-86.3849,-3.28E-06
-86.385,-3.28E-06
-86.3851,-3.28E-06
-86.3853,-3.28E-06
-86.3854,-3.28E-06
-86.3856,-3.28E-06
-86.3857,-3.28E-06
-86.3859,-3.28E-06
-86.386,-3.28E-06
-86.3861,-3.28E-06
-86.3863,-3.28E-06
-86.3864,-3.28E-06
-86.3866,-3.28E-06
-86.3867,-3.28E-06
-86.3868,-3.28E-06
-86.387,-3.28E-06
-86.3871,-3.28E-06
-86.3873,-3.28E-06
-86.3874,-3.28E-06
-86.3875,-3.28E-06
-86.3877,-3.28E-06
-86.3878,-3.28E-06
-86.388,-3.28E-06
-86.3881,-3.27E-06
-86.3883,-3.27E-06
-86.3884,-3.27E-06
-86.3885,-3.27E-06
-86.3887,-3.27E-06
-86.3888,-3.27E-06
-86.389,-3.27E-06
-86.3891,-3.27E-06
-86.3892,-3.27E-06
-86.3894,-3.27E-06
-86.3895,-3.27E-06
-86.3897,-3.27E-06
-86.3898,-3.27E-06
-86.3899,-3.27E-06
-86.3901,-3.27E-06
-86.3902,-3.27E-06
-86.3904,-3.27E-06
-86.3905,-3.27E-06
-86.3907,-3.27E-06
-86.3908,-3.27E-06
-86.3909,-3.27E-06
-86.3911,-3.27E-06
-86.3912,-3.27E-06
-86.3914,-3.27E-06
-86.3915,-3.27E-06
-86.3916,-3.27E-06
-86.3918,-3.27E-06
-86.3919,-3.27E-06
-86.3921,-3.27E-06
-86.3922,-3.27E-06
-86.3923,-3.27E-06
-86.3925,-3.27E-06
-86.3926,-3.27E-06
-86.3928,-3.27E-06
-86.3929,-3.27E-06
-86.393,-3.27E-06
-86.3932,-3.27E-06
-86.3933,-3.27E-06
-86.3935,-3.27E-06
-86.3936,-3.27E-06
-86.3937,-3.27E-06
-86.3939,-3.27E-06
-86.394,-3.27E-06
-86.3942,-3.27E-06
-86.3943,-3.27E-06
-86.3944,-3.26E-06
-86.3946,-3.26E-06
-86.3947,-3.26E-06
-86.3949,-3.26E-06
-86.395,-3.26E-06
-86.3951,-3.26E-06
-86.3953,-3.26E-06
-86.3954,-3.26E-06
-86.3956,-3.26E-06
-86.3957,-3.26E-06
-86.3958,-3.26E-06
-86.396,-3.26E-06
-86.3961,-3.26E-06
-86.3963,-3.26E-06
-86.3964,-3.26E-06
-86.3965,-3.26E-06
-86.3967,-3.26E-06
-86.3968,-3.26E-06
-86.397,-3.26E-06
-86.3971,-3.26E-06
-86.3972,-3.26E-06
-86.3974,-3.26E-06
-86.3975,-3.26E-06
-86.3977,-3.26E-06
-86.3978,-3.26E-06
-86.3979,-3.26E-06
-86.3981,-3.26E-06
-86.3982,-3.26E-06
-86.3984,-3.26E-06
-86.3985,-3.26E-06
-86.3986,-3.26E-06
-86.3988,-3.26E-06
-86.3989,-3.26E-06
-86.399,-3.26E-06
-86.3992,-3.26E-06
-86.3993,-3.26E-06
-86.3995,-3.26E-06
-86.3996,-3.26E-06
-86.3997,-3.26E-06
-86.3999,-3.26E-06
-86.4,-3.26E-06
-86.4002,-3.26E-06
-86.4003,-3.26E-06
-86.4004,-3.26E-06
-86.4006,-3.26E-06
-86.4007,-3.26E-06
-86.4009,-3.26E-06
-86.401,-3.26E-06
-86.4011,-3.25E-06
-86.4013,-3.25E-06
-86.4014,-3.25E-06
-86.4015,-3.25E-06
-86.4017,-3.25E-06
-86.4018,-3.25E-06
-86.402,-3.25E-06
-86.4021,-3.25E-06
-86.4022,-3.25E-06
-86.4024,-3.25E-06
-86.4025,-3.25E-06
-86.4027,-3.25E-06
-86.4028,-3.25E-06
-86.4029,-3.25E-06
-86.4031,-3.25E-06
-86.4032,-3.25E-06
-86.4034,-3.25E-06
-86.4035,-3.25E-06
-86.4036,-3.25E-06
-86.4038,-3.25E-06
-86.4039,-3.25E-06
-86.404,-3.25E-06
-86.4042,-3.25E-06
-86.4043,-3.25E-06
-86.4045,-3.25E-06
-86.4046,-3.25E-06
-86.4047,-3.25E-06
-86.4049,-3.25E-06
-86.405,-3.25E-06
-86.4051,-3.25E-06
-86.4053,-3.25E-06
-86.4054,-3.25E-06
-86.4056,-3.25E-06
-86.4057,-3.25E-06
-86.4058,-3.25E-06
-86.406,-3.25E-06
-86.4061,-3.25E-06
-86.4063,-3.25E-06
-86.4064,-3.25E-06
-86.4065,-3.25E-06
-86.4067,-3.25E-06
-86.4068,-3.25E-06
-86.4069,-3.25E-06
-86.4071,-3.25E-06
-86.4072,-3.25E-06
-86.4074,-3.25E-06
-86.4075,-3.25E-06
-86.4076,-3.25E-06
-86.4078,-3.25E-06
-86.4079,-3.24E-06
-86.408,-3.24E-06
-86.4082,-3.24E-06
-86.4083,-3.24E-06
-86.4085,-3.24E-06
-86.4086,-3.24E-06
-86.4087,-3.24E-06
-86.4089,-3.24E-06
-86.409,-3.24E-06
-86.4091,-3.24E-06
-86.4093,-3.24E-06
-86.4094,-3.24E-06
-86.4096,-3.24E-06
-86.4097,-3.24E-06
-86.4098,-3.24E-06
-86.41,-3.24E-06
-86.4101,-3.24E-06
-86.4102,-3.24E-06
-86.4104,-3.24E-06
-86.4105,-3.24E-06
-86.4107,-3.24E-06
-86.4108,-3.24E-06
-86.4109,-3.24E-06
-86.4111,-3.24E-06
-86.4112,-3.24E-06
-86.4113,-3.24E-06
-86.4115,-3.24E-06
-86.4116,-3.24E-06
-86.4118,-3.24E-06
-86.4119,-3.24E-06
-86.412,-3.24E-06
-86.4122,-3.24E-06
-86.4123,-3.24E-06
-86.4124,-3.24E-06
-86.4126,-3.24E-06
-86.4127,-3.24E-06
-86.4128,-3.24E-06
-86.413,-3.24E-06
-86.4131,-3.24E-06
-86.4133,-3.24E-06
-86.4134,-3.24E-06
-86.4135,-3.24E-06
-86.4137,-3.24E-06
-86.4138,-3.24E-06
-86.4139,-3.24E-06
-86.4141,-3.24E-06
-86.4142,-3.24E-06
-86.4144,-3.24E-06
-86.4145,-3.24E-06
-86.4146,-3.24E-06
-86.4148,-3.24E-06
-86.4149,-3.24E-06
-86.415,-3.23E-06
-86.4152,-3.23E-06
-86.4153,-3.23E-06
-86.4154,-3.23E-06
-86.4156,-3.23E-06
-86.4157,-3.23E-06
-86.4159,-3.23E-06
-86.416,-3.23E-06
-86.4161,-3.23E-06
-86.4163,-3.23E-06
-86.4164,-3.23E-06
-86.4165,-3.23E-06
-86.4167,-3.23E-06
-86.4168,-3.23E-06
-86.4169,-3.23E-06
-86.4171,-3.23E-06
-86.4172,-3.23E-06
-86.4173,-3.23E-06
-86.4175,-3.23E-06
-86.4176,-3.23E-06
-86.4178,-3.23E-06
-86.4179,-3.23E-06
-86.418,-3.23E-06
-86.4182,-3.23E-06
-86.4183,-3.23E-06
-86.4184,-3.23E-06
-86.4186,-3.23E-06
-86.4187,-3.23E-06
-86.4188,-3.23E-06
-86.419,-3.23E-06
-86.4191,-3.23E-06
-86.4193,-3.23E-06
-86.4194,-3.23E-06
-86.4195,-3.23E-06
-86.4197,-3.23E-06
-86.4198,-3.23E-06
-86.4199,-3.23E-06
-86.4201,-3.23E-06
-86.4202,-3.23E-06
-86.4203,-3.23E-06
-86.4205,-3.23E-06
-86.4206,-3.23E-06
-86.4207,-3.23E-06
-86.4209,-3.23E-06
-86.421,-3.23E-06
-86.4211,-3.23E-06
-86.4213,-3.23E-06
-86.4214,-3.23E-06
-86.4216,-3.23E-06
-86.4217,-3.23E-06
-86.4218,-3.22E-06
-86.422,-3.22E-06
-86.4221,-3.22E-06
-86.4222,-3.22E-06
-86.4224,-3.22E-06
-86.4225,-3.22E-06
-86.4226,-3.22E-06
-86.4228,-3.22E-06
-86.4229,-3.22E-06
-86.423,-3.22E-06
-86.4232,-3.22E-06
-86.4233,-3.22E-06
-86.4234,-3.22E-06
-86.4236,-3.22E-06
-86.4237,-3.22E-06
-86.4239,-3.22E-06
-86.424,-3.22E-06
-86.4241,-3.22E-06
-86.4243,-3.22E-06
-86.4244,-3.22E-06
-86.4245,-3.22E-06
-86.4247,-3.22E-06
-86.4248,-3.22E-06
-86.4249,-3.22E-06
-86.4251,-3.22E-06
-86.4252,-3.22E-06
-86.4253,-3.22E-06
-86.4255,-3.22E-06
-86.4256,-3.22E-06
-86.4257,-3.22E-06
-86.4259,-3.22E-06
-86.426,-3.22E-06
-86.4261,-3.22E-06
-86.4263,-3.22E-06
-86.4264,-3.22E-06
-86.4265,-3.22E-06
-86.4267,-3.22E-06
-86.4268,-3.22E-06
-86.4269,-3.22E-06
-86.4271,-3.22E-06
-86.4272,-3.22E-06
-86.4274,-3.22E-06
-86.4275,-3.22E-06
-86.4276,-3.22E-06
-86.4278,-3.22E-06
-86.4279,-3.22E-06
-86.428,-3.22E-06
-86.4282,-3.22E-06
-86.4283,-3.22E-06
-86.4284,-3.21E-06
-86.4286,-3.21E-06
-86.4287,-3.21E-06
-86.4288,-3.21E-06
-86.429,-3.21E-06
-86.4291,-3.21E-06
-86.4292,-3.21E-06
-86.4294,-3.21E-06
-86.4295,-3.21E-06
-86.4296,-3.21E-06
-86.4298,-3.21E-06
-86.4299,-3.21E-06
-86.43,-3.21E-06
-86.4302,-3.21E-06
-86.4303,-3.21E-06
-86.4304,-3.21E-06
-86.4306,-3.21E-06
-86.4307,-3.21E-06
-86.4308,-3.21E-06
-86.431,-3.21E-06
-86.4311,-3.21E-06
-86.4312,-3.21E-06
-86.4314,-3.21E-06
-86.4315,-3.21E-06
-86.4316,-3.21E-06
-86.4318,-3.21E-06
-86.4319,-3.21E-06
-86.432,-3.21E-06
-86.4322,-3.21E-06
-86.4323,-3.21E-06
-86.4324,-3.21E-06
-86.4326,-3.21E-06
-86.4327,-3.21E-06
-86.4328,-3.21E-06
-86.433,-3.21E-06
-86.4331,-3.21E-06
-86.4332,-3.21E-06
-86.4334,-3.21E-06
-86.4335,-3.21E-06
-86.4336,-3.21E-06
-86.4338,-3.21E-06
-86.4339,-3.21E-06
-86.434,-3.21E-06
-86.4342,-3.21E-06
-86.4343,-3.21E-06
-86.4344,-3.21E-06
-86.4346,-3.21E-06
-86.4347,-3.21E-06
-86.4348,-3.21E-06
-86.435,-3.20E-06
-86.4351,-3.20E-06
-86.4352,-3.20E-06
-86.4354,-3.20E-06
-86.4355,-3.20E-06
-86.4356,-3.20E-06
-86.4358,-3.20E-06
-86.4359,-3.20E-06
-86.436,-3.20E-06
-86.4362,-3.20E-06
-86.4363,-3.20E-06
-86.4364,-3.20E-06
-86.4366,-3.20E-06
-86.4367,-3.20E-06
-86.4368,-3.20E-06
-86.437,-3.20E-06
-86.4371,-3.20E-06
-86.4372,-3.20E-06
-86.4374,-3.20E-06
-86.4375,-3.20E-06
-86.4376,-3.20E-06
-86.4378,-3.20E-06
-86.4379,-3.20E-06
-86.438,-3.20E-06
-86.4382,-3.20E-06
-86.4383,-3.20E-06
-86.4384,-3.20E-06
-86.4385,-3.20E-06
-86.4387,-3.20E-06
-86.4388,-3.20E-06
-86.4389,-3.20E-06
-86.4391,-3.20E-06
-86.4392,-3.20E-06
-86.4393,-3.20E-06
-86.4395,-3.20E-06
-86.4396,-3.20E-06
-86.4397,-3.20E-06
-86.4399,-3.20E-06
-86.44,-3.20E-06
-86.4401,-3.20E-06
-86.4403,-3.20E-06
-86.4404,-3.20E-06
-86.4405,-3.20E-06
-86.4407,-3.20E-06
-86.4408,-3.20E-06
-86.4409,-3.20E-06
-86.4411,-3.20E-06
-86.4412,-3.20E-06
-86.4413,-3.20E-06
-86.4415,-3.20E-06
-86.4416,-3.20E-06
-86.4417,-3.20E-06
-86.4419,-3.19E-06
-86.442,-3.19E-06
-86.4421,-3.19E-06
-86.4422,-3.19E-06
-86.4424,-3.19E-06
-86.4425,-3.19E-06
-86.4426,-3.19E-06
-86.4428,-3.19E-06
-86.4429,-3.19E-06
-86.443,-3.19E-06
-86.4432,-3.19E-06
-86.4433,-3.19E-06
-86.4434,-3.19E-06
-86.4436,-3.19E-06
-86.4437,-3.19E-06
-86.4438,-3.19E-06
-86.444,-3.19E-06
-86.4441,-3.19E-06
-86.4442,-3.19E-06
-86.4444,-3.19E-06
-86.4445,-3.19E-06
-86.4446,-3.19E-06
-86.4447,-3.19E-06
-86.4449,-3.19E-06
-86.445,-3.19E-06
-86.4451,-3.19E-06
-86.4453,-3.19E-06
-86.4454,-3.19E-06
-86.4455,-3.19E-06
-86.4457,-3.19E-06
-86.4458,-3.19E-06
-86.4459,-3.19E-06
-86.4461,-3.19E-06
-86.4462,-3.19E-06
-86.4463,-3.19E-06
-86.4464,-3.19E-06
-86.4466,-3.19E-06
-86.4467,-3.19E-06
-86.4468,-3.19E-06
-86.447,-3.19E-06
-86.4471,-3.19E-06
-86.4472,-3.19E-06
-86.4474,-3.19E-06
-86.4475,-3.19E-06
-86.4476,-3.19E-06
-86.4478,-3.19E-06
-86.4479,-3.19E-06
-86.448,-3.19E-06
-86.4482,-3.19E-06
-86.4483,-3.19E-06
-86.4484,-3.19E-06
-86.4485,-3.19E-06
-86.4487,-3.19E-06
-86.4488,-3.19E-06
-86.4489,-3.19E-06
-86.4491,-3.19E-06
-86.4492,-3.18E-06
-86.4493,-3.18E-06
-86.4495,-3.18E-06
-86.4496,-3.18E-06
-86.4497,-3.18E-06
-86.4498,-3.18E-06
-86.45,-3.18E-06
-86.4501,-3.18E-06
-86.4502,-3.18E-06
-86.4504,-3.18E-06
-86.4505,-3.18E-06
-86.4506,-3.18E-06
-86.4508,-3.18E-06
-86.4509,-3.18E-06
-86.451,-3.18E-06
-86.4512,-3.18E-06
-86.4513,-3.18E-06
-86.4514,-3.18E-06
-86.4515,-3.18E-06
-86.4517,-3.18E-06
-86.4518,-3.18E-06
-86.4519,-3.18E-06
-86.4521,-3.18E-06
-86.4522,-3.18E-06
-86.4523,-3.18E-06
-86.4525,-3.18E-06
-86.4526,-3.18E-06
-86.4527,-3.18E-06
-86.4528,-3.18E-06
-86.453,-3.18E-06
-86.4531,-3.18E-06
-86.4532,-3.18E-06
-86.4534,-3.18E-06
-86.4535,-3.18E-06
-86.4536,-3.18E-06
-86.4538,-3.18E-06
-86.4539,-3.18E-06
-86.454,-3.18E-06
-86.4541,-3.18E-06
-86.4543,-3.18E-06
-86.4544,-3.18E-06
-86.4545,-3.18E-06
-86.4547,-3.18E-06
-86.4548,-3.18E-06
-86.4549,-3.18E-06
-86.455,-3.18E-06
-86.4552,-3.18E-06
-86.4553,-3.18E-06
-86.4554,-3.18E-06
-86.4556,-3.18E-06
-86.4557,-3.18E-06
-86.4558,-3.18E-06
-86.456,-3.18E-06
-86.4561,-3.18E-06
-86.4562,-3.18E-06
-86.4563,-3.17E-06
-86.4565,-3.17E-06
-86.4566,-3.17E-06
-86.4567,-3.17E-06
-86.4569,-3.17E-06
-86.457,-3.17E-06
-86.4571,-3.17E-06
-86.4572,-3.17E-06
-86.4574,-3.17E-06
-86.4575,-3.17E-06
-86.4576,-3.17E-06
-86.4578,-3.17E-06
-86.4579,-3.17E-06
-86.458,-3.17E-06
-86.4582,-3.17E-06
-86.4583,-3.17E-06
-86.4584,-3.17E-06
-86.4585,-3.17E-06
-86.4587,-3.17E-06
-86.4588,-3.17E-06
-86.4589,-3.17E-06
-86.4591,-3.17E-06
-86.4592,-3.17E-06
-86.4593,-3.17E-06
-86.4594,-3.17E-06
-86.4596,-3.17E-06
-86.4597,-3.17E-06
-86.4598,-3.17E-06
-86.46,-3.17E-06
-86.4601,-3.17E-06
-86.4602,-3.17E-06
-86.4603,-3.17E-06
-86.4605,-3.17E-06
-86.4606,-3.17E-06
-86.4607,-3.17E-06
-86.4609,-3.17E-06
-86.461,-3.17E-06
-86.4611,-3.17E-06
-86.4612,-3.17E-06
-86.4614,-3.17E-06
-86.4615,-3.17E-06
-86.4616,-3.17E-06
-86.4618,-3.17E-06
-86.4619,-3.17E-06
-86.462,-3.17E-06
-86.4621,-3.17E-06
-86.4623,-3.17E-06
-86.4624,-3.17E-06
-86.4625,-3.17E-06
-86.4627,-3.17E-06
-86.4628,-3.17E-06
-86.4629,-3.16E-06
-86.463,-3.16E-06
-86.4632,-3.16E-06
-86.4633,-3.16E-06
-86.4634,-3.16E-06
-86.4635,-3.16E-06
-86.4637,-3.16E-06
-86.4638,-3.16E-06
-86.4639,-3.16E-06
-86.4641,-3.16E-06
-86.4642,-3.16E-06
-86.4643,-3.16E-06
-86.4644,-3.16E-06
-86.4646,-3.16E-06
-86.4647,-3.16E-06
-86.4648,-3.16E-06
-86.465,-3.16E-06
-86.4651,-3.16E-06
-86.4652,-3.16E-06
-86.4653,-3.16E-06
-86.4655,-3.16E-06
-86.4656,-3.16E-06
-86.4657,-3.16E-06
-86.4659,-3.16E-06
-86.466,-3.16E-06
-86.4661,-3.16E-06
-86.4662,-3.16E-06
-86.4664,-3.16E-06
-86.4665,-3.16E-06
-86.4666,-3.16E-06
-86.4667,-3.16E-06
-86.4669,-3.16E-06
-86.467,-3.16E-06
-86.4671,-3.16E-06
-86.4673,-3.16E-06
-86.4674,-3.16E-06
-86.4675,-3.16E-06
-86.4676,-3.16E-06
-86.4678,-3.16E-06
-86.4679,-3.16E-06
-86.468,-3.16E-06
-86.4681,-3.16E-06
-86.4683,-3.16E-06
-86.4684,-3.16E-06
-86.4685,-3.16E-06
-86.4687,-3.16E-06
-86.4688,-3.16E-06
-86.4689,-3.15E-06
-86.469,-3.15E-06
-86.4692,-3.15E-06
-86.4693,-3.15E-06
-86.4694,-3.15E-06
-86.4695,-3.15E-06
-86.4697,-3.15E-06
-86.4698,-3.15E-06
-86.4699,-3.15E-06
-86.4701,-3.15E-06
-86.4702,-3.15E-06
-86.4703,-3.15E-06
-86.4704,-3.15E-06
-86.4706,-3.15E-06
-86.4707,-3.15E-06
-86.4708,-3.15E-06
-86.4709,-3.15E-06
-86.4711,-3.15E-06
-86.4712,-3.15E-06
-86.4713,-3.15E-06
-86.4714,-3.15E-06
-86.4716,-3.15E-06
-86.4717,-3.15E-06
-86.4718,-3.15E-06
-86.472,-3.15E-06
-86.4721,-3.15E-06
-86.4722,-3.15E-06
-86.4723,-3.15E-06
-86.4725,-3.15E-06
-86.4726,-3.15E-06
-86.4727,-3.15E-06
-86.4728,-3.15E-06
-86.473,-3.15E-06
-86.4731,-3.15E-06
-86.4732,-3.15E-06
-86.4733,-3.15E-06
-86.4735,-3.15E-06
-86.4736,-3.15E-06
-86.4737,-3.15E-06
-86.4739,-3.15E-06
-86.474,-3.15E-06
-86.4741,-3.15E-06
-86.4742,-3.15E-06
-86.4744,-3.15E-06
-86.4745,-3.15E-06
-86.4746,-3.15E-06
-86.4747,-3.15E-06
-86.4749,-3.15E-06
-86.475,-3.15E-06
-86.4751,-3.15E-06
-86.4752,-3.15E-06
-86.4754,-3.15E-06
-86.4755,-3.14E-06
-86.4756,-3.14E-06
-86.4757,-3.14E-06
-86.4759,-3.14E-06
-86.476,-3.14E-06
-86.4761,-3.14E-06
-86.4762,-3.14E-06
-86.4764,-3.14E-06
-86.4765,-3.14E-06
-86.4766,-3.14E-06
-86.4768,-3.14E-06
-86.4769,-3.14E-06
-86.477,-3.14E-06
-86.4771,-3.14E-06
-86.4773,-3.14E-06
-86.4774,-3.14E-06
-86.4775,-3.14E-06
-86.4776,-3.14E-06
-86.4778,-3.14E-06
-86.4779,-3.14E-06
-86.478,-3.14E-06
-86.4781,-3.14E-06
-86.4783,-3.14E-06
-86.4784,-3.14E-06
-86.4785,-3.14E-06
-86.4786,-3.14E-06
-86.4788,-3.14E-06
-86.4789,-3.14E-06
-86.479,-3.14E-06
-86.4791,-3.14E-06
-86.4793,-3.14E-06
-86.4794,-3.14E-06
-86.4795,-3.14E-06
-86.4796,-3.14E-06
-86.4798,-3.14E-06
-86.4799,-3.14E-06
-86.48,-3.14E-06
-86.4801,-3.14E-06
-86.4803,-3.14E-06
-86.4804,-3.14E-06
-86.4805,-3.14E-06
-86.4806,-3.14E-06
-86.4808,-3.14E-06
-86.4809,-3.14E-06
-86.481,-3.14E-06
-86.4811,-3.14E-06
-86.4813,-3.14E-06
-86.4814,-3.14E-06
-86.4815,-3.14E-06
-86.4816,-3.14E-06
-86.4818,-3.14E-06
-86.4819,-3.14E-06
-86.482,-3.14E-06
-86.4821,-3.14E-06
-86.4823,-3.14E-06
-86.4824,-3.14E-06
-86.4825,-3.13E-06
-86.4826,-3.13E-06
-86.4828,-3.13E-06
-86.4829,-3.13E-06
-86.483,-3.13E-06
-86.4831,-3.13E-06
-86.4833,-3.13E-06
-86.4834,-3.13E-06
-86.4835,-3.13E-06
-86.4836,-3.13E-06
-86.4838,-3.13E-06
-86.4839,-3.13E-06
-86.484,-3.13E-06
-86.4841,-3.13E-06
-86.4843,-3.13E-06
-86.4844,-3.13E-06
-86.4845,-3.13E-06
-86.4846,-3.13E-06
-86.4848,-3.13E-06
-86.4849,-3.13E-06
-86.485,-3.13E-06
-86.4851,-3.13E-06
-86.4853,-3.13E-06
-86.4854,-3.13E-06
-86.4855,-3.13E-06
-86.4856,-3.13E-06
-86.4858,-3.13E-06
-86.4859,-3.13E-06
-86.486,-3.13E-06
-86.4861,-3.13E-06
-86.4863,-3.13E-06
-86.4864,-3.13E-06
-86.4865,-3.13E-06
-86.4866,-3.13E-06
-86.4868,-3.13E-06
-86.4869,-3.13E-06
-86.487,-3.13E-06
-86.4871,-3.13E-06
-86.4873,-3.13E-06
-86.4874,-3.13E-06
-86.4875,-3.13E-06
-86.4876,-3.13E-06
-86.4877,-3.13E-06
-86.4879,-3.13E-06
-86.488,-3.13E-06
-86.4881,-3.13E-06
-86.4882,-3.13E-06
-86.4884,-3.13E-06
-86.4885,-3.13E-06
-86.4886,-3.13E-06
-86.4887,-3.13E-06
-86.4889,-3.13E-06
-86.489,-3.13E-06
-86.4891,-3.13E-06
-86.4892,-3.13E-06
-86.4894,-3.13E-06
-86.4895,-3.13E-06
-86.4896,-3.13E-06
-86.4897,-3.13E-06
-86.4899,-3.13E-06
-86.49,-3.13E-06
-86.4901,-3.12E-06
-86.4902,-3.12E-06
-86.4903,-3.12E-06
-86.4905,-3.12E-06
-86.4906,-3.12E-06
-86.4907,-3.12E-06
-86.4908,-3.12E-06
-86.491,-3.12E-06
-86.4911,-3.12E-06
-86.4912,-3.12E-06
-86.4913,-3.12E-06
-86.4915,-3.12E-06
-86.4916,-3.12E-06
-86.4917,-3.12E-06
-86.4918,-3.12E-06
-86.492,-3.12E-06
-86.4921,-3.12E-06
-86.4922,-3.12E-06
-86.4923,-3.12E-06
-86.4924,-3.12E-06
-86.4926,-3.12E-06
-86.4927,-3.12E-06
-86.4928,-3.12E-06
-86.4929,-3.12E-06
-86.4931,-3.12E-06
-86.4932,-3.12E-06
-86.4933,-3.12E-06
-86.4934,-3.12E-06
-86.4936,-3.12E-06
-86.4937,-3.12E-06
-86.4938,-3.12E-06
-86.4939,-3.12E-06
-86.494,-3.12E-06
-86.4942,-3.12E-06
-86.4943,-3.12E-06
-86.4944,-3.12E-06
-86.4945,-3.12E-06
-86.4947,-3.12E-06
-86.4948,-3.12E-06
-86.4949,-3.12E-06
-86.495,-3.12E-06
-86.4952,-3.12E-06
-86.4953,-3.12E-06
-86.4954,-3.12E-06
-86.4955,-3.12E-06
-86.4956,-3.12E-06
-86.4958,-3.12E-06
-86.4959,-3.12E-06
-86.496,-3.12E-06
-86.4961,-3.12E-06
-86.4963,-3.12E-06
-86.4964,-3.12E-06
-86.4965,-3.12E-06
-86.4966,-3.12E-06
-86.4967,-3.12E-06
-86.4969,-3.11E-06
-86.497,-3.11E-06
-86.4971,-3.11E-06
-86.4972,-3.11E-06
-86.4974,-3.11E-06
-86.4975,-3.11E-06
-86.4976,-3.11E-06
-86.4977,-3.11E-06
-86.4978,-3.11E-06
-86.498,-3.11E-06
-86.4981,-3.11E-06
-86.4982,-3.11E-06
-86.4983,-3.11E-06
-86.4985,-3.11E-06
-86.4986,-3.11E-06
-86.4987,-3.11E-06
-86.4988,-3.11E-06
-86.4989,-3.11E-06
-86.4991,-3.11E-06
-86.4992,-3.11E-06
-86.4993,-3.11E-06
-86.4994,-3.11E-06
-86.4996,-3.11E-06
-86.4997,-3.11E-06
-86.4998,-3.11E-06
-86.4999,-3.11E-06
-86.5,-3.11E-06
-86.5002,-3.11E-06
-86.5003,-3.11E-06
-86.5004,-3.11E-06
-86.5005,-3.11E-06
-86.5007,-3.11E-06
-86.5008,-3.11E-06
-86.5009,-3.11E-06
-86.501,-3.11E-06
-86.5011,-3.11E-06
-86.5013,-3.11E-06
-86.5014,-3.11E-06
-86.5015,-3.11E-06
-86.5016,-3.11E-06
-86.5017,-3.11E-06
-86.5019,-3.11E-06
-86.502,-3.11E-06
-86.5021,-3.11E-06
-86.5022,-3.11E-06
-86.5024,-3.11E-06
-86.5025,-3.11E-06
-86.5026,-3.11E-06
-86.5027,-3.11E-06
-86.5028,-3.11E-06
-86.503,-3.11E-06
-86.5031,-3.10E-06
-86.5032,-3.10E-06
-86.5033,-3.10E-06
-86.5035,-3.10E-06
-86.5036,-3.10E-06
-86.5037,-3.10E-06
-86.5038,-3.10E-06
-86.5039,-3.10E-06
-86.5041,-3.10E-06
-86.5042,-3.10E-06
-86.5043,-3.10E-06
-86.5044,-3.10E-06
-86.5045,-3.10E-06
-86.5047,-3.10E-06
-86.5048,-3.10E-06
-86.5049,-3.10E-06
-86.505,-3.10E-06
-86.5051,-3.10E-06
-86.5053,-3.10E-06
-86.5054,-3.10E-06
-86.5055,-3.10E-06
-86.5056,-3.10E-06
-86.5058,-3.10E-06
-86.5059,-3.10E-06
-86.506,-3.10E-06
-86.5061,-3.10E-06
-86.5062,-3.10E-06
-86.5064,-3.10E-06
-86.5065,-3.10E-06
-86.5066,-3.10E-06
-86.5067,-3.10E-06
-86.5068,-3.10E-06
-86.507,-3.10E-06
-86.5071,-3.10E-06
-86.5072,-3.10E-06
-86.5073,-3.10E-06
-86.5074,-3.10E-06
-86.5076,-3.10E-06
-86.5077,-3.10E-06
-86.5078,-3.10E-06
-86.5079,-3.10E-06
-86.508,-3.10E-06
-86.5082,-3.10E-06
-86.5083,-3.10E-06
-86.5084,-3.10E-06
-86.5085,-3.10E-06
-86.5087,-3.10E-06
-86.5088,-3.10E-06
-86.5089,-3.10E-06
-86.509,-3.10E-06
-86.5091,-3.10E-06
-86.5093,-3.10E-06
-86.5094,-3.10E-06
-86.5095,-3.10E-06
-86.5096,-3.10E-06
-86.5097,-3.10E-06
-86.5099,-3.09E-06
-86.51,-3.09E-06
-86.5101,-3.09E-06
-86.5102,-3.09E-06
-86.5103,-3.09E-06
-86.5105,-3.09E-06
-86.5106,-3.09E-06
-86.5107,-3.09E-06
-86.5108,-3.09E-06
-86.5109,-3.09E-06
-86.5111,-3.09E-06
-86.5112,-3.09E-06
-86.5113,-3.09E-06
-86.5114,-3.09E-06
-86.5115,-3.09E-06
-86.5117,-3.09E-06
-86.5118,-3.09E-06
-86.5119,-3.09E-06
-86.512,-3.09E-06
-86.5121,-3.09E-06
-86.5123,-3.09E-06
-86.5124,-3.09E-06
-86.5125,-3.09E-06
-86.5126,-3.09E-06
-86.5127,-3.09E-06
-86.5129,-3.09E-06
-86.513,-3.09E-06
-86.5131,-3.09E-06
-86.5132,-3.09E-06
-86.5133,-3.09E-06
-86.5135,-3.09E-06
-86.5136,-3.09E-06
-86.5137,-3.09E-06
-86.5138,-3.09E-06
-86.5139,-3.09E-06
-86.5141,-3.09E-06
-86.5142,-3.09E-06
-86.5143,-3.09E-06
-86.5144,-3.09E-06
-86.5145,-3.09E-06
-86.5147,-3.09E-06
-86.5148,-3.09E-06
-86.5149,-3.09E-06
-86.515,-3.09E-06
-86.5151,-3.09E-06
-86.5153,-3.09E-06
-86.5154,-3.09E-06
-86.5155,-3.09E-06
-86.5156,-3.09E-06
-86.5157,-3.09E-06
-86.5158,-3.09E-06
-86.516,-3.09E-06
-86.5161,-3.09E-06
-86.5162,-3.09E-06
-86.5163,-3.09E-06
-86.5164,-3.09E-06
-86.5166,-3.09E-06
-86.5167,-3.09E-06
-86.5168,-3.09E-06
-86.5169,-3.09E-06
-86.517,-3.09E-06
-86.5172,-3.09E-06
-86.5173,-3.09E-06
-86.5174,-3.09E-06
-86.5175,-3.09E-06
-86.5176,-3.08E-06
-86.5178,-3.08E-06
-86.5179,-3.08E-06
-86.518,-3.08E-06
-86.5181,-3.08E-06
-86.5182,-3.08E-06
-86.5183,-3.08E-06
-86.5185,-3.08E-06
-86.5186,-3.08E-06
-86.5187,-3.08E-06
-86.5188,-3.08E-06
-86.5189,-3.08E-06
-86.5191,-3.08E-06
-86.5192,-3.08E-06
-86.5193,-3.08E-06
-86.5194,-3.08E-06
-86.5195,-3.08E-06
-86.5197,-3.08E-06
-86.5198,-3.08E-06
-86.5199,-3.08E-06
-86.52,-3.08E-06
-86.5201,-3.08E-06
-86.5202,-3.08E-06
-86.5204,-3.08E-06
-86.5205,-3.08E-06
-86.5206,-3.08E-06
-86.5207,-3.08E-06
-86.5208,-3.08E-06
-86.521,-3.08E-06
-86.5211,-3.08E-06
-86.5212,-3.08E-06
-86.5213,-3.08E-06
-86.5214,-3.08E-06
-86.5216,-3.08E-06
-86.5217,-3.08E-06
-86.5218,-3.08E-06
-86.5219,-3.08E-06
-86.522,-3.08E-06
-86.5221,-3.08E-06
-86.5223,-3.08E-06
-86.5224,-3.08E-06
-86.5225,-3.08E-06
-86.5226,-3.08E-06
-86.5227,-3.08E-06
-86.5229,-3.08E-06
-86.523,-3.08E-06
-86.5231,-3.08E-06
-86.5232,-3.08E-06
-86.5233,-3.08E-06
-86.5234,-3.08E-06
-86.5236,-3.08E-06
-86.5237,-3.08E-06
-86.5238,-3.08E-06
-86.5239,-3.08E-06
-86.524,-3.08E-06
-86.5242,-3.08E-06
-86.5243,-3.08E-06
-86.5244,-3.08E-06
-86.5245,-3.08E-06
-86.5246,-3.08E-06
-86.5247,-3.08E-06
-86.5249,-3.08E-06
-86.525,-3.08E-06
-86.5251,-3.08E-06
-86.5252,-3.08E-06
-86.5253,-3.08E-06
-86.5254,-3.08E-06
-86.5256,-3.08E-06
-86.5257,-3.07E-06
-86.5258,-3.07E-06
-86.5259,-3.07E-06
-86.526,-3.07E-06
-86.5262,-3.07E-06
-86.5263,-3.07E-06
-86.5264,-3.07E-06
-86.5265,-3.07E-06
-86.5266,-3.07E-06
-86.5267,-3.07E-06
-86.5269,-3.07E-06
-86.527,-3.07E-06
-86.5271,-3.07E-06
-86.5272,-3.07E-06
-86.5273,-3.07E-06
-86.5274,-3.07E-06
-86.5276,-3.07E-06
-86.5277,-3.07E-06
-86.5278,-3.07E-06
-86.5279,-3.07E-06
-86.528,-3.07E-06
-86.5282,-3.07E-06
-86.5283,-3.07E-06
-86.5284,-3.07E-06
-86.5285,-3.07E-06
-86.5286,-3.07E-06
-86.5287,-3.07E-06
-86.5289,-3.07E-06
-86.529,-3.07E-06
-86.5291,-3.07E-06
-86.5292,-3.07E-06
-86.5293,-3.07E-06
-86.5294,-3.07E-06
-86.5296,-3.07E-06
-86.5297,-3.07E-06
-86.5298,-3.07E-06
-86.5299,-3.07E-06
-86.53,-3.07E-06
-86.5301,-3.07E-06
-86.5303,-3.07E-06
-86.5304,-3.07E-06
-86.5305,-3.07E-06
-86.5306,-3.07E-06
-86.5307,-3.07E-06
-86.5308,-3.07E-06
-86.531,-3.07E-06
-86.5311,-3.07E-06
-86.5312,-3.07E-06
-86.5313,-3.07E-06
-86.5314,-3.07E-06
-86.5315,-3.07E-06
-86.5317,-3.07E-06
-86.5318,-3.07E-06
-86.5319,-3.07E-06
-86.532,-3.06E-06
-86.5321,-3.06E-06
-86.5322,-3.06E-06
-86.5324,-3.06E-06
-86.5325,-3.06E-06
-86.5326,-3.06E-06
-86.5327,-3.06E-06
-86.5328,-3.06E-06
-86.5329,-3.06E-06
-86.5331,-3.06E-06
-86.5332,-3.06E-06
-86.5333,-3.06E-06
-86.5334,-3.06E-06
-86.5335,-3.06E-06
-86.5336,-3.06E-06
-86.5338,-3.06E-06
-86.5339,-3.06E-06
-86.534,-3.06E-06
-86.5341,-3.06E-06
-86.5342,-3.06E-06
-86.5343,-3.06E-06
-86.5345,-3.06E-06
-86.5346,-3.06E-06
-86.5347,-3.06E-06
-86.5348,-3.06E-06
-86.5349,-3.06E-06
-86.535,-3.06E-06
-86.5352,-3.06E-06
-86.5353,-3.06E-06
-86.5354,-3.06E-06
-86.5355,-3.06E-06
-86.5356,-3.06E-06
-86.5357,-3.06E-06
-86.5359,-3.06E-06
-86.536,-3.06E-06
-86.5361,-3.06E-06
-86.5362,-3.06E-06
-86.5363,-3.06E-06
-86.5364,-3.06E-06
-86.5365,-3.06E-06
-86.5367,-3.06E-06
-86.5368,-3.06E-06
-86.5369,-3.06E-06
-86.537,-3.06E-06
-86.5371,-3.05E-06
-86.5372,-3.05E-06
-86.5374,-3.05E-06
-86.5375,-3.05E-06
-86.5376,-3.05E-06
-86.5377,-3.05E-06
-86.5378,-3.05E-06
-86.5379,-3.05E-06
-86.5381,-3.05E-06
-86.5382,-3.05E-06
-86.5383,-3.05E-06
-86.5384,-3.05E-06
-86.5385,-3.05E-06
-86.5386,-3.05E-06
-86.5387,-3.05E-06
-86.5389,-3.05E-06
-86.539,-3.05E-06
-86.5391,-3.05E-06
-86.5392,-3.05E-06
-86.5393,-3.05E-06
-86.5394,-3.05E-06
-86.5396,-3.05E-06
-86.5397,-3.05E-06
-86.5398,-3.05E-06
-86.5399,-3.05E-06
-86.54,-3.05E-06
-86.5401,-3.05E-06
-86.5402,-3.05E-06
-86.5404,-3.05E-06
-86.5405,-3.05E-06
-86.5406,-3.05E-06
-86.5407,-3.05E-06
-86.5408,-3.05E-06
-86.5409,-3.05E-06
-86.5411,-3.05E-06
-86.5412,-3.05E-06
-86.5413,-3.05E-06
-86.5414,-3.05E-06
-86.5415,-3.05E-06
-86.5416,-3.05E-06
-86.5417,-3.05E-06
-86.5419,-3.05E-06
-86.542,-3.05E-06
-86.5421,-3.05E-06
-86.5422,-3.05E-06
-86.5423,-3.05E-06
-86.5424,-3.05E-06
-86.5426,-3.05E-06
-86.5427,-3.05E-06
-86.5428,-3.05E-06
-86.5429,-3.05E-06
-86.543,-3.05E-06
-86.5431,-3.05E-06
-86.5432,-3.05E-06
-86.5434,-3.05E-06
-86.5435,-3.05E-06
-86.5436,-3.05E-06
-86.5437,-3.05E-06
-86.5438,-3.04E-06
-86.5439,-3.04E-06
-86.544,-3.04E-06
-86.5442,-3.04E-06
-86.5443,-3.04E-06
-86.5444,-3.04E-06
-86.5445,-3.04E-06
-86.5446,-3.04E-06
-86.5447,-3.04E-06
-86.5448,-3.04E-06
-86.545,-3.04E-06
-86.5451,-3.04E-06
-86.5452,-3.04E-06
-86.5453,-3.04E-06
-86.5454,-3.04E-06
-86.5455,-3.04E-06
-86.5456,-3.04E-06
-86.5458,-3.04E-06
-86.5459,-3.04E-06
-86.546,-3.04E-06
-86.5461,-3.04E-06
-86.5462,-3.04E-06
-86.5463,-3.04E-06
-86.5464,-3.04E-06
-86.5466,-3.04E-06
-86.5467,-3.04E-06
-86.5468,-3.04E-06
-86.5469,-3.04E-06
-86.547,-3.04E-06
-86.5471,-3.04E-06
-86.5472,-3.04E-06
-86.5474,-3.04E-06
-86.5475,-3.04E-06
-86.5476,-3.04E-06
-86.5477,-3.04E-06
-86.5478,-3.04E-06
-86.5479,-3.04E-06
-86.548,-3.04E-06
-86.5482,-3.04E-06
-86.5483,-3.04E-06
-86.5484,-3.04E-06
-86.5485,-3.04E-06
-86.5486,-3.04E-06
-86.5487,-3.04E-06
-86.5488,-3.04E-06
-86.549,-3.04E-06
-86.5491,-3.04E-06
-86.5492,-3.04E-06
-86.5493,-3.04E-06
-86.5494,-3.04E-06
-86.5495,-3.04E-06
-86.5496,-3.04E-06
-86.5498,-3.04E-06
-86.5499,-3.04E-06
-86.55,-3.04E-06
-86.5501,-3.04E-06
-86.5502,-3.04E-06
-86.5503,-3.04E-06
-86.5504,-3.04E-06
-86.5506,-3.04E-06
-86.5507,-3.04E-06
-86.5508,-3.04E-06
-86.5509,-3.04E-06
-86.551,-3.04E-06
-86.5511,-3.04E-06
-86.5512,-3.04E-06
-86.5513,-3.04E-06
-86.5515,-3.04E-06
-86.5516,-3.04E-06
-86.5517,-3.04E-06
-86.5518,-3.04E-06
-86.5519,-3.04E-06
-86.552,-3.04E-06
-86.5521,-3.04E-06
-86.5523,-3.04E-06
-86.5524,-3.04E-06
-86.5525,-3.04E-06
-86.5526,-3.04E-06
-86.5527,-3.04E-06
-86.5528,-3.04E-06
-86.5529,-3.04E-06
-86.553,-3.04E-06
-86.5532,-3.04E-06
-86.5533,-3.04E-06
-86.5534,-3.04E-06
-86.5535,-3.04E-06
-86.5536,-3.04E-06
-86.5537,-3.04E-06
-86.5538,-3.04E-06
-86.554,-3.04E-06
-86.5541,-3.04E-06
-86.5542,-3.04E-06
-86.5543,-3.04E-06
-86.5544,-3.04E-06
-86.5545,-3.04E-06
-86.5546,-3.04E-06
-86.5547,-3.03E-06
-86.5549,-3.03E-06
-86.555,-3.03E-06
-86.5551,-3.03E-06
-86.5552,-3.03E-06
-86.5553,-3.03E-06
-86.5554,-3.03E-06
-86.5555,-3.03E-06
-86.5556,-3.03E-06
-86.5558,-3.03E-06
-86.5559,-3.03E-06
-86.556,-3.03E-06
-86.5561,-3.03E-06
-86.5562,-3.03E-06
-86.5563,-3.03E-06
-86.5564,-3.03E-06
-86.5565,-3.03E-06
-86.5567,-3.03E-06
-86.5568,-3.03E-06
-86.5569,-3.03E-06
-86.557,-3.03E-06
-86.5571,-3.03E-06
-86.5572,-3.03E-06
-86.5573,-3.03E-06
-86.5574,-3.03E-06
-86.5576,-3.03E-06
-86.5577,-3.03E-06
-86.5578,-3.03E-06
-86.5579,-3.03E-06
-86.558,-3.03E-06
-86.5581,-3.03E-06
-86.5582,-3.03E-06
-86.5583,-3.03E-06
-86.5585,-3.03E-06
-86.5586,-3.03E-06
-86.5587,-3.03E-06
-86.5588,-3.03E-06
-86.5589,-3.03E-06
-86.559,-3.03E-06
-86.5591,-3.03E-06
-86.5592,-3.03E-06
-86.5594,-3.03E-06
-86.5595,-3.03E-06
-86.5596,-3.03E-06
-86.5597,-3.03E-06
-86.5598,-3.03E-06
-86.5599,-3.03E-06
-86.56,-3.03E-06
-86.5601,-3.03E-06
-86.5603,-3.03E-06
-86.5604,-3.03E-06
-86.5605,-3.03E-06
-86.5606,-3.03E-06
-86.5607,-3.03E-06
-86.5608,-3.03E-06
-86.5609,-3.03E-06
-86.561,-3.03E-06
-86.5612,-3.03E-06
-86.5613,-3.03E-06
-86.5614,-3.02E-06
-86.5615,-3.02E-06
-86.5616,-3.02E-06
-86.5617,-3.02E-06
-86.5618,-3.02E-06
-86.5619,-3.02E-06
-86.562,-3.02E-06
-86.5622,-3.02E-06
-86.5623,-3.02E-06
-86.5624,-3.02E-06
-86.5625,-3.02E-06
-86.5626,-3.02E-06
-86.5627,-3.02E-06
-86.5628,-3.02E-06
-86.5629,-3.02E-06
-86.5631,-3.02E-06
-86.5632,-3.02E-06
-86.5633,-3.02E-06
-86.5634,-3.02E-06
-86.5635,-3.02E-06
-86.5636,-3.02E-06
-86.5637,-3.02E-06
-86.5638,-3.02E-06
-86.5639,-3.02E-06
-86.5641,-3.02E-06
-86.5642,-3.02E-06
-86.5643,-3.02E-06
-86.5644,-3.02E-06
-86.5645,-3.02E-06
-86.5646,-3.02E-06
-86.5647,-3.02E-06
-86.5648,-3.02E-06
-86.5649,-3.02E-06
-86.5651,-3.02E-06
-86.5652,-3.02E-06
-86.5653,-3.02E-06
-86.5654,-3.02E-06
-86.5655,-3.01E-06
-86.5656,-3.01E-06
-86.5657,-3.01E-06
-86.5658,-3.01E-06
-86.566,-3.01E-06
-86.5661,-3.01E-06
-86.5662,-3.01E-06
-86.5663,-3.01E-06
-86.5664,-3.01E-06
-86.5665,-3.01E-06
-86.5666,-3.01E-06
-86.5667,-3.01E-06
-86.5668,-3.01E-06
-86.5669,-3.01E-06
-86.5671,-3.01E-06
-86.5672,-3.01E-06
-86.5673,-3.01E-06
-86.5674,-3.01E-06
-86.5675,-3.01E-06
-86.5676,-3.01E-06
-86.5677,-3.01E-06
-86.5678,-3.01E-06
-86.5679,-3.01E-06
-86.5681,-3.01E-06
-86.5682,-3.01E-06
-86.5683,-3.01E-06
-86.5684,-3.01E-06
-86.5685,-3.01E-06
-86.5686,-3.01E-06
-86.5687,-3.01E-06
-86.5688,-3.01E-06
-86.5689,-3.01E-06
-86.5691,-3.01E-06
-86.5692,-3.01E-06
-86.5693,-3.01E-06
-86.5694,-3.01E-06
-86.5695,-3.01E-06
-86.5696,-3.01E-06
-86.5697,-3.01E-06
-86.5698,-3.01E-06
-86.5699,-3.01E-06
-86.5701,-3.01E-06
-86.5702,-3.01E-06
-86.5703,-3.01E-06
-86.5704,-3.01E-06
-86.5705,-3.01E-06
-86.5706,-3.01E-06
-86.5707,-3.01E-06
-86.5708,-3.01E-06
-86.5709,-3.01E-06
-86.571,-3.01E-06
-86.5712,-3.01E-06
-86.5713,-3.01E-06
-86.5714,-3.01E-06
-86.5715,-3.01E-06
-86.5716,-3.01E-06
-86.5717,-3.01E-06
-86.5718,-3.01E-06
-86.5719,-3.01E-06
-86.572,-3.01E-06
-86.5721,-3.01E-06
-86.5723,-3.01E-06
-86.5724,-3.01E-06
-86.5725,-3.01E-06
-86.5726,-3.01E-06
-86.5727,-3.01E-06
-86.5728,-3.01E-06
-86.5729,-3.01E-06
-86.573,-3.01E-06
-86.5731,-3.01E-06
-86.5732,-3.01E-06
-86.5734,-3.01E-06
-86.5735,-3.01E-06
-86.5736,-3.01E-06
-86.5737,-3.00E-06
-86.5738,-3.00E-06
-86.5739,-3.00E-06
-86.574,-3.00E-06
-86.5741,-3.00E-06
-86.5742,-3.00E-06
-86.5743,-3.00E-06
-86.5745,-3.00E-06
-86.5746,-3.00E-06
-86.5747,-3.00E-06
-86.5748,-3.00E-06
-86.5749,-3.00E-06
-86.575,-3.00E-06
-86.5751,-3.00E-06
-86.5752,-3.00E-06
-86.5753,-3.00E-06
-86.5754,-3.00E-06
-86.5756,-3.00E-06
-86.5757,-3.00E-06
-86.5758,-3.00E-06
-86.5759,-3.00E-06
-86.576,-3.00E-06
-86.5761,-3.00E-06
-86.5762,-3.00E-06
-86.5763,-3.00E-06
-86.5764,-3.00E-06
-86.5765,-3.00E-06
-86.5766,-3.00E-06
-86.5768,-3.00E-06
-86.5769,-3.00E-06
-86.577,-3.00E-06
-86.5771,-3.00E-06
-86.5772,-3.00E-06
-86.5773,-3.00E-06
-86.5774,-3.00E-06
-86.5775,-3.00E-06
-86.5776,-3.00E-06
-86.5777,-3.00E-06
-86.5779,-3.00E-06
-86.578,-3.00E-06
-86.5781,-3.00E-06
-86.5782,-3.00E-06
-86.5783,-3.00E-06
-86.5784,-3.00E-06
-86.5785,-3.00E-06
-86.5786,-3.00E-06
-86.5787,-3.00E-06
-86.5788,-3.00E-06
-86.5789,-3.00E-06
-86.5791,-3.00E-06
-86.5792,-3.00E-06
-86.5793,-3.00E-06
-86.5794,-3.00E-06
-86.5795,-3.00E-06
-86.5796,-3.00E-06
-86.5797,-3.00E-06
-86.5798,-3.00E-06
-86.5799,-3.00E-06
-86.58,-3.00E-06
-86.5801,-3.00E-06
-86.5803,-3.00E-06
-86.5804,-2.99E-06
-86.5805,-2.99E-06
-86.5806,-2.99E-06
-86.5807,-2.99E-06
-86.5808,-2.99E-06
-86.5809,-2.99E-06
-86.581,-2.99E-06
-86.5811,-2.99E-06
-86.5812,-2.99E-06
-86.5813,-2.99E-06
-86.5814,-2.99E-06
-86.5816,-2.99E-06
-86.5817,-2.99E-06
-86.5818,-2.99E-06
-86.5819,-2.99E-06
-86.582,-2.99E-06
-86.5821,-2.99E-06
-86.5822,-2.99E-06
-86.5823,-2.99E-06
-86.5824,-2.99E-06
-86.5825,-2.99E-06
-86.5826,-2.99E-06
-86.5828,-2.99E-06
-86.5829,-2.99E-06
-86.583,-2.99E-06
-86.5831,-2.99E-06
-86.5832,-2.99E-06
-86.5833,-2.99E-06
-86.5834,-2.99E-06
-86.5835,-2.99E-06
-86.5836,-2.99E-06
-86.5837,-2.99E-06
-86.5838,-2.99E-06
-86.5839,-2.99E-06
-86.5841,-2.99E-06
-86.5842,-2.99E-06
-86.5843,-2.99E-06
-86.5844,-2.99E-06
-86.5845,-2.99E-06
-86.5846,-2.99E-06
-86.5847,-2.99E-06
-86.5848,-2.99E-06
-86.5849,-2.99E-06
-86.585,-2.99E-06
-86.5851,-2.99E-06
-86.5852,-2.99E-06
-86.5854,-2.99E-06
-86.5855,-2.99E-06
-86.5856,-2.99E-06
-86.5857,-2.99E-06
-86.5858,-2.99E-06
-86.5859,-2.99E-06
-86.586,-2.99E-06
-86.5861,-2.99E-06
-86.5862,-2.99E-06
-86.5863,-2.99E-06
-86.5864,-2.99E-06
-86.5865,-2.99E-06
-86.5866,-2.99E-06
-86.5868,-2.99E-06
-86.5869,-2.99E-06
-86.587,-2.99E-06
-86.5871,-2.99E-06
-86.5872,-2.99E-06
-86.5873,-2.99E-06
-86.5874,-2.98E-06
-86.5875,-2.98E-06
-86.5876,-2.98E-06
-86.5877,-2.98E-06
-86.5878,-2.98E-06
-86.5879,-2.98E-06
-86.588,-2.98E-06
-86.5882,-2.98E-06
-86.5883,-2.98E-06
-86.5884,-2.98E-06
-86.5885,-2.98E-06
-86.5886,-2.98E-06
-86.5887,-2.98E-06
-86.5888,-2.98E-06
-86.5889,-2.98E-06
-86.589,-2.98E-06
-86.5891,-2.98E-06
-86.5892,-2.98E-06
-86.5893,-2.98E-06
-86.5894,-2.98E-06
-86.5896,-2.98E-06
-86.5897,-2.98E-06
-86.5898,-2.98E-06
-86.5899,-2.98E-06
-86.59,-2.98E-06
-86.5901,-2.98E-06
-86.5902,-2.98E-06
-86.5903,-2.98E-06
-86.5904,-2.98E-06
-86.5905,-2.98E-06
-86.5906,-2.98E-06
-86.5907,-2.98E-06
-86.5908,-2.98E-06
-86.5909,-2.98E-06
-86.5911,-2.98E-06
-86.5912,-2.98E-06
-86.5913,-2.98E-06
-86.5914,-2.98E-06
-86.5915,-2.98E-06
-86.5916,-2.98E-06
-86.5917,-2.98E-06
-86.5918,-2.98E-06
-86.5919,-2.98E-06
-86.592,-2.98E-06
-86.5921,-2.98E-06
-86.5922,-2.98E-06
-86.5923,-2.98E-06
-86.5924,-2.98E-06
-86.5926,-2.98E-06
-86.5927,-2.98E-06
-86.5928,-2.98E-06
-86.5929,-2.98E-06
-86.593,-2.98E-06
-86.5931,-2.98E-06
-86.5932,-2.98E-06
-86.5933,-2.98E-06
-86.5934,-2.98E-06
-86.5935,-2.98E-06
-86.5936,-2.98E-06
-86.5937,-2.98E-06
-86.5938,-2.98E-06
-86.5939,-2.98E-06
-86.594,-2.98E-06
-86.5942,-2.98E-06
-86.5943,-2.98E-06
-86.5944,-2.98E-06
-86.5945,-2.97E-06
-86.5946,-2.97E-06
-86.5947,-2.97E-06
-86.5948,-2.97E-06
-86.5949,-2.97E-06
-86.595,-2.97E-06
-86.5951,-2.97E-06
-86.5952,-2.97E-06
-86.5953,-2.97E-06
-86.5954,-2.97E-06
-86.5955,-2.97E-06
-86.5956,-2.97E-06
-86.5958,-2.97E-06
-86.5959,-2.97E-06
-86.596,-2.97E-06
-86.5961,-2.97E-06
-86.5962,-2.97E-06
-86.5963,-2.97E-06
-86.5964,-2.97E-06
-86.5965,-2.97E-06
-86.5966,-2.97E-06
-86.5967,-2.97E-06
-86.5968,-2.97E-06
-86.5969,-2.97E-06
-86.597,-2.97E-06
-86.5971,-2.97E-06
-86.5972,-2.97E-06
-86.5973,-2.97E-06
-86.5975,-2.97E-06
-86.5976,-2.97E-06
-86.5977,-2.97E-06
-86.5978,-2.97E-06
-86.5979,-2.97E-06
-86.598,-2.97E-06
-86.5981,-2.97E-06
-86.5982,-2.97E-06
-86.5983,-2.97E-06
-86.5984,-2.97E-06
-86.5985,-2.97E-06
-86.5986,-2.97E-06
-86.5987,-2.97E-06
-86.5988,-2.97E-06
-86.5989,-2.97E-06
-86.599,-2.97E-06
-86.5991,-2.97E-06
-86.5993,-2.97E-06
-86.5994,-2.97E-06
-86.5995,-2.97E-06
-86.5996,-2.97E-06
-86.5997,-2.97E-06
-86.5998,-2.97E-06
-86.5999,-2.97E-06
-86.6,-2.97E-06
-86.6001,-2.97E-06
-86.6002,-2.97E-06
-86.6003,-2.97E-06
-86.6004,-2.97E-06
-86.6005,-2.97E-06
-86.6006,-2.97E-06
-86.6007,-2.97E-06
-86.6008,-2.97E-06
-86.6009,-2.97E-06
-86.6011,-2.97E-06
-86.6012,-2.97E-06
-86.6013,-2.97E-06
-86.6014,-2.97E-06
-86.6015,-2.96E-06
-86.6016,-2.96E-06
-86.6017,-2.96E-06
-86.6018,-2.96E-06
-86.6019,-2.96E-06
-86.602,-2.96E-06
-86.6021,-2.96E-06
-86.6022,-2.96E-06
-86.6023,-2.96E-06
-86.6024,-2.96E-06
-86.6025,-2.96E-06
-86.6026,-2.96E-06
-86.6027,-2.96E-06
-86.6028,-2.96E-06
-86.6029,-2.96E-06
-86.6031,-2.96E-06
-86.6032,-2.96E-06
-86.6033,-2.96E-06
-86.6034,-2.96E-06
-86.6035,-2.96E-06
-86.6036,-2.96E-06
-86.6037,-2.96E-06
-86.6038,-2.96E-06
-86.6039,-2.96E-06
-86.604,-2.96E-06
-86.6041,-2.96E-06
-86.6042,-2.96E-06
-86.6043,-2.96E-06
-86.6044,-2.96E-06
-86.6045,-2.96E-06
-86.6046,-2.96E-06
-86.6047,-2.96E-06
-86.6048,-2.96E-06
-86.6049,-2.96E-06
-86.6051,-2.96E-06
-86.6052,-2.96E-06
-86.6053,-2.96E-06
-86.6054,-2.96E-06
-86.6055,-2.96E-06
-86.6056,-2.96E-06
-86.6057,-2.96E-06
-86.6058,-2.96E-06
-86.6059,-2.96E-06
-86.606,-2.96E-06
-86.6061,-2.96E-06
-86.6062,-2.96E-06
-86.6063,-2.96E-06
-86.6064,-2.96E-06
-86.6065,-2.96E-06
-86.6066,-2.96E-06
-86.6067,-2.96E-06
-86.6068,-2.96E-06
-86.6069,-2.96E-06
-86.607,-2.96E-06
-86.6071,-2.96E-06
-86.6073,-2.96E-06
-86.6074,-2.96E-06
-86.6075,-2.96E-06
-86.6076,-2.96E-06
-86.6077,-2.96E-06
-86.6078,-2.96E-06
-86.6079,-2.96E-06
-86.608,-2.96E-06
-86.6081,-2.96E-06
-86.6082,-2.96E-06
-86.6083,-2.96E-06
-86.6084,-2.96E-06
-86.6085,-2.95E-06
-86.6086,-2.95E-06
-86.6087,-2.95E-06
-86.6088,-2.95E-06
-86.6089,-2.95E-06
-86.609,-2.95E-06
-86.6091,-2.95E-06
-86.6092,-2.95E-06
-86.6093,-2.95E-06
-86.6094,-2.95E-06
-86.6095,-2.95E-06
-86.6097,-2.95E-06
-86.6098,-2.95E-06
-86.6099,-2.95E-06
-86.61,-2.95E-06
-86.6101,-2.95E-06
-86.6102,-2.95E-06
-86.6103,-2.95E-06
-86.6104,-2.95E-06
-86.6105,-2.95E-06
-86.6106,-2.95E-06
-86.6107,-2.95E-06
-86.6108,-2.95E-06
-86.6109,-2.95E-06
-86.611,-2.95E-06
-86.6111,-2.95E-06
-86.6112,-2.95E-06
-86.6113,-2.95E-06
-86.6114,-2.95E-06
-86.6115,-2.95E-06
-86.6116,-2.95E-06
-86.6117,-2.95E-06
-86.6118,-2.95E-06
-86.6119,-2.95E-06
-86.612,-2.95E-06
-86.6122,-2.95E-06
-86.6123,-2.95E-06
-86.6124,-2.95E-06
-86.6125,-2.95E-06
-86.6126,-2.95E-06
-86.6127,-2.95E-06
-86.6128,-2.95E-06
-86.6129,-2.95E-06
-86.613,-2.95E-06
-86.6131,-2.95E-06
-86.6132,-2.95E-06
-86.6133,-2.95E-06
-86.6134,-2.95E-06
-86.6135,-2.95E-06
-86.6136,-2.95E-06
-86.6137,-2.95E-06
-86.6138,-2.95E-06
-86.6139,-2.95E-06
-86.614,-2.95E-06
-86.6141,-2.95E-06
-86.6142,-2.95E-06
-86.6143,-2.95E-06
-86.6144,-2.95E-06
-86.6145,-2.95E-06
-86.6146,-2.95E-06
-86.6147,-2.95E-06
-86.6148,-2.95E-06
-86.6149,-2.95E-06
-86.6151,-2.95E-06
-86.6152,-2.95E-06
-86.6153,-2.95E-06
-86.6154,-2.95E-06
-86.6155,-2.95E-06
-86.6156,-2.95E-06
-86.6157,-2.94E-06
-86.6158,-2.94E-06
-86.6159,-2.94E-06
-86.616,-2.94E-06
-86.6161,-2.94E-06
-86.6162,-2.94E-06
-86.6163,-2.94E-06
-86.6164,-2.94E-06
-86.6165,-2.94E-06
-86.6166,-2.94E-06
-86.6167,-2.94E-06
-86.6168,-2.94E-06
-86.6169,-2.94E-06
-86.617,-2.94E-06
-86.6171,-2.94E-06
-86.6172,-2.94E-06
-86.6173,-2.94E-06
-86.6174,-2.94E-06
-86.6175,-2.94E-06
-86.6176,-2.94E-06
-86.6177,-2.94E-06
-86.6178,-2.94E-06
-86.6179,-2.94E-06
-86.618,-2.94E-06
-86.6181,-2.94E-06
-86.6182,-2.94E-06
-86.6184,-2.94E-06
-86.6185,-2.94E-06
-86.6186,-2.94E-06
-86.6187,-2.94E-06
-86.6188,-2.94E-06
-86.6189,-2.94E-06
-86.619,-2.94E-06
-86.6191,-2.94E-06
-86.6192,-2.94E-06
-86.6193,-2.94E-06
-86.6194,-2.94E-06
-86.6195,-2.94E-06
-86.6196,-2.94E-06
-86.6197,-2.94E-06
-86.6198,-2.94E-06
-86.6199,-2.94E-06
-86.62,-2.94E-06
-86.6201,-2.94E-06
-86.6202,-2.94E-06
-86.6203,-2.94E-06
-86.6204,-2.94E-06
-86.6205,-2.94E-06
-86.6206,-2.94E-06
-86.6207,-2.94E-06
-86.6208,-2.94E-06
-86.6209,-2.94E-06
-86.621,-2.94E-06
-86.6211,-2.94E-06
-86.6212,-2.94E-06
-86.6213,-2.94E-06
-86.6214,-2.94E-06
-86.6215,-2.94E-06
-86.6216,-2.94E-06
-86.6217,-2.94E-06
-86.6218,-2.94E-06
-86.6219,-2.94E-06
-86.622,-2.94E-06
-86.6221,-2.94E-06
-86.6222,-2.94E-06
-86.6224,-2.94E-06
-86.6225,-2.94E-06
-86.6226,-2.94E-06
-86.6227,-2.94E-06
-86.6228,-2.93E-06
-86.6229,-2.93E-06
-86.623,-2.93E-06
-86.6231,-2.93E-06
-86.6232,-2.93E-06
-86.6233,-2.93E-06
-86.6234,-2.93E-06
-86.6235,-2.93E-06
-86.6236,-2.93E-06
-86.6237,-2.93E-06
-86.6238,-2.93E-06
-86.6239,-2.93E-06
-86.624,-2.93E-06
-86.6241,-2.93E-06
-86.6242,-2.93E-06
-86.6243,-2.93E-06
-86.6244,-2.93E-06
-86.6245,-2.93E-06
-86.6246,-2.93E-06
-86.6247,-2.93E-06
-86.6248,-2.93E-06
-86.6249,-2.93E-06
-86.625,-2.93E-06
-86.6251,-2.93E-06
-86.6252,-2.93E-06
-86.6253,-2.93E-06
-86.6254,-2.93E-06
-86.6255,-2.93E-06
-86.6256,-2.93E-06
-86.6257,-2.93E-06
-86.6258,-2.93E-06
-86.6259,-2.93E-06
-86.626,-2.93E-06
-86.6261,-2.93E-06
-86.6262,-2.93E-06
-86.6263,-2.93E-06
-86.6264,-2.93E-06
-86.6265,-2.93E-06
-86.6266,-2.93E-06
-86.6267,-2.93E-06
-86.6268,-2.93E-06
-86.6269,-2.93E-06
-86.627,-2.93E-06
-86.6271,-2.93E-06
-86.6272,-2.93E-06
-86.6273,-2.93E-06
-86.6274,-2.93E-06
-86.6275,-2.93E-06
-86.6276,-2.93E-06
-86.6277,-2.93E-06
-86.6278,-2.93E-06
-86.628,-2.93E-06
-86.6281,-2.93E-06
-86.6282,-2.93E-06
-86.6283,-2.93E-06
-86.6284,-2.93E-06
-86.6285,-2.93E-06
-86.6286,-2.93E-06
-86.6287,-2.93E-06
-86.6288,-2.93E-06
-86.6289,-2.93E-06
-86.629,-2.93E-06
-86.6291,-2.93E-06
-86.6292,-2.93E-06
-86.6293,-2.93E-06
-86.6294,-2.93E-06
-86.6295,-2.93E-06
-86.6296,-2.93E-06
-86.6297,-2.93E-06
-86.6298,-2.93E-06
-86.6299,-2.92E-06
-86.63,-2.92E-06
-86.6301,-2.92E-06
-86.6302,-2.92E-06
-86.6303,-2.92E-06
-86.6304,-2.92E-06
-86.6305,-2.92E-06
-86.6306,-2.92E-06
-86.6307,-2.92E-06
-86.6308,-2.92E-06
-86.6309,-2.92E-06
-86.631,-2.92E-06
-86.6311,-2.92E-06
-86.6312,-2.92E-06
-86.6313,-2.92E-06
-86.6314,-2.92E-06
-86.6315,-2.92E-06
-86.6316,-2.92E-06
-86.6317,-2.92E-06
-86.6318,-2.92E-06
-86.6319,-2.92E-06
-86.632,-2.92E-06
-86.6321,-2.92E-06
-86.6322,-2.92E-06
-86.6323,-2.92E-06
-86.6324,-2.92E-06
-86.6325,-2.92E-06
-86.6326,-2.92E-06
-86.6327,-2.92E-06
-86.6328,-2.92E-06
-86.6329,-2.92E-06
-86.633,-2.92E-06
-86.6331,-2.92E-06
-86.6332,-2.92E-06
-86.6333,-2.92E-06
-86.6334,-2.92E-06
-86.6335,-2.92E-06
-86.6336,-2.92E-06
-86.6337,-2.92E-06
-86.6338,-2.92E-06
-86.6339,-2.92E-06
-86.634,-2.92E-06
-86.6341,-2.92E-06
-86.6342,-2.92E-06
-86.6343,-2.92E-06
-86.6344,-2.92E-06
-86.6345,-2.92E-06
-86.6346,-2.92E-06
-86.6347,-2.92E-06
-86.6348,-2.92E-06
-86.6349,-2.92E-06
-86.635,-2.92E-06
-86.6351,-2.92E-06
-86.6352,-2.92E-06
-86.6353,-2.92E-06
-86.6354,-2.92E-06
-86.6355,-2.92E-06
-86.6356,-2.92E-06
-86.6357,-2.92E-06
-86.6358,-2.92E-06
-86.6359,-2.92E-06
-86.636,-2.92E-06
-86.6361,-2.92E-06
-86.6362,-2.92E-06
-86.6363,-2.92E-06
-86.6364,-2.92E-06
-86.6365,-2.92E-06
-86.6366,-2.92E-06
-86.6367,-2.92E-06
-86.6368,-2.92E-06
-86.6369,-2.92E-06
-86.637,-2.92E-06
-86.6371,-2.91E-06
-86.6372,-2.91E-06
-86.6373,-2.91E-06
-86.6374,-2.91E-06
-86.6375,-2.91E-06
-86.6376,-2.91E-06
-86.6377,-2.91E-06
-86.6378,-2.91E-06
-86.6379,-2.91E-06
-86.638,-2.91E-06
-86.6381,-2.91E-06
-86.6382,-2.91E-06
-86.6383,-2.91E-06
-86.6384,-2.91E-06
-86.6385,-2.91E-06
-86.6386,-2.91E-06
-86.6387,-2.91E-06
-86.6388,-2.91E-06
-86.6389,-2.91E-06
-86.639,-2.91E-06
-86.6391,-2.91E-06
-86.6392,-2.91E-06
-86.6393,-2.91E-06
-86.6394,-2.91E-06
-86.6395,-2.91E-06
-86.6396,-2.91E-06
-86.6397,-2.91E-06
-86.6398,-2.91E-06
-86.6399,-2.91E-06
-86.64,-2.91E-06
-86.6401,-2.91E-06
-86.6402,-2.91E-06
-86.6403,-2.91E-06
-86.6404,-2.91E-06
-86.6405,-2.91E-06
-86.6406,-2.91E-06
-86.6407,-2.91E-06
-86.6408,-2.91E-06
-86.6409,-2.91E-06
-86.641,-2.91E-06
-86.6411,-2.91E-06
-86.6412,-2.91E-06
-86.6413,-2.91E-06
-86.6414,-2.91E-06
-86.6415,-2.91E-06
-86.6416,-2.91E-06
-86.6417,-2.91E-06
-86.6418,-2.91E-06
-86.6419,-2.91E-06
-86.642,-2.91E-06
-86.6421,-2.91E-06
-86.6422,-2.91E-06
-86.6423,-2.91E-06
-86.6424,-2.91E-06
-86.6425,-2.91E-06
-86.6426,-2.91E-06
-86.6427,-2.91E-06
-86.6428,-2.91E-06
-86.6429,-2.91E-06
-86.643,-2.91E-06
-86.6431,-2.91E-06
-86.6432,-2.91E-06
-86.6433,-2.91E-06
-86.6434,-2.91E-06
-86.6435,-2.91E-06
-86.6436,-2.91E-06
-86.6437,-2.91E-06
-86.6438,-2.91E-06
-86.6439,-2.91E-06
-86.644,-2.91E-06
-86.6441,-2.91E-06
-86.6442,-2.91E-06
-86.6443,-2.90E-06
-86.6444,-2.90E-06
-86.6445,-2.90E-06
-86.6446,-2.90E-06
-86.6447,-2.90E-06
-86.6448,-2.90E-06
-86.6449,-2.90E-06
-86.645,-2.90E-06
-86.6451,-2.90E-06
-86.6452,-2.90E-06
-86.6453,-2.90E-06
-86.6454,-2.90E-06
-86.6455,-2.90E-06
-86.6456,-2.90E-06
-86.6457,-2.90E-06
-86.6458,-2.90E-06
-86.6459,-2.90E-06
-86.6459,-2.90E-06
-86.646,-2.90E-06
-86.6461,-2.90E-06
-86.6462,-2.90E-06
-86.6463,-2.90E-06
-86.6464,-2.90E-06
-86.6465,-2.90E-06
-86.6466,-2.90E-06
-86.6467,-2.90E-06
-86.6468,-2.90E-06
-86.6469,-2.90E-06
-86.647,-2.90E-06
-86.6471,-2.90E-06
-86.6472,-2.90E-06
-86.6473,-2.90E-06
-86.6474,-2.90E-06
-86.6475,-2.90E-06
-86.6476,-2.90E-06
-86.6477,-2.90E-06
-86.6478,-2.90E-06
-86.6479,-2.90E-06
-86.648,-2.90E-06
-86.6481,-2.90E-06
-86.6482,-2.90E-06
-86.6483,-2.90E-06
-86.6484,-2.90E-06
-86.6485,-2.90E-06
-86.6486,-2.90E-06
-86.6487,-2.90E-06
-86.6488,-2.90E-06
-86.6489,-2.90E-06
-86.649,-2.90E-06
-86.6491,-2.90E-06
-86.6492,-2.90E-06
-86.6493,-2.90E-06
-86.6494,-2.90E-06
-86.6495,-2.90E-06
-86.6496,-2.90E-06
-86.6497,-2.90E-06
-86.6498,-2.90E-06
-86.6499,-2.90E-06
-86.65,-2.90E-06
-86.6501,-2.90E-06
-86.6502,-2.90E-06
-86.6503,-2.90E-06
-86.6504,-2.90E-06
-86.6505,-2.90E-06
-86.6506,-2.90E-06
-86.6507,-2.90E-06
-86.6508,-2.90E-06
-86.6509,-2.90E-06
-86.651,-2.90E-06
-86.6511,-2.90E-06
-86.6512,-2.90E-06
-86.6513,-2.90E-06
-86.6513,-2.90E-06
-86.6514,-2.89E-06
-86.6515,-2.89E-06
-86.6516,-2.89E-06
-86.6517,-2.89E-06
-86.6518,-2.89E-06
-86.6519,-2.89E-06
-86.652,-2.89E-06
-86.6521,-2.89E-06
-86.6522,-2.89E-06
-86.6523,-2.89E-06
-86.6524,-2.89E-06
-86.6525,-2.89E-06
-86.6526,-2.89E-06
-86.6527,-2.89E-06
-86.6528,-2.89E-06
-86.6529,-2.89E-06
-86.653,-2.89E-06
-86.6531,-2.89E-06
-86.6532,-2.89E-06
-86.6533,-2.89E-06
-86.6534,-2.89E-06
-86.6535,-2.89E-06
-86.6536,-2.89E-06
-86.6537,-2.89E-06
-86.6538,-2.89E-06
-86.6539,-2.89E-06
-86.654,-2.89E-06
-86.6541,-2.89E-06
-86.6542,-2.89E-06
-86.6543,-2.89E-06
-86.6544,-2.89E-06
-86.6545,-2.89E-06
-86.6546,-2.89E-06
-86.6547,-2.89E-06
-86.6548,-2.89E-06
-86.6549,-2.89E-06
-86.655,-2.89E-06
-86.6551,-2.89E-06
-86.6552,-2.89E-06
-86.6552,-2.89E-06
-86.6553,-2.89E-06
-86.6554,-2.89E-06
-86.6555,-2.89E-06
-86.6556,-2.89E-06
-86.6557,-2.89E-06
-86.6558,-2.89E-06
-86.6559,-2.89E-06
-86.656,-2.89E-06
-86.6561,-2.89E-06
-86.6562,-2.89E-06
-86.6563,-2.89E-06
-86.6564,-2.89E-06
-86.6565,-2.89E-06
-86.6566,-2.89E-06
-86.6567,-2.89E-06
-86.6568,-2.89E-06
-86.6569,-2.89E-06
-86.657,-2.89E-06
-86.6571,-2.89E-06
-86.6572,-2.89E-06
-86.6573,-2.89E-06
-86.6574,-2.89E-06
-86.6575,-2.89E-06
-86.6576,-2.89E-06
-86.6577,-2.89E-06
-86.6578,-2.89E-06
-86.6579,-2.89E-06
-86.658,-2.89E-06
-86.6581,-2.89E-06
-86.6582,-2.89E-06
-86.6583,-2.89E-06
-86.6584,-2.89E-06
-86.6584,-2.89E-06
-86.6585,-2.89E-06
-86.6586,-2.88E-06
-86.6587,-2.88E-06
-86.6588,-2.88E-06
-86.6589,-2.88E-06
-86.659,-2.88E-06
-86.6591,-2.88E-06
-86.6592,-2.88E-06
-86.6593,-2.88E-06
-86.6594,-2.88E-06
-86.6595,-2.88E-06
-86.6596,-2.88E-06
-86.6597,-2.88E-06
-86.6598,-2.88E-06
-86.6599,-2.88E-06
-86.66,-2.88E-06
-86.6601,-2.88E-06
-86.6602,-2.88E-06
-86.6603,-2.88E-06
-86.6604,-2.88E-06
-86.6605,-2.88E-06
-86.6606,-2.88E-06
-86.6607,-2.88E-06
-86.6608,-2.88E-06
-86.6609,-2.88E-06
-86.661,-2.88E-06
-86.6611,-2.88E-06
-86.6611,-2.88E-06
-86.6612,-2.88E-06
-86.6613,-2.88E-06
-86.6614,-2.88E-06
-86.6615,-2.88E-06
-86.6616,-2.88E-06
-86.6617,-2.88E-06
-86.6618,-2.88E-06
-86.6619,-2.88E-06
-86.662,-2.88E-06
-86.6621,-2.88E-06
-86.6622,-2.88E-06
-86.6623,-2.88E-06
-86.6624,-2.88E-06
-86.6625,-2.88E-06
-86.6626,-2.88E-06
-86.6627,-2.88E-06
-86.6628,-2.88E-06
-86.6629,-2.88E-06
-86.663,-2.88E-06
-86.6631,-2.88E-06
-86.6632,-2.88E-06
-86.6633,-2.88E-06
-86.6634,-2.88E-06
-86.6635,-2.88E-06
-86.6636,-2.88E-06
-86.6636,-2.88E-06
-86.6637,-2.88E-06
-86.6638,-2.88E-06
-86.6639,-2.88E-06
-86.664,-2.88E-06
-86.6641,-2.88E-06
-86.6642,-2.88E-06
-86.6643,-2.88E-06
-86.6644,-2.88E-06
-86.6645,-2.88E-06
-86.6646,-2.88E-06
-86.6647,-2.88E-06
-86.6648,-2.88E-06
-86.6649,-2.88E-06
-86.665,-2.88E-06
-86.6651,-2.88E-06
-86.6652,-2.88E-06
-86.6653,-2.88E-06
-86.6654,-2.88E-06
-86.6655,-2.88E-06
-86.6656,-2.88E-06
-86.6657,-2.88E-06
-86.6658,-2.88E-06
-86.6659,-2.87E-06
-86.6659,-2.87E-06
-86.666,-2.87E-06
-86.6661,-2.87E-06
-86.6662,-2.87E-06
-86.6663,-2.87E-06
-86.6664,-2.87E-06
-86.6665,-2.87E-06
-86.6666,-2.87E-06
-86.6667,-2.87E-06
-86.6668,-2.87E-06
-86.6669,-2.87E-06
-86.667,-2.87E-06
-86.6671,-2.87E-06
-86.6672,-2.87E-06
-86.6673,-2.87E-06
-86.6674,-2.87E-06
-86.6675,-2.87E-06
-86.6676,-2.87E-06
-86.6677,-2.87E-06
-86.6678,-2.87E-06
-86.6679,-2.87E-06
-86.6679,-2.87E-06
-86.668,-2.87E-06
-86.6681,-2.87E-06
-86.6682,-2.87E-06
-86.6683,-2.87E-06
-86.6684,-2.87E-06
-86.6685,-2.87E-06
-86.6686,-2.87E-06
-86.6687,-2.87E-06
-86.6688,-2.87E-06
-86.6689,-2.87E-06
-86.669,-2.87E-06
-86.6691,-2.87E-06
-86.6692,-2.87E-06
-86.6693,-2.87E-06
-86.6694,-2.87E-06
-86.6695,-2.87E-06
-86.6696,-2.87E-06
-86.6697,-2.87E-06
-86.6698,-2.87E-06
-86.6699,-2.87E-06
-86.6699,-2.87E-06
-86.67,-2.87E-06
-86.6701,-2.87E-06
-86.6702,-2.87E-06
-86.6703,-2.87E-06
-86.6704,-2.87E-06
-86.6705,-2.87E-06
-86.6706,-2.87E-06
-86.6707,-2.87E-06
-86.6708,-2.87E-06
-86.6709,-2.87E-06
-86.671,-2.87E-06
-86.6711,-2.87E-06
-86.6712,-2.87E-06
-86.6713,-2.87E-06
-86.6714,-2.87E-06
-86.6715,-2.87E-06
-86.6716,-2.87E-06
-86.6717,-2.87E-06
-86.6717,-2.87E-06
-86.6718,-2.87E-06
-86.6719,-2.87E-06
-86.672,-2.87E-06
-86.6721,-2.87E-06
-86.6722,-2.87E-06
-86.6723,-2.87E-06
-86.6724,-2.87E-06
-86.6725,-2.87E-06
-86.6726,-2.87E-06
-86.6727,-2.87E-06
-86.6728,-2.87E-06
-86.6729,-2.87E-06
-86.673,-2.87E-06
-86.6731,-2.86E-06
-86.6732,-2.86E-06
-86.6733,-2.86E-06
-86.6734,-2.86E-06
-86.6735,-2.86E-06
-86.6735,-2.86E-06
-86.6736,-2.86E-06
-86.6737,-2.86E-06
-86.6738,-2.86E-06
-86.6739,-2.86E-06
-86.674,-2.86E-06
-86.6741,-2.86E-06
-86.6742,-2.86E-06
-86.6743,-2.86E-06
-86.6744,-2.86E-06
-86.6745,-2.86E-06
-86.6746,-2.86E-06
-86.6747,-2.86E-06
-86.6748,-2.86E-06
-86.6749,-2.86E-06
-86.675,-2.86E-06
-86.6751,-2.86E-06
-86.6751,-2.86E-06
-86.6752,-2.86E-06
-86.6753,-2.86E-06
-86.6754,-2.86E-06
-86.6755,-2.86E-06
-86.6756,-2.86E-06
-86.6757,-2.86E-06
-86.6758,-2.86E-06
-86.6759,-2.86E-06
-86.676,-2.86E-06
-86.6761,-2.86E-06
-86.6762,-2.86E-06
-86.6763,-2.86E-06
-86.6764,-2.86E-06
-86.6765,-2.86E-06
-86.6766,-2.86E-06
-86.6767,-2.86E-06
-86.6767,-2.86E-06
-86.6768,-2.86E-06
-86.6769,-2.86E-06
-86.677,-2.86E-06
-86.6771,-2.86E-06
-86.6772,-2.86E-06
-86.6773,-2.86E-06
-86.6774,-2.86E-06
-86.6775,-2.86E-06
-86.6776,-2.86E-06
-86.6777,-2.86E-06
-86.6778,-2.86E-06
-86.6779,-2.86E-06
-86.678,-2.86E-06
-86.6781,-2.86E-06
-86.6782,-2.86E-06
-86.6782,-2.86E-06
-86.6783,-2.86E-06
-86.6784,-2.86E-06
-86.6785,-2.86E-06
-86.6786,-2.86E-06
-86.6787,-2.86E-06
-86.6788,-2.86E-06
-86.6789,-2.86E-06
-86.679,-2.86E-06
-86.6791,-2.86E-06
-86.6792,-2.86E-06
-86.6793,-2.86E-06
-86.6794,-2.86E-06
-86.6795,-2.86E-06
-86.6796,-2.86E-06
-86.6797,-2.86E-06
-86.6797,-2.86E-06
-86.6798,-2.86E-06
-86.6799,-2.86E-06
-86.68,-2.86E-06
-86.6801,-2.86E-06
-86.6802,-2.86E-06
-86.6803,-2.86E-06
-86.6804,-2.85E-06
-86.6805,-2.85E-06
-86.6806,-2.85E-06
-86.6807,-2.85E-06
-86.6808,-2.85E-06
-86.6809,-2.85E-06
-86.681,-2.85E-06
-86.6811,-2.85E-06
-86.6811,-2.85E-06
-86.6812,-2.85E-06
-86.6813,-2.85E-06
-86.6814,-2.85E-06
-86.6815,-2.85E-06
-86.6816,-2.85E-06
-86.6817,-2.85E-06
-86.6818,-2.85E-06
-86.6819,-2.85E-06
-86.682,-2.85E-06
-86.6821,-2.85E-06
-86.6822,-2.85E-06
-86.6823,-2.85E-06
-86.6824,-2.85E-06
-86.6825,-2.85E-06
-86.6825,-2.85E-06
-86.6826,-2.85E-06
-86.6827,-2.85E-06
-86.6828,-2.85E-06
-86.6829,-2.85E-06
-86.683,-2.85E-06
-86.6831,-2.85E-06
-86.6832,-2.85E-06
-86.6833,-2.85E-06
-86.6834,-2.85E-06
-86.6835,-2.85E-06
-86.6836,-2.85E-06
-86.6837,-2.85E-06
-86.6838,-2.85E-06
-86.6838,-2.85E-06
-86.6839,-2.85E-06
-86.684,-2.85E-06
-86.6841,-2.85E-06
-86.6842,-2.85E-06
-86.6843,-2.85E-06
-86.6844,-2.85E-06
-86.6845,-2.85E-06
-86.6846,-2.85E-06
-86.6847,-2.85E-06
-86.6848,-2.85E-06
-86.6849,-2.85E-06
-86.685,-2.85E-06
-86.6851,-2.85E-06
-86.6851,-2.85E-06
-86.6852,-2.85E-06
-86.6853,-2.85E-06
-86.6854,-2.85E-06
-86.6855,-2.85E-06
-86.6856,-2.85E-06
-86.6857,-2.85E-06
-86.6858,-2.85E-06
-86.6859,-2.85E-06
-86.686,-2.85E-06
-86.6861,-2.85E-06
-86.6862,-2.85E-06
-86.6863,-2.85E-06
-86.6863,-2.85E-06
-86.6864,-2.85E-06
-86.6865,-2.85E-06
-86.6866,-2.85E-06
-86.6867,-2.85E-06
-86.6868,-2.85E-06
-86.6869,-2.85E-06
-86.687,-2.85E-06
-86.6871,-2.85E-06
-86.6872,-2.85E-06
-86.6873,-2.85E-06
-86.6874,-2.85E-06
-86.6875,-2.85E-06
-86.6876,-2.85E-06
-86.6876,-2.84E-06
-86.6877,-2.84E-06
-86.6878,-2.84E-06
-86.6879,-2.84E-06
-86.688,-2.84E-06
-86.6881,-2.84E-06
-86.6882,-2.84E-06
-86.6883,-2.84E-06
-86.6884,-2.84E-06
-86.6885,-2.84E-06
-86.6886,-2.84E-06
-86.6887,-2.84E-06
-86.6887,-2.84E-06
-86.6888,-2.84E-06
-86.6889,-2.84E-06
-86.689,-2.84E-06
-86.6891,-2.84E-06
-86.6892,-2.84E-06
-86.6893,-2.84E-06
-86.6894,-2.84E-06
-86.6895,-2.84E-06
-86.6896,-2.84E-06
-86.6897,-2.84E-06
-86.6898,-2.84E-06
-86.6899,-2.84E-06
-86.6899,-2.84E-06
-86.69,-2.84E-06
-86.6901,-2.84E-06
-86.6902,-2.84E-06
-86.6903,-2.84E-06
-86.6904,-2.84E-06
-86.6905,-2.84E-06
-86.6906,-2.84E-06
-86.6907,-2.84E-06
-86.6908,-2.84E-06
-86.6909,-2.84E-06
-86.691,-2.84E-06
-86.691,-2.84E-06
-86.6911,-2.84E-06
-86.6912,-2.84E-06
-86.6913,-2.84E-06
-86.6914,-2.84E-06
-86.6915,-2.84E-06
-86.6916,-2.84E-06
-86.6917,-2.84E-06
-86.6918,-2.84E-06
-86.6919,-2.84E-06
-86.692,-2.84E-06
-86.6921,-2.84E-06
-86.6921,-2.84E-06
-86.6922,-2.84E-06
-86.6923,-2.84E-06
-86.6924,-2.84E-06
-86.6925,-2.84E-06
-86.6926,-2.84E-06
-86.6927,-2.84E-06
-86.6928,-2.84E-06
-86.6929,-2.84E-06
-86.693,-2.84E-06
-86.6931,-2.84E-06
-86.6932,-2.84E-06
-86.6932,-2.84E-06
-86.6933,-2.84E-06
-86.6934,-2.84E-06
-86.6935,-2.84E-06
-86.6936,-2.84E-06
-86.6937,-2.84E-06
-86.6938,-2.84E-06
-86.6939,-2.84E-06
-86.694,-2.84E-06
-86.6941,-2.84E-06
-86.6942,-2.84E-06
-86.6943,-2.84E-06
-86.6943,-2.84E-06
-86.6944,-2.84E-06
-86.6945,-2.84E-06
-86.6946,-2.84E-06
-86.6947,-2.84E-06
-86.6948,-2.84E-06
-86.6949,-2.83E-06
-86.695,-2.83E-06
-86.6951,-2.83E-06
-86.6952,-2.83E-06
-86.6953,-2.83E-06
-86.6953,-2.83E-06
-86.6954,-2.83E-06
-86.6955,-2.83E-06
-86.6956,-2.83E-06
-86.6957,-2.83E-06
-86.6958,-2.83E-06
-86.6959,-2.83E-06
-86.696,-2.83E-06
-86.6961,-2.83E-06
-86.6962,-2.83E-06
-86.6963,-2.83E-06
-86.6964,-2.83E-06
-86.6964,-2.83E-06
-86.6965,-2.83E-06
-86.6966,-2.83E-06
-86.6967,-2.83E-06
-86.6968,-2.83E-06
-86.6969,-2.83E-06
-86.697,-2.83E-06
-86.6971,-2.83E-06
-86.6972,-2.83E-06
-86.6973,-2.83E-06
-86.6974,-2.83E-06
-86.6974,-2.83E-06
-86.6975,-2.83E-06
-86.6976,-2.83E-06
-86.6977,-2.83E-06
-86.6978,-2.83E-06
-86.6979,-2.83E-06
-86.698,-2.83E-06
-86.6981,-2.83E-06
-86.6982,-2.83E-06
-86.6983,-2.83E-06
-86.6983,-2.83E-06
-86.6984,-2.83E-06
-86.6985,-2.83E-06
-86.6986,-2.83E-06
-86.6987,-2.83E-06
-86.6988,-2.83E-06
-86.6989,-2.83E-06
-86.699,-2.83E-06
-86.6991,-2.83E-06
-86.6992,-2.83E-06
-86.6993,-2.83E-06
-86.6993,-2.83E-06
-86.6994,-2.83E-06
-86.6995,-2.83E-06
-86.6996,-2.83E-06
-86.6997,-2.83E-06
-86.6998,-2.83E-06
-86.6999,-2.83E-06
-86.7,-2.83E-06
-86.7001,-2.83E-06
-86.7002,-2.83E-06
-86.7003,-2.83E-06
-86.7003,-2.83E-06
-86.7004,-2.83E-06
-86.7005,-2.83E-06
-86.7006,-2.83E-06
-86.7007,-2.83E-06
-86.7008,-2.83E-06
-86.7009,-2.83E-06
-86.701,-2.83E-06
-86.7011,-2.83E-06
-86.7012,-2.83E-06
-86.7012,-2.83E-06
-86.7013,-2.83E-06
-86.7014,-2.83E-06
-86.7015,-2.83E-06
-86.7016,-2.83E-06
-86.7017,-2.83E-06
-86.7018,-2.83E-06
-86.7019,-2.83E-06
-86.702,-2.83E-06
-86.7021,-2.83E-06
-86.7021,-2.83E-06
-86.7022,-2.82E-06
-86.7023,-2.82E-06
-86.7024,-2.82E-06
-86.7025,-2.82E-06
-86.7026,-2.82E-06
-86.7027,-2.82E-06
-86.7028,-2.82E-06
-86.7029,-2.82E-06
-86.703,-2.82E-06
-86.703,-2.82E-06
-86.7031,-2.82E-06
-86.7032,-2.82E-06
-86.7033,-2.82E-06
-86.7034,-2.82E-06
-86.7035,-2.82E-06
-86.7036,-2.82E-06
-86.7037,-2.82E-06
-86.7038,-2.82E-06
-86.7039,-2.82E-06
-86.7039,-2.82E-06
-86.704,-2.82E-06
-86.7041,-2.82E-06
-86.7042,-2.82E-06
-86.7043,-2.82E-06
-86.7044,-2.82E-06
-86.7045,-2.82E-06
-86.7046,-2.82E-06
-86.7047,-2.82E-06
-86.7048,-2.82E-06
-86.7048,-2.82E-06
-86.7049,-2.82E-06
-86.705,-2.82E-06
-86.7051,-2.82E-06
-86.7052,-2.82E-06
-86.7053,-2.82E-06
-86.7054,-2.82E-06
-86.7055,-2.82E-06
-86.7056,-2.82E-06
-86.7057,-2.82E-06
-86.7057,-2.82E-06
-86.7058,-2.82E-06
-86.7059,-2.82E-06
-86.706,-2.82E-06
-86.7061,-2.82E-06
-86.7062,-2.82E-06
-86.7063,-2.82E-06
-86.7064,-2.82E-06
-86.7065,-2.82E-06
-86.7066,-2.82E-06
-86.7066,-2.82E-06
-86.7067,-2.82E-06
-86.7068,-2.82E-06
-86.7069,-2.82E-06
-86.707,-2.82E-06
-86.7071,-2.82E-06
-86.7072,-2.82E-06
-86.7073,-2.82E-06
-86.7074,-2.82E-06
-86.7074,-2.82E-06
-86.7075,-2.82E-06
-86.7076,-2.82E-06
-86.7077,-2.82E-06
-86.7078,-2.82E-06
-86.7079,-2.82E-06
-86.708,-2.82E-06
-86.7081,-2.82E-06
-86.7082,-2.82E-06
-86.7082,-2.82E-06
-86.7083,-2.82E-06
-86.7084,-2.82E-06
-86.7085,-2.82E-06
-86.7086,-2.82E-06
-86.7087,-2.82E-06
-86.7088,-2.82E-06
-86.7089,-2.82E-06
-86.709,-2.82E-06
-86.7091,-2.82E-06
-86.7091,-2.82E-06
-86.7092,-2.82E-06
-86.7093,-2.82E-06
-86.7094,-2.82E-06
-86.7095,-2.82E-06
-86.7096,-2.81E-06
-86.7097,-2.81E-06
-86.7098,-2.81E-06
-86.7099,-2.81E-06
-86.7099,-2.81E-06
-86.71,-2.81E-06
-86.7101,-2.81E-06
-86.7102,-2.81E-06
-86.7103,-2.81E-06
-86.7104,-2.81E-06
-86.7105,-2.81E-06
-86.7106,-2.81E-06
-86.7107,-2.81E-06
-86.7107,-2.81E-06
-86.7108,-2.81E-06
-86.7109,-2.81E-06
-86.711,-2.81E-06
-86.7111,-2.81E-06
-86.7112,-2.81E-06
-86.7113,-2.81E-06
-86.7114,-2.81E-06
-86.7115,-2.81E-06
-86.7115,-2.81E-06
-86.7116,-2.81E-06
-86.7117,-2.81E-06
-86.7118,-2.81E-06
-86.7119,-2.81E-06
-86.712,-2.81E-06
-86.7121,-2.81E-06
-86.7122,-2.81E-06
-86.7123,-2.81E-06
-86.7123,-2.81E-06
-86.7124,-2.81E-06
-86.7125,-2.81E-06
-86.7126,-2.81E-06
-86.7127,-2.81E-06
-86.7128,-2.81E-06
-86.7129,-2.81E-06
-86.713,-2.81E-06
-86.713,-2.81E-06
-86.7131,-2.81E-06
-86.7132,-2.81E-06
-86.7133,-2.81E-06
-86.7134,-2.81E-06
-86.7135,-2.81E-06
-86.7136,-2.81E-06
-86.7137,-2.81E-06
-86.7138,-2.81E-06
-86.7138,-2.81E-06
-86.7139,-2.81E-06
-86.714,-2.81E-06
-86.7141,-2.81E-06
-86.7142,-2.81E-06
-86.7143,-2.81E-06
-86.7144,-2.81E-06
-86.7145,-2.81E-06
-86.7146,-2.81E-06
-86.7146,-2.81E-06
-86.7147,-2.81E-06
-86.7148,-2.81E-06
-86.7149,-2.81E-06
-86.715,-2.81E-06
-86.7151,-2.81E-06
-86.7152,-2.81E-06
-86.7153,-2.81E-06
-86.7153,-2.81E-06
-86.7154,-2.81E-06
-86.7155,-2.81E-06
-86.7156,-2.81E-06
-86.7157,-2.81E-06
-86.7158,-2.81E-06
-86.7159,-2.81E-06
-86.716,-2.81E-06
-86.7161,-2.81E-06
-86.7161,-2.81E-06
-86.7162,-2.81E-06
-86.7163,-2.81E-06
-86.7164,-2.81E-06
-86.7165,-2.81E-06
-86.7166,-2.81E-06
-86.7167,-2.81E-06
-86.7168,-2.81E-06
-86.7168,-2.81E-06
-86.7169,-2.80E-06
-86.717,-2.80E-06
-86.7171,-2.80E-06
-86.7172,-2.80E-06
-86.7173,-2.80E-06
-86.7174,-2.80E-06
-86.7175,-2.80E-06
-86.7175,-2.80E-06
-86.7176,-2.80E-06
-86.7177,-2.80E-06
-86.7178,-2.80E-06
-86.7179,-2.80E-06
-86.718,-2.80E-06
-86.7181,-2.80E-06
-86.7182,-2.80E-06
-86.7183,-2.80E-06
-86.7183,-2.80E-06
-86.7184,-2.80E-06
-86.7185,-2.80E-06
-86.7186,-2.80E-06
-86.7187,-2.80E-06
-86.7188,-2.80E-06
-86.7189,-2.80E-06
-86.719,-2.80E-06
-86.719,-2.80E-06
-86.7191,-2.80E-06
-86.7192,-2.80E-06
-86.7193,-2.80E-06
-86.7194,-2.80E-06
-86.7195,-2.80E-06
-86.7196,-2.80E-06
-86.7197,-2.80E-06
-86.7197,-2.80E-06
-86.7198,-2.80E-06
-86.7199,-2.80E-06
-86.72,-2.80E-06
-86.7201,-2.80E-06
-86.7202,-2.80E-06
-86.7203,-2.80E-06
-86.7204,-2.80E-06
-86.7204,-2.80E-06
-86.7205,-2.80E-06
-86.7206,-2.80E-06
-86.7207,-2.80E-06
-86.7208,-2.80E-06
-86.7209,-2.80E-06
-86.721,-2.80E-06
-86.7211,-2.80E-06
-86.7211,-2.80E-06
-86.7212,-2.80E-06
-86.7213,-2.80E-06
-86.7214,-2.80E-06
-86.7215,-2.80E-06
-86.7216,-2.80E-06
-86.7217,-2.80E-06
-86.7218,-2.80E-06
-86.7218,-2.80E-06
-86.7219,-2.80E-06
-86.722,-2.80E-06
-86.7221,-2.80E-06
-86.7222,-2.80E-06
-86.7223,-2.80E-06
-86.7224,-2.80E-06
-86.7225,-2.80E-06
-86.7225,-2.80E-06
-86.7226,-2.80E-06
-86.7227,-2.80E-06
-86.7228,-2.80E-06
-86.7229,-2.80E-06
-86.723,-2.80E-06
-86.7231,-2.80E-06
-86.7231,-2.80E-06
-86.7232,-2.80E-06
-86.7233,-2.80E-06
-86.7234,-2.80E-06
-86.7235,-2.80E-06
-86.7236,-2.80E-06
-86.7237,-2.80E-06
-86.7238,-2.80E-06
-86.7238,-2.80E-06
-86.7239,-2.80E-06
-86.724,-2.80E-06
-86.7241,-2.80E-06
-86.7242,-2.80E-06
-86.7243,-2.79E-06
-86.7244,-2.79E-06
-86.7245,-2.79E-06
-86.7245,-2.79E-06
-86.7246,-2.79E-06
-86.7247,-2.79E-06
-86.7248,-2.79E-06
-86.7249,-2.79E-06
-86.725,-2.79E-06
-86.7251,-2.79E-06
-86.7251,-2.79E-06
-86.7252,-2.79E-06
-86.7253,-2.79E-06
-86.7254,-2.79E-06
-86.7255,-2.79E-06
-86.7256,-2.79E-06
-86.7257,-2.79E-06
-86.7258,-2.79E-06
-86.7258,-2.79E-06
-86.7259,-2.79E-06
-86.726,-2.79E-06
-86.7261,-2.79E-06
-86.7262,-2.79E-06
-86.7263,-2.79E-06
-86.7264,-2.79E-06
-86.7264,-2.79E-06
-86.7265,-2.79E-06
-86.7266,-2.79E-06
-86.7267,-2.79E-06
-86.7268,-2.79E-06
-86.7269,-2.79E-06
-86.727,-2.79E-06
-86.7271,-2.79E-06
-86.7271,-2.79E-06
-86.7272,-2.79E-06
-86.7273,-2.79E-06
-86.7274,-2.79E-06
-86.7275,-2.79E-06
-86.7276,-2.79E-06
-86.7277,-2.79E-06
-86.7277,-2.79E-06
-86.7278,-2.79E-06
-86.7279,-2.79E-06
-86.728,-2.79E-06
-86.7281,-2.79E-06
-86.7282,-2.79E-06
-86.7283,-2.79E-06
-86.7284,-2.79E-06
-86.7284,-2.79E-06
-86.7285,-2.79E-06
-86.7286,-2.79E-06
-86.7287,-2.79E-06
-86.7288,-2.79E-06
-86.7289,-2.79E-06
-86.729,-2.79E-06
-86.729,-2.79E-06
-86.7291,-2.79E-06
-86.7292,-2.79E-06
-86.7293,-2.79E-06
-86.7294,-2.79E-06
-86.7295,-2.79E-06
-86.7296,-2.79E-06
-86.7296,-2.79E-06
-86.7297,-2.79E-06
-86.7298,-2.79E-06
-86.7299,-2.79E-06
-86.73,-2.79E-06
-86.7301,-2.79E-06
-86.7302,-2.79E-06
-86.7302,-2.79E-06
-86.7303,-2.79E-06
-86.7304,-2.79E-06
-86.7305,-2.79E-06
-86.7306,-2.79E-06
-86.7307,-2.79E-06
-86.7308,-2.79E-06
-86.7308,-2.79E-06
-86.7309,-2.79E-06
-86.731,-2.79E-06
-86.7311,-2.79E-06
-86.7312,-2.79E-06
-86.7313,-2.79E-06
-86.7314,-2.79E-06
-86.7315,-2.79E-06
-86.7315,-2.79E-06
-86.7316,-2.79E-06
-86.7317,-2.78E-06
-86.7318,-2.78E-06
-86.7319,-2.78E-06
-86.732,-2.78E-06
-86.7321,-2.78E-06
-86.7321,-2.78E-06
-86.7322,-2.78E-06
-86.7323,-2.78E-06
-86.7324,-2.78E-06
-86.7325,-2.78E-06
-86.7326,-2.78E-06
-86.7327,-2.78E-06
-86.7327,-2.78E-06
-86.7328,-2.78E-06
-86.7329,-2.78E-06
-86.733,-2.78E-06
-86.7331,-2.78E-06
-86.7332,-2.78E-06
-86.7333,-2.78E-06
-86.7333,-2.78E-06
-86.7334,-2.78E-06
-86.7335,-2.78E-06
-86.7336,-2.78E-06
-86.7337,-2.78E-06
-86.7338,-2.78E-06
-86.7339,-2.78E-06
-86.7339,-2.78E-06
-86.734,-2.78E-06
-86.7341,-2.78E-06
-86.7342,-2.78E-06
-86.7343,-2.78E-06
-86.7344,-2.78E-06
-86.7344,-2.78E-06
-86.7345,-2.78E-06
-86.7346,-2.78E-06
-86.7347,-2.78E-06
-86.7348,-2.78E-06
-86.7349,-2.78E-06
-86.735,-2.78E-06
-86.735,-2.78E-06
-86.7351,-2.78E-06
-86.7352,-2.78E-06
-86.7353,-2.78E-06
-86.7354,-2.78E-06
-86.7355,-2.78E-06
-86.7356,-2.78E-06
-86.7356,-2.78E-06
-86.7357,-2.78E-06
-86.7358,-2.78E-06
-86.7359,-2.78E-06
-86.736,-2.78E-06
-86.7361,-2.78E-06
-86.7362,-2.78E-06
-86.7362,-2.78E-06
-86.7363,-2.78E-06
-86.7364,-2.78E-06
-86.7365,-2.78E-06
-86.7366,-2.78E-06
-86.7367,-2.78E-06
-86.7368,-2.78E-06
-86.7368,-2.78E-06
-86.7369,-2.78E-06
-86.737,-2.78E-06
-86.7371,-2.78E-06
-86.7372,-2.78E-06
-86.7373,-2.78E-06
-86.7373,-2.78E-06
-86.7374,-2.78E-06
-86.7375,-2.78E-06
-86.7376,-2.78E-06
-86.7377,-2.78E-06
-86.7378,-2.78E-06
-86.7379,-2.78E-06
-86.7379,-2.78E-06
-86.738,-2.78E-06
-86.7381,-2.78E-06
-86.7382,-2.78E-06
-86.7383,-2.78E-06
-86.7384,-2.78E-06
-86.7385,-2.78E-06
-86.7385,-2.78E-06
-86.7386,-2.78E-06
-86.7387,-2.78E-06
-86.7388,-2.78E-06
-86.7389,-2.78E-06
-86.739,-2.78E-06
-86.739,-2.78E-06
-86.7391,-2.77E-06
-86.7392,-2.77E-06
-86.7393,-2.77E-06
-86.7394,-2.77E-06
-86.7395,-2.77E-06
-86.7396,-2.77E-06
-86.7396,-2.77E-06
-86.7397,-2.77E-06
-86.7398,-2.77E-06
-86.7399,-2.77E-06
-86.74,-2.77E-06
-86.7401,-2.77E-06
-86.7401,-2.77E-06
-86.7402,-2.77E-06
-86.7403,-2.77E-06
-86.7404,-2.77E-06
-86.7405,-2.77E-06
-86.7406,-2.77E-06
-86.7407,-2.77E-06
-86.7407,-2.77E-06
-86.7408,-2.77E-06
-86.7409,-2.77E-06
-86.741,-2.77E-06
-86.7411,-2.77E-06
-86.7412,-2.77E-06
-86.7412,-2.77E-06
-86.7413,-2.77E-06
-86.7414,-2.77E-06
-86.7415,-2.77E-06
-86.7416,-2.77E-06
-86.7417,-2.77E-06
-86.7418,-2.77E-06
-86.7418,-2.77E-06
-86.7419,-2.77E-06
-86.742,-2.77E-06
-86.7421,-2.77E-06
-86.7422,-2.77E-06
-86.7423,-2.77E-06
-86.7423,-2.77E-06
-86.7424,-2.77E-06
-86.7425,-2.77E-06
-86.7426,-2.77E-06
-86.7427,-2.77E-06
-86.7428,-2.77E-06
-86.7428,-2.77E-06
-86.7429,-2.77E-06
-86.743,-2.77E-06
-86.7431,-2.77E-06
-86.7432,-2.77E-06
-86.7433,-2.77E-06
-86.7434,-2.77E-06
-86.7434,-2.77E-06
-86.7435,-2.77E-06
-86.7436,-2.77E-06
-86.7437,-2.77E-06
-86.7438,-2.77E-06
-86.7439,-2.77E-06
-86.7439,-2.77E-06
-86.744,-2.77E-06
-86.7441,-2.77E-06
-86.7442,-2.77E-06
-86.7443,-2.77E-06
-86.7444,-2.77E-06
-86.7444,-2.77E-06
-86.7445,-2.77E-06
-86.7446,-2.77E-06
-86.7447,-2.77E-06
-86.7448,-2.77E-06
-86.7449,-2.77E-06
-86.745,-2.77E-06
-86.745,-2.77E-06
-86.7451,-2.77E-06
-86.7452,-2.77E-06
-86.7453,-2.77E-06
-86.7454,-2.77E-06
-86.7455,-2.77E-06
-86.7455,-2.77E-06
-86.7456,-2.77E-06
-86.7457,-2.77E-06
-86.7458,-2.77E-06
-86.7459,-2.77E-06
-86.746,-2.77E-06
-86.746,-2.77E-06
-86.7461,-2.77E-06
-86.7462,-2.77E-06
-86.7463,-2.77E-06
-86.7464,-2.77E-06
-86.7465,-2.77E-06
-86.7465,-2.76E-06
-86.7466,-2.76E-06
-86.7467,-2.76E-06
-86.7468,-2.76E-06
-86.7469,-2.76E-06
-86.747,-2.76E-06
-86.747,-2.76E-06
-86.7471,-2.76E-06
-86.7472,-2.76E-06
-86.7473,-2.76E-06
-86.7474,-2.76E-06
-86.7475,-2.76E-06
-86.7475,-2.76E-06
-86.7476,-2.76E-06
-86.7477,-2.76E-06
-86.7478,-2.76E-06
-86.7479,-2.76E-06
-86.748,-2.76E-06
-86.748,-2.76E-06
-86.7481,-2.76E-06
-86.7482,-2.76E-06
-86.7483,-2.76E-06
-86.7484,-2.76E-06
-86.7485,-2.76E-06
-86.7486,-2.76E-06
-86.7486,-2.76E-06
-86.7487,-2.76E-06
-86.7488,-2.76E-06
-86.7489,-2.76E-06
-86.749,-2.76E-06
-86.7491,-2.76E-06
-86.7491,-2.76E-06
-86.7492,-2.76E-06
-86.7493,-2.76E-06
-86.7494,-2.76E-06
-86.7495,-2.76E-06
-86.7496,-2.76E-06
-86.7496,-2.76E-06
-86.7497,-2.76E-06
-86.7498,-2.76E-06
-86.7499,-2.76E-06
-86.75,-2.76E-06
-86.75,-2.76E-06
-86.7501,-2.76E-06
-86.7502,-2.76E-06
-86.7503,-2.76E-06
-86.7504,-2.76E-06
-86.7505,-2.76E-06
-86.7505,-2.76E-06
-86.7506,-2.76E-06
-86.7507,-2.76E-06
-86.7508,-2.76E-06
-86.7509,-2.76E-06
-86.751,-2.76E-06
-86.751,-2.76E-06
-86.7511,-2.76E-06
-86.7512,-2.76E-06
-86.7513,-2.76E-06
-86.7514,-2.76E-06
-86.7515,-2.76E-06
-86.7515,-2.76E-06
-86.7516,-2.76E-06
-86.7517,-2.76E-06
-86.7518,-2.76E-06
-86.7519,-2.76E-06
-86.752,-2.76E-06
-86.752,-2.76E-06
-86.7521,-2.76E-06
-86.7522,-2.76E-06
-86.7523,-2.76E-06
-86.7524,-2.76E-06
-86.7525,-2.76E-06
-86.7525,-2.76E-06
-86.7526,-2.76E-06
-86.7527,-2.76E-06
-86.7528,-2.76E-06
-86.7529,-2.76E-06
-86.753,-2.76E-06
-86.753,-2.76E-06
-86.7531,-2.76E-06
-86.7532,-2.76E-06
-86.7533,-2.76E-06
-86.7534,-2.76E-06
-86.7535,-2.76E-06
-86.7535,-2.76E-06
-86.7536,-2.76E-06
-86.7537,-2.76E-06
-86.7538,-2.76E-06
-86.7539,-2.76E-06
-86.7539,-2.76E-06
-86.754,-2.75E-06
-86.7541,-2.75E-06
-86.7542,-2.75E-06
-86.7543,-2.75E-06
-86.7544,-2.75E-06
-86.7544,-2.75E-06
-86.7545,-2.75E-06
-86.7546,-2.75E-06
-86.7547,-2.75E-06
-86.7548,-2.75E-06
-86.7549,-2.75E-06
-86.7549,-2.75E-06
-86.755,-2.75E-06
-86.7551,-2.75E-06
-86.7552,-2.75E-06
-86.7553,-2.75E-06
-86.7554,-2.75E-06
-86.7554,-2.75E-06
-86.7555,-2.75E-06
-86.7556,-2.75E-06
-86.7557,-2.75E-06
-86.7558,-2.75E-06
-86.7558,-2.75E-06
-86.7559,-2.75E-06
-86.756,-2.75E-06
-86.7561,-2.75E-06
-86.7562,-2.75E-06
-86.7563,-2.75E-06
-86.7563,-2.75E-06
-86.7564,-2.75E-06
-86.7565,-2.75E-06
-86.7566,-2.75E-06
-86.7567,-2.75E-06
-86.7568,-2.75E-06
-86.7568,-2.75E-06
-86.7569,-2.75E-06
-86.757,-2.75E-06
-86.7571,-2.75E-06
-86.7572,-2.75E-06
-86.7572,-2.75E-06
-86.7573,-2.75E-06
-86.7574,-2.75E-06
-86.7575,-2.75E-06
-86.7576,-2.75E-06
-86.7577,-2.75E-06
-86.7577,-2.75E-06
-86.7578,-2.75E-06
-86.7579,-2.75E-06
-86.758,-2.75E-06
-86.7581,-2.75E-06
-86.7581,-2.75E-06
-86.7582,-2.75E-06
-86.7583,-2.75E-06
-86.7584,-2.75E-06
-86.7585,-2.75E-06
-86.7586,-2.75E-06
-86.7586,-2.75E-06
-86.7587,-2.75E-06
-86.7588,-2.75E-06
-86.7589,-2.75E-06
-86.759,-2.75E-06
-86.7591,-2.75E-06
-86.7591,-2.75E-06
-86.7592,-2.75E-06
-86.7593,-2.75E-06
-86.7594,-2.75E-06
-86.7595,-2.75E-06
-86.7595,-2.75E-06
-86.7596,-2.75E-06
-86.7597,-2.75E-06
-86.7598,-2.75E-06
-86.7599,-2.75E-06
-86.76,-2.75E-06
-86.76,-2.75E-06
-86.7601,-2.75E-06
-86.7602,-2.75E-06
-86.7603,-2.75E-06
-86.7604,-2.75E-06
-86.7604,-2.75E-06
-86.7605,-2.75E-06
-86.7606,-2.75E-06
-86.7607,-2.75E-06
-86.7608,-2.75E-06
-86.7609,-2.75E-06
-86.7609,-2.75E-06
-86.761,-2.75E-06
-86.7611,-2.75E-06
-86.7612,-2.75E-06
-86.7613,-2.75E-06
-86.7613,-2.75E-06
-86.7614,-2.75E-06
-86.7615,-2.74E-06
-86.7616,-2.74E-06
-86.7617,-2.74E-06
-86.7617,-2.74E-06
-86.7618,-2.74E-06
-86.7619,-2.74E-06
-86.762,-2.74E-06
-86.7621,-2.74E-06
-86.7622,-2.74E-06
-86.7622,-2.74E-06
-86.7623,-2.74E-06
-86.7624,-2.74E-06
-86.7625,-2.74E-06
-86.7626,-2.74E-06
-86.7626,-2.74E-06
-86.7627,-2.74E-06
-86.7628,-2.74E-06
-86.7629,-2.74E-06
-86.763,-2.74E-06
-86.7631,-2.74E-06
-86.7631,-2.74E-06
-86.7632,-2.74E-06
-86.7633,-2.74E-06
-86.7634,-2.74E-06
-86.7635,-2.74E-06
-86.7635,-2.74E-06
-86.7636,-2.74E-06
-86.7637,-2.74E-06
-86.7638,-2.74E-06
-86.7639,-2.74E-06
-86.7639,-2.74E-06
-86.764,-2.74E-06
-86.7641,-2.74E-06
-86.7642,-2.74E-06
-86.7643,-2.74E-06
-86.7644,-2.74E-06
-86.7644,-2.74E-06
-86.7645,-2.74E-06
-86.7646,-2.74E-06
-86.7647,-2.74E-06
-86.7648,-2.74E-06
-86.7648,-2.74E-06
-86.7649,-2.74E-06
-86.765,-2.74E-06
-86.7651,-2.74E-06
-86.7652,-2.74E-06
-86.7652,-2.74E-06
-86.7653,-2.74E-06
-86.7654,-2.74E-06
-86.7655,-2.74E-06
-86.7656,-2.74E-06
-86.7656,-2.74E-06
-86.7657,-2.74E-06
-86.7658,-2.74E-06
-86.7659,-2.74E-06
-86.766,-2.74E-06
-86.7661,-2.74E-06
-86.7661,-2.74E-06
-86.7662,-2.74E-06
-86.7663,-2.74E-06
-86.7664,-2.74E-06
-86.7665,-2.74E-06
-86.7665,-2.74E-06
-86.7666,-2.74E-06
-86.7667,-2.74E-06
-86.7668,-2.74E-06
-86.7669,-2.74E-06
-86.7669,-2.74E-06
-86.767,-2.74E-06
-86.7671,-2.74E-06
-86.7672,-2.74E-06
-86.7673,-2.74E-06
-86.7673,-2.74E-06
-86.7674,-2.74E-06
-86.7675,-2.74E-06
-86.7676,-2.74E-06
-86.7677,-2.74E-06
-86.7678,-2.74E-06
-86.7678,-2.74E-06
-86.7679,-2.74E-06
-86.768,-2.74E-06
-86.7681,-2.74E-06
-86.7682,-2.74E-06
-86.7682,-2.74E-06
-86.7683,-2.74E-06
-86.7684,-2.74E-06
-86.7685,-2.74E-06
-86.7686,-2.74E-06
-86.7686,-2.74E-06
-86.7687,-2.74E-06
-86.7688,-2.74E-06
-86.7689,-2.74E-06
-86.769,-2.73E-06
-86.769,-2.73E-06
-86.7691,-2.73E-06
-86.7692,-2.73E-06
-86.7693,-2.73E-06
-86.7694,-2.73E-06
-86.7694,-2.73E-06
-86.7695,-2.73E-06
-86.7696,-2.73E-06
-86.7697,-2.73E-06
-86.7698,-2.73E-06
-86.7698,-2.73E-06
-86.7699,-2.73E-06
-86.77,-2.73E-06
-86.7701,-2.73E-06
-86.7702,-2.73E-06
-86.7702,-2.73E-06
-86.7703,-2.73E-06
-86.7704,-2.73E-06
-86.7705,-2.73E-06
-86.7706,-2.73E-06
-86.7706,-2.73E-06
-86.7707,-2.73E-06
-86.7708,-2.73E-06
-86.7709,-2.73E-06
-86.771,-2.73E-06
-86.7711,-2.73E-06
-86.7711,-2.73E-06
-86.7712,-2.73E-06
-86.7713,-2.73E-06
-86.7714,-2.73E-06
-86.7715,-2.73E-06
-86.7715,-2.73E-06
-86.7716,-2.73E-06
-86.7717,-2.73E-06
-86.7718,-2.73E-06
-86.7719,-2.73E-06
-86.7719,-2.73E-06
-86.772,-2.73E-06
-86.7721,-2.73E-06
-86.7722,-2.73E-06
-86.7723,-2.73E-06
-86.7723,-2.73E-06
-86.7724,-2.73E-06
-86.7725,-2.73E-06
-86.7726,-2.73E-06
-86.7727,-2.73E-06
-86.7727,-2.73E-06
-86.7728,-2.73E-06
-86.7729,-2.73E-06
-86.773,-2.73E-06
-86.7731,-2.73E-06
-86.7731,-2.73E-06
-86.7732,-2.73E-06
-86.7733,-2.73E-06
-86.7734,-2.73E-06
-86.7735,-2.73E-06
-86.7735,-2.73E-06
-86.7736,-2.73E-06
-86.7737,-2.73E-06
-86.7738,-2.73E-06
-86.7739,-2.73E-06
-86.7739,-2.73E-06
-86.774,-2.73E-06
-86.7741,-2.73E-06
-86.7742,-2.73E-06
-86.7743,-2.73E-06
-86.7743,-2.73E-06
-86.7744,-2.73E-06
-86.7745,-2.73E-06
-86.7746,-2.73E-06
-86.7747,-2.73E-06
-86.7747,-2.73E-06
-86.7748,-2.73E-06
-86.7749,-2.73E-06
-86.775,-2.73E-06
-86.775,-2.73E-06
-86.7751,-2.73E-06
-86.7752,-2.73E-06
-86.7753,-2.73E-06
-86.7754,-2.73E-06
-86.7754,-2.73E-06
-86.7755,-2.73E-06
-86.7756,-2.73E-06
-86.7757,-2.73E-06
-86.7758,-2.73E-06
-86.7758,-2.73E-06
-86.7759,-2.73E-06
-86.776,-2.73E-06
-86.7761,-2.73E-06
-86.7762,-2.73E-06
-86.7762,-2.73E-06
-86.7763,-2.73E-06
-86.7764,-2.73E-06
-86.7765,-2.73E-06
-86.7766,-2.72E-06
-86.7766,-2.72E-06
-86.7767,-2.72E-06
-86.7768,-2.72E-06
-86.7769,-2.72E-06
-86.777,-2.72E-06
-86.777,-2.72E-06
-86.7771,-2.72E-06
-86.7772,-2.72E-06
-86.7773,-2.72E-06
-86.7774,-2.72E-06
-86.7774,-2.72E-06
-86.7775,-2.72E-06
-86.7776,-2.72E-06
-86.7777,-2.72E-06
-86.7778,-2.72E-06
-86.7778,-2.72E-06
-86.7779,-2.72E-06
-86.778,-2.72E-06
-86.7781,-2.72E-06
-86.7781,-2.72E-06
-86.7782,-2.72E-06
-86.7783,-2.72E-06
-86.7784,-2.72E-06
-86.7785,-2.72E-06
-86.7785,-2.72E-06
-86.7786,-2.72E-06
-86.7787,-2.72E-06
-86.7788,-2.72E-06
-86.7789,-2.72E-06
-86.7789,-2.72E-06
-86.779,-2.72E-06
-86.7791,-2.72E-06
-86.7792,-2.72E-06
-86.7793,-2.72E-06
-86.7793,-2.72E-06
-86.7794,-2.72E-06
-86.7795,-2.72E-06
-86.7796,-2.72E-06
-86.7797,-2.72E-06
-86.7797,-2.72E-06
-86.7798,-2.72E-06
-86.7799,-2.72E-06
-86.78,-2.72E-06
-86.78,-2.72E-06
-86.7801,-2.72E-06
-86.7802,-2.72E-06
-86.7803,-2.72E-06
-86.7804,-2.72E-06
-86.7804,-2.72E-06
-86.7805,-2.72E-06
-86.7806,-2.72E-06
-86.7807,-2.72E-06
-86.7808,-2.72E-06
-86.7808,-2.72E-06
-86.7809,-2.72E-06
-86.781,-2.72E-06
-86.7811,-2.72E-06
-86.7812,-2.72E-06
-86.7812,-2.72E-06
-86.7813,-2.72E-06
-86.7814,-2.72E-06
-86.7815,-2.72E-06
-86.7815,-2.72E-06
-86.7816,-2.72E-06
-86.7817,-2.72E-06
-86.7818,-2.72E-06
-86.7819,-2.72E-06
-86.7819,-2.72E-06
-86.782,-2.72E-06
-86.7821,-2.72E-06
-86.7822,-2.72E-06
-86.7823,-2.72E-06
-86.7823,-2.72E-06
-86.7824,-2.72E-06
-86.7825,-2.72E-06
-86.7826,-2.72E-06
-86.7826,-2.72E-06
-86.7827,-2.72E-06
-86.7828,-2.72E-06
-86.7829,-2.72E-06
-86.783,-2.72E-06
-86.783,-2.72E-06
-86.7831,-2.72E-06
-86.7832,-2.72E-06
-86.7833,-2.72E-06
-86.7834,-2.72E-06
-86.7834,-2.72E-06
-86.7835,-2.72E-06
-86.7836,-2.72E-06
-86.7837,-2.72E-06
-86.7837,-2.72E-06
-86.7838,-2.72E-06
-86.7839,-2.72E-06
-86.784,-2.72E-06
-86.7841,-2.71E-06
-86.7841,-2.71E-06
-86.7842,-2.71E-06
-86.7843,-2.71E-06
-86.7844,-2.71E-06
-86.7845,-2.71E-06
-86.7845,-2.71E-06
-86.7846,-2.71E-06
-86.7847,-2.71E-06
-86.7848,-2.71E-06
-86.7848,-2.71E-06
-86.7849,-2.71E-06
-86.785,-2.71E-06
-86.7851,-2.71E-06
-86.7852,-2.71E-06
-86.7852,-2.71E-06
-86.7853,-2.71E-06
-86.7854,-2.71E-06
-86.7855,-2.71E-06
-86.7855,-2.71E-06
-86.7856,-2.71E-06
-86.7857,-2.71E-06
-86.7858,-2.71E-06
-86.7859,-2.71E-06
-86.7859,-2.71E-06
-86.786,-2.71E-06
-86.7861,-2.71E-06
-86.7862,-2.71E-06
-86.7863,-2.71E-06
-86.7863,-2.71E-06
-86.7864,-2.71E-06
-86.7865,-2.71E-06
-86.7866,-2.71E-06
-86.7866,-2.71E-06
-86.7867,-2.71E-06
-86.7868,-2.71E-06
-86.7869,-2.71E-06
-86.787,-2.71E-06
-86.787,-2.71E-06
-86.7871,-2.71E-06
-86.7872,-2.71E-06
-86.7873,-2.71E-06
-86.7873,-2.71E-06
-86.7874,-2.71E-06
-86.7875,-2.71E-06
-86.7876,-2.71E-06
-86.7877,-2.71E-06
-86.7877,-2.71E-06
-86.7878,-2.71E-06
-86.7879,-2.71E-06
-86.788,-2.71E-06
-86.788,-2.71E-06
-86.7881,-2.71E-06
-86.7882,-2.71E-06
-86.7883,-2.71E-06
-86.7884,-2.71E-06
-86.7884,-2.71E-06
-86.7885,-2.71E-06
-86.7886,-2.71E-06
-86.7887,-2.71E-06
-86.7887,-2.71E-06
-86.7888,-2.71E-06
-86.7889,-2.71E-06
-86.789,-2.71E-06
-86.7891,-2.71E-06
-86.7891,-2.71E-06
-86.7892,-2.71E-06
-86.7893,-2.71E-06
-86.7894,-2.71E-06
-86.7894,-2.71E-06
-86.7895,-2.71E-06
-86.7896,-2.71E-06
-86.7897,-2.71E-06
-86.7898,-2.71E-06
-86.7898,-2.71E-06
-86.7899,-2.71E-06
-86.79,-2.71E-06
-86.7901,-2.71E-06
-86.7901,-2.71E-06
-86.7902,-2.71E-06
-86.7903,-2.71E-06
-86.7904,-2.71E-06
-86.7905,-2.71E-06
-86.7905,-2.71E-06
-86.7906,-2.71E-06
-86.7907,-2.71E-06
-86.7908,-2.71E-06
-86.7908,-2.71E-06
-86.7909,-2.71E-06
-86.791,-2.71E-06
-86.7911,-2.71E-06
-86.7912,-2.71E-06
-86.7912,-2.71E-06
-86.7913,-2.71E-06
-86.7914,-2.71E-06
-86.7915,-2.71E-06
-86.7915,-2.71E-06
-86.7916,-2.70E-06
-86.7917,-2.70E-06
-86.7918,-2.70E-06
-86.7918,-2.70E-06
-86.7919,-2.70E-06
-86.792,-2.70E-06
-86.7921,-2.70E-06
-86.7922,-2.70E-06
-86.7922,-2.70E-06
-86.7923,-2.70E-06
-86.7924,-2.70E-06
-86.7925,-2.70E-06
-86.7925,-2.70E-06
-86.7926,-2.70E-06
-86.7927,-2.70E-06
-86.7928,-2.70E-06
-86.7929,-2.70E-06
-86.7929,-2.70E-06
-86.793,-2.70E-06
-86.7931,-2.70E-06
-86.7932,-2.70E-06
-86.7932,-2.70E-06
-86.7933,-2.70E-06
-86.7934,-2.70E-06
-86.7935,-2.70E-06
-86.7935,-2.70E-06
-86.7936,-2.70E-06
-86.7937,-2.70E-06
-86.7938,-2.70E-06
-86.7939,-2.70E-06
-86.7939,-2.70E-06
-86.794,-2.70E-06
-86.7941,-2.70E-06
-86.7942,-2.70E-06
-86.7942,-2.70E-06
-86.7943,-2.70E-06
-86.7944,-2.70E-06
-86.7945,-2.70E-06
-86.7945,-2.70E-06
-86.7946,-2.70E-06
-86.7947,-2.70E-06
-86.7948,-2.70E-06
-86.7949,-2.70E-06
-86.7949,-2.70E-06
-86.795,-2.70E-06
-86.7951,-2.70E-06
-86.7952,-2.70E-06
-86.7952,-2.70E-06
-86.7953,-2.70E-06
-86.7954,-2.70E-06
-86.7955,-2.70E-06
-86.7955,-2.70E-06
-86.7956,-2.70E-06
-86.7957,-2.70E-06
-86.7958,-2.70E-06
-86.7959,-2.70E-06
-86.7959,-2.70E-06
-86.796,-2.70E-06
-86.7961,-2.70E-06
-86.7962,-2.70E-06
-86.7962,-2.70E-06
-86.7963,-2.70E-06
-86.7964,-2.70E-06
-86.7965,-2.70E-06
-86.7965,-2.70E-06
-86.7966,-2.70E-06
-86.7967,-2.70E-06
-86.7968,-2.70E-06
-86.7969,-2.70E-06
-86.7969,-2.70E-06
-86.797,-2.70E-06
-86.7971,-2.70E-06
-86.7972,-2.70E-06
-86.7972,-2.70E-06
-86.7973,-2.70E-06
-86.7974,-2.70E-06
-86.7975,-2.70E-06
-86.7975,-2.70E-06
-86.7976,-2.70E-06
-86.7977,-2.70E-06
-86.7978,-2.70E-06
-86.7978,-2.70E-06
-86.7979,-2.70E-06
-86.798,-2.70E-06
-86.7981,-2.70E-06
-86.7982,-2.70E-06
-86.7982,-2.70E-06
-86.7983,-2.70E-06
-86.7984,-2.70E-06
-86.7985,-2.70E-06
-86.7985,-2.70E-06
-86.7986,-2.70E-06
-86.7987,-2.70E-06
-86.7988,-2.70E-06
-86.7988,-2.70E-06
-86.7989,-2.70E-06
-86.799,-2.70E-06
-86.7991,-2.70E-06
-86.7991,-2.70E-06
-86.7992,-2.69E-06
-86.7993,-2.69E-06
-86.7994,-2.69E-06
-86.7995,-2.69E-06
-86.7995,-2.69E-06
-86.7996,-2.69E-06
-86.7997,-2.69E-06
-86.7998,-2.69E-06
-86.7998,-2.69E-06
-86.7999,-2.69E-06
-86.8,-2.69E-06
-86.8001,-2.69E-06
-86.8001,-2.69E-06
-86.8002,-2.69E-06
-86.8003,-2.69E-06
-86.8004,-2.69E-06
-86.8004,-2.69E-06
-86.8005,-2.69E-06
-86.8006,-2.69E-06
-86.8007,-2.69E-06
-86.8007,-2.69E-06
-86.8008,-2.69E-06
-86.8009,-2.69E-06
-86.801,-2.69E-06
-86.8011,-2.69E-06
-86.8011,-2.69E-06
-86.8012,-2.69E-06
-86.8013,-2.69E-06
-86.8014,-2.69E-06
-86.8014,-2.69E-06
-86.8015,-2.69E-06
-86.8016,-2.69E-06
-86.8017,-2.69E-06
-86.8017,-2.69E-06
-86.8018,-2.69E-06
-86.8019,-2.69E-06
-86.802,-2.69E-06
-86.802,-2.69E-06
-86.8021,-2.69E-06
-86.8022,-2.69E-06
-86.8023,-2.69E-06
-86.8023,-2.69E-06
-86.8024,-2.69E-06
-86.8025,-2.69E-06
-86.8026,-2.69E-06
-86.8026,-2.69E-06
-86.8027,-2.69E-06
-86.8028,-2.69E-06
-86.8029,-2.69E-06
-86.8029,-2.69E-06
-86.803,-2.69E-06
-86.8031,-2.69E-06
-86.8032,-2.69E-06
-86.8033,-2.69E-06
-86.8033,-2.69E-06
-86.8034,-2.69E-06
-86.8035,-2.69E-06
-86.8036,-2.69E-06
-86.8036,-2.69E-06
-86.8037,-2.69E-06
-86.8038,-2.69E-06
-86.8039,-2.69E-06
-86.8039,-2.69E-06
-86.804,-2.69E-06
-86.8041,-2.69E-06
-86.8042,-2.69E-06
-86.8042,-2.69E-06
-86.8043,-2.69E-06
-86.8044,-2.69E-06
-86.8045,-2.69E-06
-86.8045,-2.69E-06
-86.8046,-2.69E-06
-86.8047,-2.69E-06
-86.8048,-2.69E-06
-86.8048,-2.69E-06
-86.8049,-2.69E-06
-86.805,-2.69E-06
-86.8051,-2.69E-06
-86.8051,-2.69E-06
-86.8052,-2.69E-06
-86.8053,-2.69E-06
-86.8054,-2.69E-06
-86.8054,-2.69E-06
-86.8055,-2.69E-06
-86.8056,-2.69E-06
-86.8057,-2.69E-06
-86.8057,-2.69E-06
-86.8058,-2.69E-06
-86.8059,-2.69E-06
-86.806,-2.69E-06
-86.806,-2.69E-06
-86.8061,-2.69E-06
-86.8062,-2.69E-06
-86.8063,-2.69E-06
-86.8063,-2.69E-06
-86.8064,-2.69E-06
-86.8065,-2.69E-06
-86.8066,-2.69E-06
-86.8066,-2.69E-06
-86.8067,-2.69E-06
-86.8068,-2.69E-06
-86.8069,-2.68E-06
-86.8069,-2.68E-06
-86.807,-2.68E-06
-86.8071,-2.68E-06
-86.8072,-2.68E-06
-86.8072,-2.68E-06
-86.8073,-2.68E-06
-86.8074,-2.68E-06
-86.8075,-2.68E-06
-86.8075,-2.68E-06
-86.8076,-2.68E-06
-86.8077,-2.68E-06
-86.8078,-2.68E-06
-86.8078,-2.68E-06
-86.8079,-2.68E-06
-86.808,-2.68E-06
-86.8081,-2.68E-06
-86.8081,-2.68E-06
-86.8082,-2.68E-06
-86.8083,-2.68E-06
-86.8084,-2.68E-06
-86.8084,-2.68E-06
-86.8085,-2.68E-06
-86.8086,-2.68E-06
-86.8087,-2.68E-06
-86.8087,-2.68E-06
-86.8088,-2.68E-06
-86.8089,-2.68E-06
-86.809,-2.68E-06
-86.809,-2.68E-06
-86.8091,-2.68E-06
-86.8092,-2.68E-06
-86.8093,-2.68E-06
-86.8093,-2.68E-06
-86.8094,-2.68E-06
-86.8095,-2.68E-06
-86.8096,-2.68E-06
-86.8096,-2.68E-06
-86.8097,-2.68E-06
-86.8098,-2.68E-06
-86.8099,-2.68E-06
-86.8099,-2.68E-06
-86.81,-2.68E-06
-86.8101,-2.68E-06
-86.8102,-2.68E-06
-86.8102,-2.68E-06
-86.8103,-2.68E-06
-86.8104,-2.68E-06
-86.8105,-2.68E-06
-86.8105,-2.68E-06
-86.8106,-2.68E-06
-86.8107,-2.68E-06
-86.8108,-2.68E-06
-86.8108,-2.68E-06
-86.8109,-2.68E-06
-86.811,-2.68E-06
-86.8111,-2.68E-06
-86.8111,-2.68E-06
-86.8112,-2.68E-06
-86.8113,-2.68E-06
-86.8114,-2.68E-06
-86.8114,-2.68E-06
-86.8115,-2.68E-06
-86.8116,-2.68E-06
-86.8117,-2.68E-06
-86.8117,-2.68E-06
-86.8118,-2.68E-06
-86.8119,-2.68E-06
-86.812,-2.68E-06
-86.812,-2.68E-06
-86.8121,-2.68E-06
-86.8122,-2.68E-06
-86.8123,-2.68E-06
-86.8123,-2.68E-06
-86.8124,-2.68E-06
-86.8125,-2.68E-06
-86.8126,-2.68E-06
-86.8126,-2.68E-06
-86.8127,-2.68E-06
-86.8128,-2.68E-06
-86.8129,-2.68E-06
-86.8129,-2.68E-06
-86.813,-2.68E-06
-86.8131,-2.68E-06
-86.8131,-2.68E-06
-86.8132,-2.68E-06
-86.8133,-2.68E-06
-86.8134,-2.68E-06
-86.8134,-2.68E-06
-86.8135,-2.68E-06
-86.8136,-2.68E-06
-86.8137,-2.68E-06
-86.8137,-2.68E-06
-86.8138,-2.68E-06
-86.8139,-2.68E-06
-86.814,-2.68E-06
-86.814,-2.68E-06
-86.8141,-2.68E-06
-86.8142,-2.68E-06
-86.8143,-2.68E-06
-86.8143,-2.68E-06
-86.8144,-2.68E-06
-86.8145,-2.67E-06
-86.8146,-2.67E-06
-86.8146,-2.67E-06
-86.8147,-2.67E-06
-86.8148,-2.67E-06
-86.8149,-2.67E-06
-86.8149,-2.67E-06
-86.815,-2.67E-06
-86.8151,-2.67E-06
-86.8151,-2.67E-06
-86.8152,-2.67E-06
-86.8153,-2.67E-06
-86.8154,-2.67E-06
-86.8154,-2.67E-06
-86.8155,-2.67E-06
-86.8156,-2.67E-06
-86.8157,-2.67E-06
-86.8157,-2.67E-06
-86.8158,-2.67E-06
-86.8159,-2.67E-06
-86.816,-2.67E-06
-86.816,-2.67E-06
-86.8161,-2.67E-06
-86.8162,-2.67E-06
-86.8163,-2.67E-06
-86.8163,-2.67E-06
-86.8164,-2.67E-06
-86.8165,-2.67E-06
-86.8166,-2.67E-06
-86.8166,-2.67E-06
-86.8167,-2.67E-06
-86.8168,-2.67E-06
-86.8168,-2.67E-06
-86.8169,-2.67E-06
-86.817,-2.67E-06
-86.8171,-2.67E-06
-86.8171,-2.67E-06
-86.8172,-2.67E-06
-86.8173,-2.67E-06
-86.8174,-2.67E-06
-86.8174,-2.67E-06
-86.8175,-2.67E-06
-86.8176,-2.67E-06
-86.8177,-2.67E-06
-86.8177,-2.67E-06
-86.8178,-2.67E-06
-86.8179,-2.67E-06
-86.818,-2.67E-06
-86.818,-2.67E-06
-86.8181,-2.67E-06
-86.8182,-2.67E-06
-86.8182,-2.67E-06
-86.8183,-2.67E-06
-86.8184,-2.67E-06
-86.8185,-2.67E-06
-86.8185,-2.67E-06
-86.8186,-2.67E-06
-86.8187,-2.67E-06
-86.8188,-2.67E-06
-86.8188,-2.67E-06
-86.8189,-2.67E-06
-86.819,-2.67E-06
-86.8191,-2.67E-06
-86.8191,-2.67E-06
-86.8192,-2.67E-06
-86.8193,-2.67E-06
-86.8193,-2.67E-06
-86.8194,-2.67E-06
-86.8195,-2.67E-06
-86.8196,-2.67E-06
-86.8196,-2.67E-06
-86.8197,-2.67E-06
-86.8198,-2.67E-06
-86.8199,-2.67E-06
-86.8199,-2.67E-06
-86.82,-2.67E-06
-86.8201,-2.67E-06
-86.8202,-2.67E-06
-86.8202,-2.67E-06
-86.8203,-2.67E-06
-86.8204,-2.67E-06
-86.8204,-2.67E-06
-86.8205,-2.67E-06
-86.8206,-2.67E-06
-86.8207,-2.67E-06
-86.8207,-2.67E-06
-86.8208,-2.67E-06
-86.8209,-2.67E-06
-86.821,-2.67E-06
-86.821,-2.67E-06
-86.8211,-2.67E-06
-86.8212,-2.67E-06
-86.8212,-2.67E-06
-86.8213,-2.67E-06
-86.8214,-2.67E-06
-86.8215,-2.67E-06
-86.8215,-2.67E-06
-86.8216,-2.67E-06
-86.8217,-2.67E-06
-86.8218,-2.67E-06
-86.8218,-2.67E-06
-86.8219,-2.67E-06
-86.822,-2.67E-06
-86.8221,-2.67E-06
-86.8221,-2.67E-06
-86.8222,-2.66E-06
-86.8223,-2.66E-06
-86.8223,-2.66E-06
-86.8224,-2.66E-06
-86.8225,-2.66E-06
-86.8226,-2.66E-06
-86.8226,-2.66E-06
-86.8227,-2.66E-06
-86.8228,-2.66E-06
-86.8229,-2.66E-06
-86.8229,-2.66E-06
-86.823,-2.66E-06
-86.8231,-2.66E-06
-86.8231,-2.66E-06
-86.8232,-2.66E-06
-86.8233,-2.66E-06
-86.8234,-2.66E-06
-86.8234,-2.66E-06
-86.8235,-2.66E-06
-86.8236,-2.66E-06
-86.8237,-2.66E-06
-86.8237,-2.66E-06
-86.8238,-2.66E-06
-86.8239,-2.66E-06
-86.8239,-2.66E-06
-86.824,-2.66E-06
-86.8241,-2.66E-06
-86.8242,-2.66E-06
-86.8242,-2.66E-06
-86.8243,-2.66E-06
-86.8244,-2.66E-06
-86.8244,-2.66E-06
-86.8245,-2.66E-06
-86.8246,-2.66E-06
-86.8247,-2.66E-06
-86.8247,-2.66E-06
-86.8248,-2.66E-06
-86.8249,-2.66E-06
-86.825,-2.66E-06
-86.825,-2.66E-06
-86.8251,-2.66E-06
-86.8252,-2.66E-06
-86.8252,-2.66E-06
-86.8253,-2.66E-06
-86.8254,-2.66E-06
-86.8255,-2.66E-06
-86.8255,-2.66E-06
-86.8256,-2.66E-06
-86.8257,-2.66E-06
-86.8258,-2.66E-06
-86.8258,-2.66E-06
-86.8259,-2.66E-06
-86.826,-2.66E-06
-86.826,-2.66E-06
-86.8261,-2.66E-06
-86.8262,-2.66E-06
-86.8263,-2.66E-06
-86.8263,-2.66E-06
-86.8264,-2.66E-06
-86.8265,-2.66E-06
-86.8265,-2.66E-06
-86.8266,-2.66E-06
-86.8267,-2.66E-06
-86.8268,-2.66E-06
-86.8268,-2.66E-06
-86.8269,-2.66E-06
-86.827,-2.66E-06
-86.8271,-2.66E-06
-86.8271,-2.66E-06
-86.8272,-2.66E-06
-86.8273,-2.66E-06
-86.8273,-2.66E-06
-86.8274,-2.66E-06
-86.8275,-2.66E-06
-86.8276,-2.66E-06
-86.8276,-2.66E-06
-86.8277,-2.66E-06
-86.8278,-2.66E-06
-86.8278,-2.66E-06
-86.8279,-2.66E-06
-86.828,-2.66E-06
-86.8281,-2.66E-06
-86.8281,-2.66E-06
-86.8282,-2.66E-06
-86.8283,-2.66E-06
-86.8283,-2.66E-06
-86.8284,-2.66E-06
-86.8285,-2.66E-06
-86.8286,-2.66E-06
-86.8286,-2.66E-06
-86.8287,-2.66E-06
-86.8288,-2.66E-06
-86.8289,-2.66E-06
-86.8289,-2.66E-06
-86.829,-2.66E-06
-86.8291,-2.66E-06
-86.8291,-2.66E-06
-86.8292,-2.66E-06
-86.8293,-2.66E-06
-86.8294,-2.66E-06
-86.8294,-2.66E-06
-86.8295,-2.66E-06
-86.8296,-2.66E-06
-86.8296,-2.66E-06
-86.8297,-2.66E-06
-86.8298,-2.66E-06
-86.8299,-2.65E-06
-86.8299,-2.65E-06
-86.83,-2.65E-06
-86.8301,-2.65E-06
-86.8301,-2.65E-06
-86.8302,-2.65E-06
-86.8303,-2.65E-06
-86.8304,-2.65E-06
-86.8304,-2.65E-06
-86.8305,-2.65E-06
-86.8306,-2.65E-06
-86.8306,-2.65E-06
-86.8307,-2.65E-06
-86.8308,-2.65E-06
-86.8309,-2.65E-06
-86.8309,-2.65E-06
-86.831,-2.65E-06
-86.8311,-2.65E-06
-86.8311,-2.65E-06
-86.8312,-2.65E-06
-86.8313,-2.65E-06
-86.8314,-2.65E-06
-86.8314,-2.65E-06
-86.8315,-2.65E-06
-86.8316,-2.65E-06
-86.8316,-2.65E-06
-86.8317,-2.65E-06
-86.8318,-2.65E-06
-86.8319,-2.65E-06
-86.8319,-2.65E-06
-86.832,-2.65E-06
-86.8321,-2.65E-06
-86.8321,-2.65E-06
-86.8322,-2.65E-06
-86.8323,-2.65E-06
-86.8324,-2.65E-06
-86.8324,-2.65E-06
-86.8325,-2.65E-06
-86.8326,-2.65E-06
-86.8326,-2.65E-06
-86.8327,-2.65E-06
-86.8328,-2.65E-06
-86.8329,-2.65E-06
-86.8329,-2.65E-06
-86.833,-2.65E-06
-86.8331,-2.65E-06
-86.8331,-2.65E-06
-86.8332,-2.65E-06
-86.8333,-2.65E-06
-86.8334,-2.65E-06
-86.8334,-2.65E-06
-86.8335,-2.65E-06
-86.8336,-2.65E-06
-86.8336,-2.65E-06
-86.8337,-2.65E-06
-86.8338,-2.65E-06
-86.8339,-2.65E-06
-86.8339,-2.65E-06
-86.834,-2.65E-06
-86.8341,-2.65E-06
-86.8341,-2.65E-06
-86.8342,-2.65E-06
-86.8343,-2.65E-06
-86.8343,-2.65E-06
-86.8344,-2.65E-06
-86.8345,-2.65E-06
-86.8346,-2.65E-06
-86.8346,-2.65E-06
-86.8347,-2.65E-06
-86.8348,-2.65E-06
-86.8348,-2.65E-06
-86.8349,-2.65E-06
-86.835,-2.65E-06
-86.8351,-2.65E-06
-86.8351,-2.65E-06
-86.8352,-2.65E-06
-86.8353,-2.65E-06
-86.8353,-2.65E-06
-86.8354,-2.65E-06
-86.8355,-2.65E-06
-86.8356,-2.65E-06
-86.8356,-2.65E-06
-86.8357,-2.65E-06
-86.8358,-2.65E-06
-86.8358,-2.65E-06
-86.8359,-2.65E-06
-86.836,-2.65E-06
-86.836,-2.65E-06
-86.8361,-2.65E-06
-86.8362,-2.65E-06
-86.8363,-2.65E-06
-86.8363,-2.65E-06
-86.8364,-2.65E-06
-86.8365,-2.65E-06
-86.8365,-2.65E-06
-86.8366,-2.65E-06
-86.8367,-2.65E-06
-86.8368,-2.65E-06
-86.8368,-2.65E-06
-86.8369,-2.65E-06
-86.837,-2.65E-06
-86.837,-2.65E-06
-86.8371,-2.65E-06
-86.8372,-2.65E-06
-86.8372,-2.65E-06
-86.8373,-2.65E-06
-86.8374,-2.65E-06
-86.8375,-2.65E-06
-86.8375,-2.65E-06
-86.8376,-2.64E-06
-86.8377,-2.64E-06
-86.8377,-2.64E-06
-86.8378,-2.64E-06
-86.8379,-2.64E-06
-86.838,-2.64E-06
-86.838,-2.64E-06
-86.8381,-2.64E-06
-86.8382,-2.64E-06
-86.8382,-2.64E-06
-86.8383,-2.64E-06
-86.8384,-2.64E-06
-86.8384,-2.64E-06
-86.8385,-2.64E-06
-86.8386,-2.64E-06
-86.8387,-2.64E-06
-86.8387,-2.64E-06
-86.8388,-2.64E-06
-86.8389,-2.64E-06
-86.8389,-2.64E-06
-86.839,-2.64E-06
-86.8391,-2.64E-06
-86.8391,-2.64E-06
-86.8392,-2.64E-06
-86.8393,-2.64E-06
-86.8394,-2.64E-06
-86.8394,-2.64E-06
-86.8395,-2.64E-06
-86.8396,-2.64E-06
-86.8396,-2.64E-06
-86.8397,-2.64E-06
-86.8398,-2.64E-06
-86.8398,-2.64E-06
-86.8399,-2.64E-06
-86.84,-2.64E-06
-86.8401,-2.64E-06
-86.8401,-2.64E-06
-86.8402,-2.64E-06
-86.8403,-2.64E-06
-86.8403,-2.64E-06
-86.8404,-2.64E-06
-86.8405,-2.64E-06
-86.8405,-2.64E-06
-86.8406,-2.64E-06
-86.8407,-2.64E-06
-86.8408,-2.64E-06
-86.8408,-2.64E-06
-86.8409,-2.64E-06
-86.841,-2.64E-06
-86.841,-2.64E-06
-86.8411,-2.64E-06
-86.8412,-2.64E-06
-86.8412,-2.64E-06
-86.8413,-2.64E-06
-86.8414,-2.64E-06
-86.8415,-2.64E-06
-86.8415,-2.64E-06
-86.8416,-2.64E-06
-86.8417,-2.64E-06
-86.8417,-2.64E-06
-86.8418,-2.64E-06
-86.8419,-2.64E-06
-86.8419,-2.64E-06
-86.842,-2.64E-06
-86.8421,-2.64E-06
-86.8422,-2.64E-06
-86.8422,-2.64E-06
-86.8423,-2.64E-06
-86.8424,-2.64E-06
-86.8424,-2.64E-06
-86.8425,-2.64E-06
-86.8426,-2.64E-06
-86.8426,-2.64E-06
-86.8427,-2.64E-06
-86.8428,-2.64E-06
-86.8428,-2.64E-06
-86.8429,-2.64E-06
-86.843,-2.64E-06
-86.8431,-2.64E-06
-86.8431,-2.64E-06
-86.8432,-2.64E-06
-86.8433,-2.64E-06
-86.8433,-2.64E-06
-86.8434,-2.64E-06
-86.8435,-2.64E-06
-86.8435,-2.64E-06
-86.8436,-2.64E-06
-86.8437,-2.64E-06
-86.8438,-2.64E-06
-86.8438,-2.64E-06
-86.8439,-2.64E-06
-86.844,-2.64E-06
-86.844,-2.64E-06
-86.8441,-2.64E-06
-86.8442,-2.64E-06
-86.8442,-2.64E-06
-86.8443,-2.64E-06
-86.8444,-2.64E-06
-86.8444,-2.64E-06
-86.8445,-2.64E-06
-86.8446,-2.64E-06
-86.8447,-2.64E-06
-86.8447,-2.64E-06
-86.8448,-2.64E-06
-86.8449,-2.64E-06
-86.8449,-2.64E-06
-86.845,-2.64E-06
-86.8451,-2.64E-06
-86.8451,-2.64E-06
-86.8452,-2.64E-06
-86.8453,-2.64E-06
-86.8453,-2.63E-06
-86.8454,-2.63E-06
-86.8455,-2.63E-06
-86.8456,-2.63E-06
-86.8456,-2.63E-06
-86.8457,-2.63E-06
-86.8458,-2.63E-06
-86.8458,-2.63E-06
-86.8459,-2.63E-06
-86.846,-2.63E-06
-86.846,-2.63E-06
-86.8461,-2.63E-06
-86.8462,-2.63E-06
-86.8462,-2.63E-06
-86.8463,-2.63E-06
-86.8464,-2.63E-06
-86.8465,-2.63E-06
-86.8465,-2.63E-06
-86.8466,-2.63E-06
-86.8467,-2.63E-06
-86.8467,-2.63E-06
-86.8468,-2.63E-06
-86.8469,-2.63E-06
-86.8469,-2.63E-06
-86.847,-2.63E-06
-86.8471,-2.63E-06
-86.8471,-2.63E-06
-86.8472,-2.63E-06
-86.8473,-2.63E-06
-86.8473,-2.63E-06
-86.8474,-2.63E-06
-86.8475,-2.63E-06
-86.8476,-2.63E-06
-86.8476,-2.63E-06
-86.8477,-2.63E-06
-86.8478,-2.63E-06
-86.8478,-2.63E-06
-86.8479,-2.63E-06
-86.848,-2.63E-06
-86.848,-2.63E-06
-86.8481,-2.63E-06
-86.8482,-2.63E-06
-86.8482,-2.63E-06
-86.8483,-2.63E-06
-86.8484,-2.63E-06
-86.8484,-2.63E-06
-86.8485,-2.63E-06
-86.8486,-2.63E-06
-86.8487,-2.63E-06
-86.8487,-2.63E-06
-86.8488,-2.63E-06
-86.8489,-2.63E-06
-86.8489,-2.63E-06
-86.849,-2.63E-06
-86.8491,-2.63E-06
-86.8491,-2.63E-06
-86.8492,-2.63E-06
-86.8493,-2.63E-06
-86.8493,-2.63E-06
-86.8494,-2.63E-06
-86.8495,-2.63E-06
-86.8495,-2.63E-06
-86.8496,-2.63E-06
-86.8497,-2.63E-06
-86.8497,-2.63E-06
-86.8498,-2.63E-06
-86.8499,-2.63E-06
-86.85,-2.63E-06
-86.85,-2.63E-06
-86.8501,-2.63E-06
-86.8502,-2.63E-06
-86.8502,-2.63E-06
-86.8503,-2.63E-06
-86.8504,-2.63E-06
-86.8504,-2.63E-06
-86.8505,-2.63E-06
-86.8506,-2.63E-06
-86.8506,-2.63E-06
-86.8507,-2.63E-06
-86.8508,-2.63E-06
-86.8508,-2.63E-06
-86.8509,-2.63E-06
-86.851,-2.63E-06
-86.851,-2.63E-06
-86.8511,-2.63E-06
-86.8512,-2.63E-06
-86.8513,-2.63E-06
-86.8513,-2.63E-06
-86.8514,-2.63E-06
-86.8515,-2.63E-06
-86.8515,-2.63E-06
-86.8516,-2.63E-06
-86.8517,-2.63E-06
-86.8517,-2.63E-06
-86.8518,-2.63E-06
-86.8519,-2.63E-06
-86.8519,-2.63E-06
-86.852,-2.63E-06
-86.8521,-2.63E-06
-86.8521,-2.63E-06
-86.8522,-2.63E-06
-86.8523,-2.63E-06
-86.8523,-2.63E-06
-86.8524,-2.63E-06
-86.8525,-2.63E-06
-86.8525,-2.63E-06
-86.8526,-2.63E-06
-86.8527,-2.63E-06
-86.8527,-2.63E-06
-86.8528,-2.63E-06
-86.8529,-2.63E-06
-86.853,-2.63E-06
-86.853,-2.63E-06
-86.8531,-2.63E-06
-86.8532,-2.62E-06
-86.8532,-2.62E-06
-86.8533,-2.62E-06
-86.8534,-2.62E-06
-86.8534,-2.62E-06
-86.8535,-2.62E-06
-86.8536,-2.62E-06
-86.8536,-2.62E-06
-86.8537,-2.62E-06
-86.8538,-2.62E-06
-86.8538,-2.62E-06
-86.8539,-2.62E-06
-86.854,-2.62E-06
-86.854,-2.62E-06
-86.8541,-2.62E-06
-86.8542,-2.62E-06
-86.8542,-2.62E-06
-86.8543,-2.62E-06
-86.8544,-2.62E-06
-86.8544,-2.62E-06
-86.8545,-2.62E-06
-86.8546,-2.62E-06
-86.8546,-2.62E-06
-86.8547,-2.62E-06
-86.8548,-2.62E-06
-86.8549,-2.62E-06
-86.8549,-2.62E-06
-86.855,-2.62E-06
-86.8551,-2.62E-06
-86.8551,-2.62E-06
-86.8552,-2.62E-06
-86.8553,-2.62E-06
-86.8553,-2.62E-06
-86.8554,-2.62E-06
-86.8555,-2.62E-06
-86.8555,-2.62E-06
-86.8556,-2.62E-06
-86.8557,-2.62E-06
-86.8557,-2.62E-06
-86.8558,-2.62E-06
-86.8559,-2.62E-06
-86.8559,-2.62E-06
-86.856,-2.62E-06
-86.8561,-2.62E-06
-86.8561,-2.62E-06
-86.8562,-2.62E-06
-86.8563,-2.62E-06
-86.8563,-2.62E-06
-86.8564,-2.62E-06
-86.8565,-2.62E-06
-86.8565,-2.62E-06
-86.8566,-2.62E-06
-86.8567,-2.62E-06
-86.8567,-2.62E-06
-86.8568,-2.62E-06
-86.8569,-2.62E-06
-86.8569,-2.62E-06
-86.857,-2.62E-06
-86.8571,-2.62E-06
-86.8571,-2.62E-06
-86.8572,-2.62E-06
-86.8573,-2.62E-06
-86.8573,-2.62E-06
-86.8574,-2.62E-06
-86.8575,-2.62E-06
-86.8575,-2.62E-06
-86.8576,-2.62E-06
-86.8577,-2.62E-06
-86.8577,-2.62E-06
-86.8578,-2.62E-06
-86.8579,-2.62E-06
-86.8579,-2.62E-06
-86.858,-2.62E-06
-86.8581,-2.62E-06
-86.8581,-2.62E-06
-86.8582,-2.62E-06
-86.8583,-2.62E-06
-86.8583,-2.62E-06
-86.8584,-2.62E-06
-86.8585,-2.62E-06
-86.8586,-2.62E-06
-86.8586,-2.62E-06
-86.8587,-2.62E-06
-86.8588,-2.62E-06
-86.8588,-2.62E-06
-86.8589,-2.62E-06
-86.859,-2.62E-06
-86.859,-2.62E-06
-86.8591,-2.62E-06
-86.8592,-2.62E-06
-86.8592,-2.62E-06
-86.8593,-2.62E-06
-86.8594,-2.62E-06
-86.8594,-2.62E-06
-86.8595,-2.62E-06
-86.8596,-2.62E-06
-86.8596,-2.62E-06
-86.8597,-2.62E-06
-86.8598,-2.62E-06
-86.8598,-2.62E-06
-86.8599,-2.62E-06
-86.86,-2.62E-06
-86.86,-2.62E-06
-86.8601,-2.62E-06
-86.8602,-2.62E-06
-86.8602,-2.62E-06
-86.8603,-2.62E-06
-86.8604,-2.62E-06
-86.8604,-2.62E-06
-86.8605,-2.62E-06
-86.8606,-2.62E-06
-86.8606,-2.62E-06
-86.8607,-2.62E-06
-86.8608,-2.62E-06
-86.8608,-2.62E-06
-86.8609,-2.62E-06
-86.861,-2.61E-06
-86.861,-2.61E-06
-86.8611,-2.61E-06
-86.8612,-2.61E-06
-86.8612,-2.61E-06
-86.8613,-2.61E-06
-86.8614,-2.61E-06
-86.8614,-2.61E-06
-86.8615,-2.61E-06
-86.8616,-2.61E-06
-86.8616,-2.61E-06
-86.8617,-2.61E-06
-86.8618,-2.61E-06
-86.8618,-2.61E-06
-86.8619,-2.61E-06
-86.862,-2.61E-06
-86.862,-2.61E-06
-86.8621,-2.61E-06
-86.8622,-2.61E-06
-86.8622,-2.61E-06
-86.8623,-2.61E-06
-86.8624,-2.61E-06
-86.8624,-2.61E-06
-86.8625,-2.61E-06
-86.8625,-2.61E-06
-86.8626,-2.61E-06
-86.8627,-2.61E-06
-86.8627,-2.61E-06
-86.8628,-2.61E-06
-86.8629,-2.61E-06
-86.8629,-2.61E-06
-86.863,-2.61E-06
-86.8631,-2.61E-06
-86.8631,-2.61E-06
-86.8632,-2.61E-06
-86.8633,-2.61E-06
-86.8633,-2.61E-06
-86.8634,-2.61E-06
-86.8635,-2.61E-06
-86.8635,-2.61E-06
-86.8636,-2.61E-06
-86.8637,-2.61E-06
-86.8637,-2.61E-06
-86.8638,-2.61E-06
-86.8639,-2.61E-06
-86.8639,-2.61E-06
-86.864,-2.61E-06
-86.8641,-2.61E-06
-86.8641,-2.61E-06
-86.8642,-2.61E-06
-86.8643,-2.61E-06
-86.8643,-2.61E-06
-86.8644,-2.61E-06
-86.8645,-2.61E-06
-86.8645,-2.61E-06
-86.8646,-2.61E-06
-86.8647,-2.61E-06
-86.8647,-2.61E-06
-86.8648,-2.61E-06
-86.8649,-2.61E-06
-86.8649,-2.61E-06
-86.865,-2.61E-06
-86.8651,-2.61E-06
-86.8651,-2.61E-06
-86.8652,-2.61E-06
-86.8653,-2.61E-06
-86.8653,-2.61E-06
-86.8654,-2.61E-06
-86.8655,-2.61E-06
-86.8655,-2.61E-06
-86.8656,-2.61E-06
-86.8657,-2.61E-06
-86.8657,-2.61E-06
-86.8658,-2.61E-06
-86.8659,-2.61E-06
-86.8659,-2.61E-06
-86.866,-2.61E-06
-86.866,-2.61E-06
-86.8661,-2.61E-06
-86.8662,-2.61E-06
-86.8662,-2.61E-06
-86.8663,-2.61E-06
-86.8664,-2.61E-06
-86.8664,-2.61E-06
-86.8665,-2.61E-06
-86.8666,-2.61E-06
-86.8666,-2.61E-06
-86.8667,-2.61E-06
-86.8668,-2.61E-06
-86.8668,-2.61E-06
-86.8669,-2.61E-06
-86.867,-2.61E-06
-86.867,-2.61E-06
-86.8671,-2.61E-06
-86.8672,-2.61E-06
-86.8672,-2.61E-06
-86.8673,-2.61E-06
-86.8674,-2.61E-06
-86.8674,-2.61E-06
-86.8675,-2.61E-06
-86.8676,-2.61E-06
-86.8676,-2.61E-06
-86.8677,-2.61E-06
-86.8678,-2.61E-06
-86.8678,-2.61E-06
-86.8679,-2.61E-06
-86.8679,-2.61E-06
-86.868,-2.61E-06
-86.8681,-2.61E-06
-86.8681,-2.61E-06
-86.8682,-2.61E-06
-86.8683,-2.61E-06
-86.8683,-2.61E-06
-86.8684,-2.61E-06
-86.8685,-2.61E-06
-86.8685,-2.61E-06
-86.8686,-2.61E-06
-86.8687,-2.61E-06
-86.8687,-2.60E-06
-86.8688,-2.60E-06
-86.8689,-2.60E-06
-86.8689,-2.60E-06
-86.869,-2.60E-06
-86.8691,-2.60E-06
-86.8691,-2.60E-06
-86.8692,-2.60E-06
-86.8693,-2.60E-06
-86.8693,-2.60E-06
-86.8694,-2.60E-06
-86.8695,-2.60E-06
-86.8695,-2.60E-06
-86.8696,-2.60E-06
-86.8696,-2.60E-06
-86.8697,-2.60E-06
-86.8698,-2.60E-06
-86.8698,-2.60E-06
-86.8699,-2.60E-06
-86.87,-2.60E-06
-86.87,-2.60E-06
-86.8701,-2.60E-06
-86.8702,-2.60E-06
-86.8702,-2.60E-06
-86.8703,-2.60E-06
-86.8704,-2.60E-06
-86.8704,-2.60E-06
-86.8705,-2.60E-06
-86.8706,-2.60E-06
-86.8706,-2.60E-06
-86.8707,-2.60E-06
-86.8708,-2.60E-06
-86.8708,-2.60E-06
-86.8709,-2.60E-06
-86.8709,-2.60E-06
-86.871,-2.60E-06
-86.8711,-2.60E-06
-86.8711,-2.60E-06
-86.8712,-2.60E-06
-86.8713,-2.60E-06
-86.8713,-2.60E-06
-86.8714,-2.60E-06
-86.8715,-2.60E-06
-86.8715,-2.60E-06
-86.8716,-2.60E-06
-86.8717,-2.60E-06
-86.8717,-2.60E-06
-86.8718,-2.60E-06
-86.8719,-2.60E-06
-86.8719,-2.60E-06
-86.872,-2.60E-06
-86.872,-2.60E-06
-86.8721,-2.60E-06
-86.8722,-2.60E-06
-86.8722,-2.60E-06
-86.8723,-2.60E-06
-86.8724,-2.60E-06
-86.8724,-2.60E-06
-86.8725,-2.60E-06
-86.8726,-2.60E-06
-86.8726,-2.60E-06
-86.8727,-2.60E-06
-86.8728,-2.60E-06
-86.8728,-2.60E-06
-86.8729,-2.60E-06
-86.873,-2.60E-06
-86.873,-2.60E-06
-86.8731,-2.60E-06
-86.8731,-2.60E-06
-86.8732,-2.60E-06
-86.8733,-2.60E-06
-86.8733,-2.60E-06
-86.8734,-2.60E-06
-86.8735,-2.60E-06
-86.8735,-2.60E-06
-86.8736,-2.60E-06
-86.8737,-2.60E-06
-86.8737,-2.60E-06
-86.8738,-2.60E-06
-86.8739,-2.60E-06
-86.8739,-2.60E-06
-86.874,-2.60E-06
-86.874,-2.60E-06
-86.8741,-2.60E-06
-86.8742,-2.60E-06
-86.8742,-2.60E-06
-86.8743,-2.60E-06
-86.8744,-2.60E-06
-86.8744,-2.60E-06
-86.8745,-2.60E-06
-86.8746,-2.60E-06
-86.8746,-2.60E-06
-86.8747,-2.60E-06
-86.8748,-2.60E-06
-86.8748,-2.60E-06
-86.8749,-2.60E-06
-86.8749,-2.60E-06
-86.875,-2.60E-06
-86.8751,-2.60E-06
-86.8751,-2.60E-06
-86.8752,-2.60E-06
-86.8753,-2.60E-06
-86.8753,-2.60E-06
-86.8754,-2.60E-06
-86.8755,-2.60E-06
-86.8755,-2.60E-06
-86.8756,-2.60E-06
-86.8757,-2.60E-06
-86.8757,-2.60E-06
-86.8758,-2.60E-06
-86.8758,-2.60E-06
-86.8759,-2.60E-06
-86.876,-2.60E-06
-86.876,-2.60E-06
-86.8761,-2.60E-06
-86.8762,-2.60E-06
-86.8762,-2.60E-06
-86.8763,-2.60E-06
-86.8764,-2.60E-06
-86.8764,-2.60E-06
-86.8765,-2.60E-06
-86.8766,-2.60E-06
-86.8766,-2.59E-06
-86.8767,-2.59E-06
-86.8767,-2.59E-06
-86.8768,-2.59E-06
-86.8769,-2.59E-06
-86.8769,-2.59E-06
-86.877,-2.59E-06
-86.8771,-2.59E-06
-86.8771,-2.59E-06
-86.8772,-2.59E-06
-86.8773,-2.59E-06
-86.8773,-2.59E-06
-86.8774,-2.59E-06
-86.8774,-2.59E-06
-86.8775,-2.59E-06
-86.8776,-2.59E-06
-86.8776,-2.59E-06
-86.8777,-2.59E-06
-86.8778,-2.59E-06
-86.8778,-2.59E-06
-86.8779,-2.59E-06
-86.878,-2.59E-06
-86.878,-2.59E-06
-86.8781,-2.59E-06
-86.8781,-2.59E-06
-86.8782,-2.59E-06
-86.8783,-2.59E-06
-86.8783,-2.59E-06
-86.8784,-2.59E-06
-86.8785,-2.59E-06
-86.8785,-2.59E-06
-86.8786,-2.59E-06
-86.8787,-2.59E-06
-86.8787,-2.59E-06
-86.8788,-2.59E-06
-86.8788,-2.59E-06
-86.8789,-2.59E-06
-86.879,-2.59E-06
-86.879,-2.59E-06
-86.8791,-2.59E-06
-86.8792,-2.59E-06
-86.8792,-2.59E-06
-86.8793,-2.59E-06
-86.8794,-2.59E-06
-86.8794,-2.59E-06
-86.8795,-2.59E-06
-86.8795,-2.59E-06
-86.8796,-2.59E-06
-86.8797,-2.59E-06
-86.8797,-2.59E-06
-86.8798,-2.59E-06
-86.8799,-2.59E-06
-86.8799,-2.59E-06
-86.88,-2.59E-06
-86.8801,-2.59E-06
-86.8801,-2.59E-06
-86.8802,-2.59E-06
-86.8802,-2.59E-06
-86.8803,-2.59E-06
-86.8804,-2.59E-06
-86.8804,-2.59E-06
-86.8805,-2.59E-06
-86.8806,-2.59E-06
-86.8806,-2.59E-06
-86.8807,-2.59E-06
-86.8807,-2.59E-06
-86.8808,-2.59E-06
-86.8809,-2.59E-06
-86.8809,-2.59E-06
-86.881,-2.59E-06
-86.8811,-2.59E-06
-86.8811,-2.59E-06
-86.8812,-2.59E-06
-86.8813,-2.59E-06
-86.8813,-2.59E-06
-86.8814,-2.59E-06
-86.8814,-2.59E-06
-86.8815,-2.59E-06
-86.8816,-2.59E-06
-86.8816,-2.59E-06
-86.8817,-2.59E-06
-86.8818,-2.59E-06
-86.8818,-2.59E-06
-86.8819,-2.59E-06
-86.8819,-2.59E-06
-86.882,-2.59E-06
-86.8821,-2.59E-06
-86.8821,-2.59E-06
-86.8822,-2.59E-06
-86.8823,-2.59E-06
-86.8823,-2.59E-06
-86.8824,-2.59E-06
-86.8825,-2.59E-06
-86.8825,-2.59E-06
-86.8826,-2.59E-06
-86.8826,-2.59E-06
-86.8827,-2.59E-06
-86.8828,-2.59E-06
-86.8828,-2.59E-06
-86.8829,-2.59E-06
-86.883,-2.59E-06
-86.883,-2.59E-06
-86.8831,-2.59E-06
-86.8831,-2.59E-06
-86.8832,-2.59E-06
-86.8833,-2.59E-06
-86.8833,-2.59E-06
-86.8834,-2.59E-06
-86.8835,-2.59E-06
-86.8835,-2.59E-06
-86.8836,-2.59E-06
-86.8836,-2.59E-06
-86.8837,-2.59E-06
-86.8838,-2.59E-06
-86.8838,-2.59E-06
-86.8839,-2.59E-06
-86.884,-2.59E-06
-86.884,-2.59E-06
-86.8841,-2.59E-06
-86.8841,-2.59E-06
-86.8842,-2.59E-06
-86.8843,-2.59E-06
-86.8843,-2.59E-06
-86.8844,-2.59E-06
-86.8845,-2.59E-06
-86.8845,-2.58E-06
-86.8846,-2.58E-06
-86.8846,-2.58E-06
-86.8847,-2.58E-06
-86.8848,-2.58E-06
-86.8848,-2.58E-06
-86.8849,-2.58E-06
-86.885,-2.58E-06
-86.885,-2.58E-06
-86.8851,-2.58E-06
-86.8851,-2.58E-06
-86.8852,-2.58E-06
-86.8853,-2.58E-06
-86.8853,-2.58E-06
-86.8854,-2.58E-06
-86.8855,-2.58E-06
-86.8855,-2.58E-06
-86.8856,-2.58E-06
-86.8856,-2.58E-06
-86.8857,-2.58E-06
-86.8858,-2.58E-06
-86.8858,-2.58E-06
-86.8859,-2.58E-06
-86.886,-2.58E-06
-86.886,-2.58E-06
-86.8861,-2.58E-06
-86.8861,-2.58E-06
-86.8862,-2.58E-06
-86.8863,-2.58E-06
-86.8863,-2.58E-06
-86.8864,-2.58E-06
-86.8865,-2.58E-06
-86.8865,-2.58E-06
-86.8866,-2.58E-06
-86.8866,-2.58E-06
-86.8867,-2.58E-06
-86.8868,-2.58E-06
-86.8868,-2.58E-06
-86.8869,-2.58E-06
-86.887,-2.58E-06
-86.887,-2.58E-06
-86.8871,-2.58E-06
-86.8871,-2.58E-06
-86.8872,-2.58E-06
-86.8873,-2.58E-06
-86.8873,-2.58E-06
-86.8874,-2.58E-06
-86.8875,-2.58E-06
-86.8875,-2.58E-06
-86.8876,-2.58E-06
-86.8876,-2.58E-06
-86.8877,-2.58E-06
-86.8878,-2.58E-06
-86.8878,-2.58E-06
-86.8879,-2.58E-06
-86.8879,-2.58E-06
-86.888,-2.58E-06
-86.8881,-2.58E-06
-86.8881,-2.58E-06
-86.8882,-2.58E-06
-86.8883,-2.58E-06
-86.8883,-2.58E-06
-86.8884,-2.58E-06
-86.8884,-2.58E-06
-86.8885,-2.58E-06
-86.8886,-2.58E-06
-86.8886,-2.58E-06
-86.8887,-2.58E-06
-86.8888,-2.58E-06
-86.8888,-2.58E-06
-86.8889,-2.58E-06
-86.8889,-2.58E-06
-86.889,-2.58E-06
-86.8891,-2.58E-06
-86.8891,-2.58E-06
-86.8892,-2.58E-06
-86.8892,-2.58E-06
-86.8893,-2.58E-06
-86.8894,-2.58E-06
-86.8894,-2.58E-06
-86.8895,-2.58E-06
-86.8896,-2.58E-06
-86.8896,-2.58E-06
-86.8897,-2.58E-06
-86.8897,-2.58E-06
-86.8898,-2.58E-06
-86.8899,-2.58E-06
-86.8899,-2.58E-06
-86.89,-2.58E-06
-86.8901,-2.58E-06
-86.8901,-2.58E-06
-86.8902,-2.58E-06
-86.8902,-2.58E-06
-86.8903,-2.58E-06
-86.8904,-2.58E-06
-86.8904,-2.58E-06
-86.8905,-2.58E-06
-86.8905,-2.58E-06
-86.8906,-2.58E-06
-86.8907,-2.58E-06
-86.8907,-2.58E-06
-86.8908,-2.58E-06
-86.8909,-2.58E-06
-86.8909,-2.58E-06
-86.891,-2.58E-06
-86.891,-2.58E-06
-86.8911,-2.58E-06
-86.8912,-2.58E-06
-86.8912,-2.58E-06
-86.8913,-2.58E-06
-86.8913,-2.58E-06
-86.8914,-2.58E-06
-86.8915,-2.58E-06
-86.8915,-2.58E-06
-86.8916,-2.58E-06
-86.8917,-2.58E-06
-86.8917,-2.58E-06
-86.8918,-2.58E-06
-86.8918,-2.58E-06
-86.8919,-2.58E-06
-86.892,-2.58E-06
-86.892,-2.58E-06
-86.8921,-2.58E-06
-86.8921,-2.58E-06
-86.8922,-2.58E-06
-86.8923,-2.58E-06
-86.8923,-2.58E-06
-86.8924,-2.57E-06
-86.8924,-2.57E-06
-86.8925,-2.57E-06
-86.8926,-2.57E-06
-86.8926,-2.57E-06
-86.8927,-2.57E-06
-86.8928,-2.57E-06
-86.8928,-2.57E-06
-86.8929,-2.57E-06
-86.8929,-2.57E-06
-86.893,-2.57E-06
-86.8931,-2.57E-06
-86.8931,-2.57E-06
-86.8932,-2.57E-06
-86.8932,-2.57E-06
-86.8933,-2.57E-06
-86.8934,-2.57E-06
-86.8934,-2.57E-06
-86.8935,-2.57E-06
-86.8935,-2.57E-06
-86.8936,-2.57E-06
-86.8937,-2.57E-06
-86.8937,-2.57E-06
-86.8938,-2.57E-06
-86.8939,-2.57E-06
-86.8939,-2.57E-06
-86.894,-2.57E-06
-86.894,-2.57E-06
-86.8941,-2.57E-06
-86.8942,-2.57E-06
-86.8942,-2.57E-06
-86.8943,-2.57E-06
-86.8943,-2.57E-06
-86.8944,-2.57E-06
-86.8945,-2.57E-06
-86.8945,-2.57E-06
-86.8946,-2.57E-06
-86.8946,-2.57E-06
-86.8947,-2.57E-06
-86.8948,-2.57E-06
-86.8948,-2.57E-06
-86.8949,-2.57E-06
-86.895,-2.57E-06
-86.895,-2.57E-06
-86.8951,-2.57E-06
-86.8951,-2.57E-06
-86.8952,-2.57E-06
-86.8953,-2.57E-06
-86.8953,-2.57E-06
-86.8954,-2.57E-06
-86.8954,-2.57E-06
-86.8955,-2.57E-06
-86.8956,-2.57E-06
-86.8956,-2.57E-06
-86.8957,-2.57E-06
-86.8957,-2.57E-06
-86.8958,-2.57E-06
-86.8959,-2.57E-06
-86.8959,-2.57E-06
-86.896,-2.57E-06
-86.896,-2.57E-06
-86.8961,-2.57E-06
-86.8962,-2.57E-06
-86.8962,-2.57E-06
-86.8963,-2.57E-06
-86.8963,-2.57E-06
-86.8964,-2.57E-06
-86.8965,-2.57E-06
-86.8965,-2.57E-06
-86.8966,-2.57E-06
-86.8966,-2.57E-06
-86.8967,-2.57E-06
-86.8968,-2.57E-06
-86.8968,-2.57E-06
-86.8969,-2.57E-06
-86.897,-2.57E-06
-86.897,-2.57E-06
-86.8971,-2.57E-06
-86.8971,-2.57E-06
-86.8972,-2.57E-06
-86.8973,-2.57E-06
-86.8973,-2.57E-06
-86.8974,-2.57E-06
-86.8974,-2.57E-06
-86.8975,-2.57E-06
-86.8976,-2.57E-06
-86.8976,-2.57E-06
-86.8977,-2.57E-06
-86.8977,-2.57E-06
-86.8978,-2.57E-06
-86.8979,-2.57E-06
-86.8979,-2.57E-06
-86.898,-2.57E-06
-86.898,-2.57E-06
-86.8981,-2.57E-06
-86.8982,-2.57E-06
-86.8982,-2.57E-06
-86.8983,-2.57E-06
-86.8983,-2.57E-06
-86.8984,-2.57E-06
-86.8985,-2.57E-06
-86.8985,-2.57E-06
-86.8986,-2.57E-06
-86.8986,-2.57E-06
-86.8987,-2.57E-06
-86.8988,-2.57E-06
-86.8988,-2.57E-06
-86.8989,-2.57E-06
-86.8989,-2.57E-06
-86.899,-2.57E-06
-86.8991,-2.57E-06
-86.8991,-2.57E-06
-86.8992,-2.57E-06
-86.8992,-2.57E-06
-86.8993,-2.57E-06
-86.8994,-2.57E-06
-86.8994,-2.57E-06
-86.8995,-2.57E-06
-86.8995,-2.57E-06
-86.8996,-2.57E-06
-86.8997,-2.57E-06
-86.8997,-2.57E-06
-86.8998,-2.57E-06
-86.8998,-2.57E-06
-86.8999,-2.57E-06
-86.9,-2.57E-06
-86.9,-2.57E-06
-86.9001,-2.57E-06
-86.9001,-2.57E-06
-86.9002,-2.57E-06
-86.9003,-2.57E-06
-86.9003,-2.57E-06
-86.9004,-2.56E-06
-86.9004,-2.56E-06
-86.9005,-2.56E-06
-86.9006,-2.56E-06
-86.9006,-2.56E-06
-86.9007,-2.56E-06
-86.9007,-2.56E-06
-86.9008,-2.56E-06
-86.9009,-2.56E-06
-86.9009,-2.56E-06
-86.901,-2.56E-06
-86.901,-2.56E-06
-86.9011,-2.56E-06
-86.9012,-2.56E-06
-86.9012,-2.56E-06
-86.9013,-2.56E-06
-86.9013,-2.56E-06
-86.9014,-2.56E-06
-86.9015,-2.56E-06
-86.9015,-2.56E-06
-86.9016,-2.56E-06
-86.9016,-2.56E-06
-86.9017,-2.56E-06
-86.9018,-2.56E-06
-86.9018,-2.56E-06
-86.9019,-2.56E-06
-86.9019,-2.56E-06
-86.902,-2.56E-06
-86.9021,-2.56E-06
-86.9021,-2.56E-06
-86.9022,-2.56E-06
-86.9022,-2.56E-06
-86.9023,-2.56E-06
-86.9024,-2.56E-06
-86.9024,-2.56E-06
-86.9025,-2.56E-06
-86.9025,-2.56E-06
-86.9026,-2.56E-06
-86.9027,-2.56E-06
-86.9027,-2.56E-06
-86.9028,-2.56E-06
-86.9028,-2.56E-06
-86.9029,-2.56E-06
-86.903,-2.56E-06
-86.903,-2.56E-06
-86.9031,-2.56E-06
-86.9031,-2.56E-06
-86.9032,-2.56E-06
-86.9032,-2.56E-06
-86.9033,-2.56E-06
-86.9034,-2.56E-06
-86.9034,-2.56E-06
-86.9035,-2.56E-06
-86.9035,-2.56E-06
-86.9036,-2.56E-06
-86.9037,-2.56E-06
-86.9037,-2.56E-06
-86.9038,-2.56E-06
-86.9038,-2.56E-06
-86.9039,-2.56E-06
-86.904,-2.56E-06
-86.904,-2.56E-06
-86.9041,-2.56E-06
-86.9041,-2.56E-06
-86.9042,-2.56E-06
-86.9043,-2.56E-06
-86.9043,-2.56E-06
-86.9044,-2.56E-06
-86.9044,-2.56E-06
-86.9045,-2.56E-06
-86.9046,-2.56E-06
-86.9046,-2.56E-06
-86.9047,-2.56E-06
-86.9047,-2.56E-06
-86.9048,-2.56E-06
-86.9048,-2.56E-06
-86.9049,-2.56E-06
-86.905,-2.56E-06
-86.905,-2.56E-06
-86.9051,-2.56E-06
-86.9051,-2.56E-06
-86.9052,-2.56E-06
-86.9053,-2.56E-06
-86.9053,-2.56E-06
-86.9054,-2.56E-06
-86.9054,-2.56E-06
-86.9055,-2.56E-06
-86.9056,-2.56E-06
-86.9056,-2.56E-06
-86.9057,-2.56E-06
-86.9057,-2.56E-06
-86.9058,-2.56E-06
-86.9059,-2.56E-06
-86.9059,-2.56E-06
-86.906,-2.56E-06
-86.906,-2.56E-06
-86.9061,-2.56E-06
-86.9061,-2.56E-06
-86.9062,-2.56E-06
-86.9063,-2.56E-06
-86.9063,-2.56E-06
-86.9064,-2.56E-06
-86.9064,-2.56E-06
-86.9065,-2.56E-06
-86.9066,-2.56E-06
-86.9066,-2.56E-06
-86.9067,-2.56E-06
-86.9067,-2.56E-06
-86.9068,-2.56E-06
-86.9069,-2.56E-06
-86.9069,-2.56E-06
-86.907,-2.56E-06
-86.907,-2.56E-06
-86.9071,-2.56E-06
-86.9071,-2.56E-06
-86.9072,-2.56E-06
-86.9073,-2.56E-06
-86.9073,-2.56E-06
-86.9074,-2.56E-06
-86.9074,-2.56E-06
-86.9075,-2.56E-06
-86.9076,-2.56E-06
-86.9076,-2.56E-06
-86.9077,-2.56E-06
-86.9077,-2.56E-06
-86.9078,-2.56E-06
-86.9079,-2.56E-06
-86.9079,-2.56E-06
-86.908,-2.56E-06
-86.908,-2.56E-06
-86.9081,-2.56E-06
-86.9081,-2.56E-06
-86.9082,-2.56E-06
-86.9083,-2.56E-06
-86.9083,-2.55E-06
-86.9084,-2.55E-06
-86.9084,-2.55E-06
-86.9085,-2.55E-06
-86.9086,-2.55E-06
-86.9086,-2.55E-06
-86.9087,-2.55E-06
-86.9087,-2.55E-06
-86.9088,-2.55E-06
-86.9088,-2.55E-06
-86.9089,-2.55E-06
-86.909,-2.55E-06
-86.909,-2.55E-06
-86.9091,-2.55E-06
-86.9091,-2.55E-06
-86.9092,-2.55E-06
-86.9093,-2.55E-06
-86.9093,-2.55E-06
-86.9094,-2.55E-06
-86.9094,-2.55E-06
-86.9095,-2.55E-06
-86.9095,-2.55E-06
-86.9096,-2.55E-06
-86.9097,-2.55E-06
-86.9097,-2.55E-06
-86.9098,-2.55E-06
-86.9098,-2.55E-06
-86.9099,-2.55E-06
-86.91,-2.55E-06
-86.91,-2.55E-06
-86.9101,-2.55E-06
-86.9101,-2.55E-06
-86.9102,-2.55E-06
-86.9102,-2.55E-06
-86.9103,-2.55E-06
-86.9104,-2.55E-06
-86.9104,-2.55E-06
-86.9105,-2.55E-06
-86.9105,-2.55E-06
-86.9106,-2.55E-06
-86.9107,-2.55E-06
-86.9107,-2.55E-06
-86.9108,-2.55E-06
-86.9108,-2.55E-06
-86.9109,-2.55E-06
-86.9109,-2.55E-06
-86.911,-2.55E-06
-86.9111,-2.55E-06
-86.9111,-2.55E-06
-86.9112,-2.55E-06
-86.9112,-2.55E-06
-86.9113,-2.55E-06
-86.9114,-2.55E-06
-86.9114,-2.55E-06
-86.9115,-2.55E-06
-86.9115,-2.55E-06
-86.9116,-2.55E-06
-86.9116,-2.55E-06
-86.9117,-2.55E-06
-86.9118,-2.55E-06
-86.9118,-2.55E-06
-86.9119,-2.55E-06
-86.9119,-2.55E-06
-86.912,-2.55E-06
-86.912,-2.55E-06
-86.9121,-2.55E-06
-86.9122,-2.55E-06
-86.9122,-2.55E-06
-86.9123,-2.55E-06
-86.9123,-2.55E-06
-86.9124,-2.55E-06
-86.9125,-2.55E-06
-86.9125,-2.55E-06
-86.9126,-2.55E-06
-86.9126,-2.55E-06
-86.9127,-2.55E-06
-86.9127,-2.55E-06
-86.9128,-2.55E-06
-86.9129,-2.55E-06
-86.9129,-2.55E-06
-86.913,-2.55E-06
-86.913,-2.55E-06
-86.9131,-2.55E-06
-86.9131,-2.55E-06
-86.9132,-2.55E-06
-86.9133,-2.55E-06
-86.9133,-2.55E-06
-86.9134,-2.55E-06
-86.9134,-2.55E-06
-86.9135,-2.55E-06
-86.9136,-2.55E-06
-86.9136,-2.55E-06
-86.9137,-2.55E-06
-86.9137,-2.55E-06
-86.9138,-2.55E-06
-86.9138,-2.55E-06
-86.9139,-2.55E-06
-86.914,-2.55E-06
-86.914,-2.55E-06
-86.9141,-2.55E-06
-86.9141,-2.55E-06
-86.9142,-2.55E-06
-86.9142,-2.55E-06
-86.9143,-2.55E-06
-86.9144,-2.55E-06
-86.9144,-2.55E-06
-86.9145,-2.55E-06
-86.9145,-2.55E-06
-86.9146,-2.55E-06
-86.9146,-2.55E-06
-86.9147,-2.55E-06
-86.9148,-2.55E-06
-86.9148,-2.55E-06
-86.9149,-2.55E-06
-86.9149,-2.55E-06
-86.915,-2.55E-06
-86.915,-2.55E-06
-86.9151,-2.55E-06
-86.9152,-2.55E-06
-86.9152,-2.55E-06
-86.9153,-2.55E-06
-86.9153,-2.55E-06
-86.9154,-2.55E-06
-86.9154,-2.55E-06
-86.9155,-2.55E-06
-86.9156,-2.55E-06
-86.9156,-2.55E-06
-86.9157,-2.55E-06
-86.9157,-2.55E-06
-86.9158,-2.55E-06
-86.9158,-2.55E-06
-86.9159,-2.55E-06
-86.916,-2.55E-06
-86.916,-2.55E-06
-86.9161,-2.55E-06
-86.9161,-2.55E-06
-86.9162,-2.55E-06
-86.9163,-2.55E-06
-86.9163,-2.54E-06
-86.9164,-2.54E-06
-86.9164,-2.54E-06
-86.9165,-2.54E-06
-86.9165,-2.54E-06
-86.9166,-2.54E-06
-86.9167,-2.54E-06
-86.9167,-2.54E-06
-86.9168,-2.54E-06
-86.9168,-2.54E-06
-86.9169,-2.54E-06
-86.9169,-2.54E-06
-86.917,-2.54E-06
-86.9171,-2.54E-06
-86.9171,-2.54E-06
-86.9172,-2.54E-06
-86.9172,-2.54E-06
-86.9173,-2.54E-06
-86.9173,-2.54E-06
-86.9174,-2.54E-06
-86.9175,-2.54E-06
-86.9175,-2.54E-06
-86.9176,-2.54E-06
-86.9176,-2.54E-06
-86.9177,-2.54E-06
-86.9177,-2.54E-06
-86.9178,-2.54E-06
-86.9178,-2.54E-06
-86.9179,-2.54E-06
-86.918,-2.54E-06
-86.918,-2.54E-06
-86.9181,-2.54E-06
-86.9181,-2.54E-06
-86.9182,-2.54E-06
-86.9182,-2.54E-06
-86.9183,-2.54E-06
-86.9184,-2.54E-06
-86.9184,-2.54E-06
-86.9185,-2.54E-06
-86.9185,-2.54E-06
-86.9186,-2.54E-06
-86.9186,-2.54E-06
-86.9187,-2.54E-06
-86.9188,-2.54E-06
-86.9188,-2.54E-06
-86.9189,-2.54E-06
-86.9189,-2.54E-06
-86.919,-2.54E-06
-86.919,-2.54E-06
-86.9191,-2.54E-06
-86.9192,-2.54E-06
-86.9192,-2.54E-06
-86.9193,-2.54E-06
-86.9193,-2.54E-06
-86.9194,-2.54E-06
-86.9194,-2.54E-06
-86.9195,-2.54E-06
-86.9196,-2.54E-06
-86.9196,-2.54E-06
-86.9197,-2.54E-06
-86.9197,-2.54E-06
-86.9198,-2.54E-06
-86.9198,-2.54E-06
-86.9199,-2.54E-06
-86.9199,-2.54E-06
-86.92,-2.54E-06
-86.9201,-2.54E-06
-86.9201,-2.54E-06
-86.9202,-2.54E-06
-86.9202,-2.54E-06
-86.9203,-2.54E-06
-86.9203,-2.54E-06
-86.9204,-2.54E-06
-86.9205,-2.54E-06
-86.9205,-2.54E-06
-86.9206,-2.54E-06
-86.9206,-2.54E-06
-86.9207,-2.54E-06
-86.9207,-2.54E-06
-86.9208,-2.54E-06
-86.9209,-2.54E-06
-86.9209,-2.54E-06
-86.921,-2.54E-06
-86.921,-2.54E-06
-86.9211,-2.54E-06
-86.9211,-2.54E-06
-86.9212,-2.54E-06
-86.9212,-2.54E-06
-86.9213,-2.54E-06
-86.9214,-2.54E-06
-86.9214,-2.54E-06
-86.9215,-2.54E-06
-86.9215,-2.54E-06
-86.9216,-2.54E-06
-86.9216,-2.54E-06
-86.9217,-2.54E-06
-86.9218,-2.54E-06
-86.9218,-2.54E-06
-86.9219,-2.54E-06
-86.9219,-2.54E-06
-86.922,-2.54E-06
-86.922,-2.54E-06
-86.9221,-2.54E-06
-86.9221,-2.54E-06
-86.9222,-2.54E-06
-86.9223,-2.54E-06
-86.9223,-2.54E-06
-86.9224,-2.54E-06
-86.9224,-2.54E-06
-86.9225,-2.54E-06
-86.9225,-2.54E-06
-86.9226,-2.54E-06
-86.9227,-2.54E-06
-86.9227,-2.54E-06
-86.9228,-2.54E-06
-86.9228,-2.54E-06
-86.9229,-2.54E-06
-86.9229,-2.54E-06
-86.923,-2.54E-06
-86.923,-2.54E-06
-86.9231,-2.54E-06
-86.9232,-2.54E-06
-86.9232,-2.54E-06
-86.9233,-2.54E-06
-86.9233,-2.54E-06
-86.9234,-2.54E-06
-86.9234,-2.54E-06
-86.9235,-2.54E-06
-86.9236,-2.54E-06
-86.9236,-2.54E-06
-86.9237,-2.54E-06
-86.9237,-2.54E-06
-86.9238,-2.54E-06
-86.9238,-2.54E-06
-86.9239,-2.54E-06
-86.9239,-2.54E-06
-86.924,-2.54E-06
-86.9241,-2.54E-06
-86.9241,-2.54E-06
-86.9242,-2.54E-06
-86.9242,-2.54E-06
-86.9243,-2.54E-06
-86.9243,-2.53E-06
-86.9244,-2.53E-06
-86.9244,-2.53E-06
-86.9245,-2.53E-06
-86.9246,-2.53E-06
-86.9246,-2.53E-06
-86.9247,-2.53E-06
-86.9247,-2.53E-06
-86.9248,-2.53E-06
-86.9248,-2.53E-06
-86.9249,-2.53E-06
-86.9249,-2.53E-06
-86.925,-2.53E-06
-86.9251,-2.53E-06
-86.9251,-2.53E-06
-86.9252,-2.53E-06
-86.9252,-2.53E-06
-86.9253,-2.53E-06
-86.9253,-2.53E-06
-86.9254,-2.53E-06
-86.9255,-2.53E-06
-86.9255,-2.53E-06
-86.9256,-2.53E-06
-86.9256,-2.53E-06
-86.9257,-2.53E-06
-86.9257,-2.53E-06
-86.9258,-2.53E-06
-86.9258,-2.53E-06
-86.9259,-2.53E-06
-86.926,-2.53E-06
-86.926,-2.53E-06
-86.9261,-2.53E-06
-86.9261,-2.53E-06
-86.9262,-2.53E-06
-86.9262,-2.53E-06
-86.9263,-2.53E-06
-86.9263,-2.53E-06
-86.9264,-2.53E-06
-86.9265,-2.53E-06
-86.9265,-2.53E-06
-86.9266,-2.53E-06
-86.9266,-2.53E-06
-86.9267,-2.53E-06
-86.9267,-2.53E-06
-86.9268,-2.53E-06
-86.9268,-2.53E-06
-86.9269,-2.53E-06
-86.9269,-2.53E-06
-86.927,-2.53E-06
-86.9271,-2.53E-06
-86.9271,-2.53E-06
-86.9272,-2.53E-06
-86.9272,-2.53E-06
-86.9273,-2.53E-06
-86.9273,-2.53E-06
-86.9274,-2.53E-06
-86.9274,-2.53E-06
-86.9275,-2.53E-06
-86.9276,-2.53E-06
-86.9276,-2.53E-06
-86.9277,-2.53E-06
-86.9277,-2.53E-06
-86.9278,-2.53E-06
-86.9278,-2.53E-06
-86.9279,-2.53E-06
-86.9279,-2.53E-06
-86.928,-2.53E-06
-86.9281,-2.53E-06
-86.9281,-2.53E-06
-86.9282,-2.53E-06
-86.9282,-2.53E-06
-86.9283,-2.53E-06
-86.9283,-2.53E-06
-86.9284,-2.53E-06
-86.9284,-2.53E-06
-86.9285,-2.53E-06
-86.9286,-2.53E-06
-86.9286,-2.53E-06
-86.9287,-2.53E-06
-86.9287,-2.53E-06
-86.9288,-2.53E-06
-86.9288,-2.53E-06
-86.9289,-2.53E-06
-86.9289,-2.53E-06
-86.929,-2.53E-06
-86.929,-2.53E-06
-86.9291,-2.53E-06
-86.9292,-2.53E-06
-86.9292,-2.53E-06
-86.9293,-2.53E-06
-86.9293,-2.53E-06
-86.9294,-2.53E-06
-86.9294,-2.53E-06
-86.9295,-2.53E-06
-86.9295,-2.53E-06
-86.9296,-2.53E-06
-86.9297,-2.53E-06
-86.9297,-2.53E-06
-86.9298,-2.53E-06
-86.9298,-2.53E-06
-86.9299,-2.53E-06
-86.9299,-2.53E-06
-86.93,-2.53E-06
-86.93,-2.53E-06
-86.9301,-2.53E-06
-86.9301,-2.53E-06
-86.9302,-2.53E-06
-86.9303,-2.53E-06
-86.9303,-2.53E-06
-86.9304,-2.53E-06
-86.9304,-2.53E-06
-86.9305,-2.53E-06
-86.9305,-2.53E-06
-86.9306,-2.53E-06
-86.9306,-2.53E-06
-86.9307,-2.53E-06
-86.9308,-2.53E-06
-86.9308,-2.53E-06
-86.9309,-2.53E-06
-86.9309,-2.53E-06
-86.931,-2.53E-06
-86.931,-2.53E-06
-86.9311,-2.53E-06
-86.9311,-2.53E-06
-86.9312,-2.53E-06
-86.9312,-2.53E-06
-86.9313,-2.53E-06
-86.9314,-2.53E-06
-86.9314,-2.53E-06
-86.9315,-2.53E-06
-86.9315,-2.53E-06
-86.9316,-2.53E-06
-86.9316,-2.53E-06
-86.9317,-2.53E-06
-86.9317,-2.53E-06
-86.9318,-2.53E-06
-86.9318,-2.53E-06
-86.9319,-2.53E-06
-86.932,-2.53E-06
-86.932,-2.53E-06
-86.9321,-2.53E-06
-86.9321,-2.53E-06
-86.9322,-2.53E-06
-86.9322,-2.53E-06
-86.9323,-2.53E-06
-86.9323,-2.53E-06
-86.9324,-2.52E-06
-86.9324,-2.52E-06
-86.9325,-2.52E-06
-86.9326,-2.52E-06
-86.9326,-2.52E-06
-86.9327,-2.52E-06
-86.9327,-2.52E-06
-86.9328,-2.52E-06
-86.9328,-2.52E-06
-86.9329,-2.52E-06
-86.9329,-2.52E-06
-86.933,-2.52E-06
-86.933,-2.52E-06
-86.9331,-2.52E-06
-86.9332,-2.52E-06
-86.9332,-2.52E-06
-86.9333,-2.52E-06
-86.9333,-2.52E-06
-86.9334,-2.52E-06
-86.9334,-2.52E-06
-86.9335,-2.52E-06
-86.9335,-2.52E-06
-86.9336,-2.52E-06
-86.9336,-2.52E-06
-86.9337,-2.52E-06
-86.9338,-2.52E-06
-86.9338,-2.52E-06
-86.9339,-2.52E-06
-86.9339,-2.52E-06
-86.934,-2.52E-06
-86.934,-2.52E-06
-86.9341,-2.52E-06
-86.9341,-2.52E-06
-86.9342,-2.52E-06
-86.9342,-2.52E-06
-86.9343,-2.52E-06
-86.9343,-2.52E-06
-86.9344,-2.52E-06
-86.9345,-2.52E-06
-86.9345,-2.52E-06
-86.9346,-2.52E-06
-86.9346,-2.52E-06
-86.9347,-2.52E-06
-86.9347,-2.52E-06
-86.9348,-2.52E-06
-86.9348,-2.52E-06
-86.9349,-2.52E-06
-86.9349,-2.52E-06
-86.935,-2.52E-06
-86.9351,-2.52E-06
-86.9351,-2.52E-06
-86.9352,-2.52E-06
-86.9352,-2.52E-06
-86.9353,-2.52E-06
-86.9353,-2.52E-06
-86.9354,-2.52E-06
-86.9354,-2.52E-06
-86.9355,-2.52E-06
-86.9355,-2.52E-06
-86.9356,-2.52E-06
-86.9356,-2.52E-06
-86.9357,-2.52E-06
-86.9358,-2.52E-06
-86.9358,-2.52E-06
-86.9359,-2.52E-06
-86.9359,-2.52E-06
-86.936,-2.52E-06
-86.936,-2.52E-06
-86.9361,-2.52E-06
-86.9361,-2.52E-06
-86.9362,-2.52E-06
-86.9362,-2.52E-06
-86.9363,-2.52E-06
-86.9363,-2.52E-06
-86.9364,-2.52E-06
-86.9365,-2.52E-06
-86.9365,-2.52E-06
-86.9366,-2.52E-06
-86.9366,-2.52E-06
-86.9367,-2.52E-06
-86.9367,-2.52E-06
-86.9368,-2.52E-06
-86.9368,-2.52E-06
-86.9369,-2.52E-06
-86.9369,-2.52E-06
-86.937,-2.52E-06
-86.937,-2.52E-06
-86.9371,-2.52E-06
-86.9372,-2.52E-06
-86.9372,-2.52E-06
-86.9373,-2.52E-06
-86.9373,-2.52E-06
-86.9374,-2.52E-06
-86.9374,-2.52E-06
-86.9375,-2.52E-06
-86.9375,-2.52E-06
-86.9376,-2.52E-06
-86.9376,-2.52E-06
-86.9377,-2.52E-06
-86.9377,-2.52E-06
-86.9378,-2.52E-06
-86.9378,-2.52E-06
-86.9379,-2.52E-06
-86.938,-2.52E-06
-86.938,-2.52E-06
-86.9381,-2.52E-06
-86.9381,-2.52E-06
-86.9382,-2.52E-06
-86.9382,-2.52E-06
-86.9383,-2.52E-06
-86.9383,-2.52E-06
-86.9384,-2.52E-06
-86.9384,-2.52E-06
-86.9385,-2.52E-06
-86.9385,-2.52E-06
-86.9386,-2.52E-06
-86.9387,-2.52E-06
-86.9387,-2.52E-06
-86.9388,-2.52E-06
-86.9388,-2.52E-06
-86.9389,-2.52E-06
-86.9389,-2.52E-06
-86.939,-2.52E-06
-86.939,-2.52E-06
-86.9391,-2.52E-06
-86.9391,-2.52E-06
-86.9392,-2.52E-06
-86.9392,-2.52E-06
-86.9393,-2.52E-06
-86.9393,-2.52E-06
-86.9394,-2.52E-06
-86.9395,-2.52E-06
-86.9395,-2.52E-06
-86.9396,-2.52E-06
-86.9396,-2.52E-06
-86.9397,-2.52E-06
-86.9397,-2.52E-06
-86.9398,-2.52E-06
-86.9398,-2.52E-06
-86.9399,-2.52E-06
-86.9399,-2.52E-06
-86.94,-2.52E-06
-86.94,-2.52E-06
-86.9401,-2.52E-06
-86.9401,-2.52E-06
-86.9402,-2.52E-06
-86.9403,-2.52E-06
-86.9403,-2.52E-06
-86.9404,-2.52E-06
-86.9404,-2.52E-06
-86.9405,-2.52E-06
-86.9405,-2.51E-06
-86.9406,-2.51E-06
-86.9406,-2.51E-06
-86.9407,-2.51E-06
-86.9407,-2.51E-06
-86.9408,-2.51E-06
-86.9408,-2.51E-06
-86.9409,-2.51E-06
-86.9409,-2.51E-06
-86.941,-2.51E-06
-86.941,-2.51E-06
-86.9411,-2.51E-06
-86.9412,-2.51E-06
-86.9412,-2.51E-06
-86.9413,-2.51E-06
-86.9413,-2.51E-06
-86.9414,-2.51E-06
-86.9414,-2.51E-06
-86.9415,-2.51E-06
-86.9415,-2.51E-06
-86.9416,-2.51E-06
-86.9416,-2.51E-06
-86.9417,-2.51E-06
-86.9417,-2.51E-06
-86.9418,-2.51E-06
-86.9418,-2.51E-06
-86.9419,-2.51E-06
-86.9419,-2.51E-06
-86.942,-2.51E-06
-86.9421,-2.51E-06
-86.9421,-2.51E-06
-86.9422,-2.51E-06
-86.9422,-2.51E-06
-86.9423,-2.51E-06
-86.9423,-2.51E-06
-86.9424,-2.51E-06
-86.9424,-2.51E-06
-86.9425,-2.51E-06
-86.9425,-2.51E-06
-86.9426,-2.51E-06
-86.9426,-2.51E-06
-86.9427,-2.51E-06
-86.9427,-2.51E-06
-86.9428,-2.51E-06
-86.9428,-2.51E-06
-86.9429,-2.51E-06
-86.943,-2.51E-06
-86.943,-2.51E-06
-86.9431,-2.51E-06
-86.9431,-2.51E-06
-86.9432,-2.51E-06
-86.9432,-2.51E-06
-86.9433,-2.51E-06
-86.9433,-2.51E-06
-86.9434,-2.51E-06
-86.9434,-2.51E-06
-86.9435,-2.51E-06
-86.9435,-2.51E-06
-86.9436,-2.51E-06
-86.9436,-2.51E-06
-86.9437,-2.51E-06
-86.9437,-2.51E-06
-86.9438,-2.51E-06
-86.9438,-2.51E-06
-86.9439,-2.51E-06
-86.944,-2.51E-06
-86.944,-2.51E-06
-86.9441,-2.51E-06
-86.9441,-2.51E-06
-86.9442,-2.51E-06
-86.9442,-2.51E-06
-86.9443,-2.51E-06
-86.9443,-2.51E-06
-86.9444,-2.51E-06
-86.9444,-2.51E-06
-86.9445,-2.51E-06
-86.9445,-2.51E-06
-86.9446,-2.51E-06
-86.9446,-2.51E-06
-86.9447,-2.51E-06
-86.9447,-2.51E-06
-86.9448,-2.51E-06
-86.9448,-2.51E-06
-86.9449,-2.51E-06
-86.945,-2.51E-06
-86.945,-2.51E-06
-86.9451,-2.51E-06
-86.9451,-2.51E-06
-86.9452,-2.51E-06
-86.9452,-2.51E-06
-86.9453,-2.51E-06
-86.9453,-2.51E-06
-86.9454,-2.51E-06
-86.9454,-2.51E-06
-86.9455,-2.51E-06
-86.9455,-2.51E-06
-86.9456,-2.51E-06
-86.9456,-2.51E-06
-86.9457,-2.51E-06
-86.9457,-2.51E-06
-86.9458,-2.51E-06
-86.9458,-2.51E-06
-86.9459,-2.51E-06
-86.9459,-2.51E-06
-86.946,-2.51E-06
-86.946,-2.51E-06
-86.9461,-2.51E-06
-86.9462,-2.51E-06
-86.9462,-2.51E-06
-86.9463,-2.51E-06
-86.9463,-2.51E-06
-86.9464,-2.51E-06
-86.9464,-2.51E-06
-86.9465,-2.51E-06
-86.9465,-2.51E-06
-86.9466,-2.51E-06
-86.9466,-2.51E-06
-86.9467,-2.51E-06
-86.9467,-2.51E-06
-86.9468,-2.51E-06
-86.9468,-2.51E-06
-86.9469,-2.51E-06
-86.9469,-2.51E-06
-86.947,-2.51E-06
-86.947,-2.51E-06
-86.9471,-2.51E-06
-86.9471,-2.51E-06
-86.9472,-2.51E-06
-86.9472,-2.51E-06
-86.9473,-2.51E-06
-86.9474,-2.51E-06
-86.9474,-2.51E-06
-86.9475,-2.51E-06
-86.9475,-2.51E-06
-86.9476,-2.51E-06
-86.9476,-2.51E-06
-86.9477,-2.51E-06
-86.9477,-2.51E-06
-86.9478,-2.51E-06
-86.9478,-2.51E-06
-86.9479,-2.51E-06
-86.9479,-2.51E-06
-86.948,-2.51E-06
-86.948,-2.51E-06
-86.9481,-2.51E-06
-86.9481,-2.51E-06
-86.9482,-2.51E-06
-86.9482,-2.51E-06
-86.9483,-2.51E-06
-86.9483,-2.51E-06
-86.9484,-2.51E-06
-86.9484,-2.51E-06
-86.9485,-2.51E-06
-86.9485,-2.51E-06
-86.9486,-2.50E-06
-86.9487,-2.50E-06
-86.9487,-2.50E-06
-86.9488,-2.50E-06
-86.9488,-2.50E-06
-86.9489,-2.50E-06
-86.9489,-2.50E-06
-86.949,-2.50E-06
-86.949,-2.50E-06
-86.9491,-2.50E-06
-86.9491,-2.50E-06
-86.9492,-2.50E-06
-86.9492,-2.50E-06
-86.9493,-2.50E-06
-86.9493,-2.50E-06
-86.9494,-2.50E-06
-86.9494,-2.50E-06
-86.9495,-2.50E-06
-86.9495,-2.50E-06
-86.9496,-2.50E-06
-86.9496,-2.50E-06
-86.9497,-2.50E-06
-86.9497,-2.50E-06
-86.9498,-2.50E-06
-86.9498,-2.50E-06
-86.9499,-2.50E-06
-86.9499,-2.50E-06
-86.95,-2.50E-06
-86.95,-2.50E-06
-86.9501,-2.50E-06
-86.9501,-2.50E-06
-86.9502,-2.50E-06
-86.9503,-2.50E-06
-86.9503,-2.50E-06
-86.9504,-2.50E-06
-86.9504,-2.50E-06
-86.9505,-2.50E-06
-86.9505,-2.50E-06
-86.9506,-2.50E-06
-86.9506,-2.50E-06
-86.9507,-2.50E-06
-86.9507,-2.50E-06
-86.9508,-2.50E-06
-86.9508,-2.50E-06
-86.9509,-2.50E-06
-86.9509,-2.50E-06
-86.951,-2.50E-06
-86.951,-2.50E-06
-86.9511,-2.50E-06
-86.9511,-2.50E-06
-86.9512,-2.50E-06
-86.9512,-2.50E-06
-86.9513,-2.50E-06
-86.9513,-2.50E-06
-86.9514,-2.50E-06
-86.9514,-2.50E-06
-86.9515,-2.50E-06
-86.9515,-2.50E-06
-86.9516,-2.50E-06
-86.9516,-2.50E-06
-86.9517,-2.50E-06
-86.9517,-2.50E-06
-86.9518,-2.50E-06
-86.9518,-2.50E-06
-86.9519,-2.50E-06
-86.9519,-2.50E-06
-86.952,-2.50E-06
-86.9521,-2.50E-06
-86.9521,-2.50E-06
-86.9522,-2.50E-06
-86.9522,-2.50E-06
-86.9523,-2.50E-06
-86.9523,-2.50E-06
-86.9524,-2.50E-06
-86.9524,-2.50E-06
-86.9525,-2.50E-06
-86.9525,-2.50E-06
-86.9526,-2.50E-06
-86.9526,-2.50E-06
-86.9527,-2.50E-06
-86.9527,-2.50E-06
-86.9528,-2.50E-06
-86.9528,-2.50E-06
-86.9529,-2.50E-06
-86.9529,-2.50E-06
-86.953,-2.50E-06
-86.953,-2.50E-06
-86.9531,-2.50E-06
-86.9531,-2.50E-06
-86.9532,-2.50E-06
-86.9532,-2.50E-06
-86.9533,-2.50E-06
-86.9533,-2.50E-06
-86.9534,-2.50E-06
-86.9534,-2.50E-06
-86.9535,-2.50E-06
-86.9535,-2.50E-06
-86.9536,-2.50E-06
-86.9536,-2.50E-06
-86.9537,-2.50E-06
-86.9537,-2.50E-06
-86.9538,-2.50E-06
-86.9538,-2.50E-06
-86.9539,-2.50E-06
-86.9539,-2.50E-06
-86.954,-2.50E-06
-86.954,-2.50E-06
-86.9541,-2.50E-06
-86.9541,-2.50E-06
-86.9542,-2.50E-06
-86.9542,-2.50E-06
-86.9543,-2.50E-06
-86.9543,-2.50E-06
-86.9544,-2.50E-06
-86.9544,-2.50E-06
-86.9545,-2.50E-06
-86.9546,-2.50E-06
-86.9546,-2.50E-06
-86.9547,-2.50E-06
-86.9547,-2.50E-06
-86.9548,-2.50E-06
-86.9548,-2.50E-06
-86.9549,-2.50E-06
-86.9549,-2.50E-06
-86.955,-2.50E-06
-86.955,-2.50E-06
-86.9551,-2.50E-06
-86.9551,-2.50E-06
-86.9552,-2.50E-06
-86.9552,-2.50E-06
-86.9553,-2.50E-06
-86.9553,-2.50E-06
-86.9554,-2.50E-06
-86.9554,-2.50E-06
-86.9555,-2.50E-06
-86.9555,-2.50E-06
-86.9556,-2.50E-06
-86.9556,-2.50E-06
-86.9557,-2.50E-06
-86.9557,-2.50E-06
-86.9558,-2.50E-06
-86.9558,-2.50E-06
-86.9559,-2.50E-06
-86.9559,-2.50E-06
-86.956,-2.50E-06
-86.956,-2.50E-06
-86.9561,-2.50E-06
-86.9561,-2.50E-06
-86.9562,-2.50E-06
-86.9562,-2.50E-06
-86.9563,-2.50E-06
-86.9563,-2.50E-06
-86.9564,-2.50E-06
-86.9564,-2.50E-06
-86.9565,-2.50E-06
-86.9565,-2.50E-06
-86.9566,-2.50E-06
-86.9566,-2.50E-06
-86.9567,-2.50E-06
-86.9567,-2.50E-06
-86.9568,-2.49E-06
-86.9568,-2.49E-06
-86.9569,-2.49E-06
-86.9569,-2.49E-06
-86.957,-2.49E-06
-86.957,-2.49E-06
-86.9571,-2.49E-06
-86.9571,-2.49E-06
-86.9572,-2.49E-06
-86.9572,-2.49E-06
-86.9573,-2.49E-06
-86.9573,-2.49E-06
-86.9574,-2.49E-06
-86.9574,-2.49E-06
-86.9575,-2.49E-06
-86.9575,-2.49E-06
-86.9576,-2.49E-06
-86.9576,-2.49E-06
-86.9577,-2.49E-06
-86.9577,-2.49E-06
-86.9578,-2.49E-06
-86.9578,-2.49E-06
-86.9579,-2.49E-06
-86.9579,-2.49E-06
-86.958,-2.49E-06
-86.958,-2.49E-06
-86.9581,-2.49E-06
-86.9581,-2.49E-06
-86.9582,-2.49E-06
-86.9582,-2.49E-06
-86.9583,-2.49E-06
-86.9583,-2.49E-06
-86.9584,-2.49E-06
-86.9584,-2.49E-06
-86.9585,-2.49E-06
-86.9585,-2.49E-06
-86.9586,-2.49E-06
-86.9586,-2.49E-06
-86.9587,-2.49E-06
-86.9587,-2.49E-06
-86.9588,-2.49E-06
-86.9588,-2.49E-06
-86.9589,-2.49E-06
-86.9589,-2.49E-06
-86.959,-2.49E-06
-86.959,-2.49E-06
-86.9591,-2.49E-06
-86.9591,-2.49E-06
-86.9592,-2.49E-06
-86.9592,-2.49E-06
-86.9593,-2.49E-06
-86.9593,-2.49E-06
-86.9594,-2.49E-06
-86.9594,-2.49E-06
-86.9595,-2.49E-06
-86.9595,-2.49E-06
-86.9596,-2.49E-06
-86.9596,-2.49E-06
-86.9597,-2.49E-06
-86.9597,-2.49E-06
-86.9598,-2.49E-06
-86.9598,-2.49E-06
-86.9599,-2.49E-06
-86.9599,-2.49E-06
-86.96,-2.49E-06
-86.96,-2.49E-06
-86.9601,-2.49E-06
-86.9601,-2.49E-06
-86.9602,-2.49E-06
-86.9602,-2.49E-06
-86.9603,-2.49E-06
-86.9603,-2.49E-06
-86.9604,-2.49E-06
-86.9604,-2.49E-06
-86.9605,-2.49E-06
-86.9605,-2.49E-06
-86.9606,-2.49E-06
-86.9606,-2.49E-06
-86.9607,-2.49E-06
-86.9607,-2.49E-06
-86.9608,-2.49E-06
-86.9608,-2.49E-06
-86.9609,-2.49E-06
-86.9609,-2.49E-06
-86.961,-2.49E-06
-86.961,-2.49E-06
-86.9611,-2.49E-06
-86.9611,-2.49E-06
-86.9612,-2.49E-06
-86.9612,-2.49E-06
-86.9613,-2.49E-06
-86.9613,-2.49E-06
-86.9614,-2.49E-06
-86.9614,-2.49E-06
-86.9615,-2.49E-06
-86.9615,-2.49E-06
-86.9616,-2.49E-06
-86.9616,-2.49E-06
-86.9617,-2.49E-06
-86.9617,-2.49E-06
-86.9618,-2.49E-06
-86.9618,-2.49E-06
-86.9619,-2.49E-06
-86.9619,-2.49E-06
-86.962,-2.49E-06
-86.962,-2.49E-06
-86.9621,-2.49E-06
-86.9621,-2.49E-06
-86.9622,-2.49E-06
-86.9622,-2.49E-06
-86.9623,-2.49E-06
-86.9623,-2.49E-06
-86.9624,-2.49E-06
-86.9624,-2.49E-06
-86.9625,-2.49E-06
-86.9625,-2.49E-06
-86.9626,-2.49E-06
-86.9626,-2.49E-06
-86.9627,-2.49E-06
-86.9627,-2.49E-06
-86.9628,-2.49E-06
-86.9628,-2.49E-06
-86.9629,-2.49E-06
-86.9629,-2.49E-06
-86.963,-2.49E-06
-86.963,-2.49E-06
-86.9631,-2.49E-06
-86.9631,-2.49E-06
-86.9632,-2.49E-06
-86.9632,-2.49E-06
-86.9633,-2.49E-06
-86.9633,-2.49E-06
-86.9634,-2.49E-06
-86.9634,-2.49E-06
-86.9635,-2.49E-06
-86.9635,-2.49E-06
-86.9636,-2.49E-06
-86.9636,-2.49E-06
-86.9637,-2.49E-06
-86.9637,-2.49E-06
-86.9638,-2.49E-06
-86.9638,-2.49E-06
-86.9639,-2.49E-06
-86.9639,-2.49E-06
-86.964,-2.49E-06
-86.964,-2.49E-06
-86.9641,-2.49E-06
-86.9641,-2.49E-06
-86.9642,-2.49E-06
-86.9642,-2.49E-06
-86.9643,-2.49E-06
-86.9643,-2.49E-06
-86.9644,-2.49E-06
-86.9644,-2.49E-06
-86.9645,-2.49E-06
-86.9645,-2.49E-06
-86.9645,-2.49E-06
-86.9646,-2.49E-06
-86.9646,-2.49E-06
-86.9647,-2.49E-06
-86.9647,-2.49E-06
-86.9648,-2.49E-06
-86.9648,-2.49E-06
-86.9649,-2.49E-06
-86.9649,-2.48E-06
-86.965,-2.48E-06
-86.965,-2.48E-06
-86.9651,-2.48E-06
-86.9651,-2.48E-06
-86.9652,-2.48E-06
-86.9652,-2.48E-06
-86.9653,-2.48E-06
-86.9653,-2.48E-06
-86.9654,-2.48E-06
-86.9654,-2.48E-06
-86.9655,-2.48E-06
-86.9655,-2.48E-06
-86.9656,-2.48E-06
-86.9656,-2.48E-06
-86.9657,-2.48E-06
-86.9657,-2.48E-06
-86.9658,-2.48E-06
-86.9658,-2.48E-06
-86.9659,-2.48E-06
-86.9659,-2.48E-06
-86.966,-2.48E-06
-86.966,-2.48E-06
-86.9661,-2.48E-06
-86.9661,-2.48E-06
-86.9662,-2.48E-06
-86.9662,-2.48E-06
-86.9663,-2.48E-06
-86.9663,-2.48E-06
-86.9664,-2.48E-06
-86.9664,-2.48E-06
-86.9665,-2.48E-06
-86.9665,-2.48E-06
-86.9666,-2.48E-06
-86.9666,-2.48E-06
-86.9667,-2.48E-06
-86.9667,-2.48E-06
-86.9668,-2.48E-06
-86.9668,-2.48E-06
-86.9669,-2.48E-06
-86.9669,-2.48E-06
-86.9669,-2.48E-06
-86.967,-2.48E-06
-86.967,-2.48E-06
-86.9671,-2.48E-06
-86.9671,-2.48E-06
-86.9672,-2.48E-06
-86.9672,-2.48E-06
-86.9673,-2.48E-06
-86.9673,-2.48E-06
-86.9674,-2.48E-06
-86.9674,-2.48E-06
-86.9675,-2.48E-06
-86.9675,-2.48E-06
-86.9676,-2.48E-06
-86.9676,-2.48E-06
-86.9677,-2.48E-06
-86.9677,-2.48E-06
-86.9678,-2.48E-06
-86.9678,-2.48E-06
-86.9679,-2.48E-06
-86.9679,-2.48E-06
-86.968,-2.48E-06
-86.968,-2.48E-06
-86.9681,-2.48E-06
-86.9681,-2.48E-06
-86.9682,-2.48E-06
-86.9682,-2.48E-06
-86.9683,-2.48E-06
-86.9683,-2.48E-06
-86.9684,-2.48E-06
-86.9684,-2.48E-06
-86.9685,-2.48E-06
-86.9685,-2.48E-06
-86.9686,-2.48E-06
-86.9686,-2.48E-06
-86.9687,-2.48E-06
-86.9687,-2.48E-06
-86.9687,-2.48E-06
-86.9688,-2.48E-06
-86.9688,-2.48E-06
-86.9689,-2.48E-06
-86.9689,-2.48E-06
-86.969,-2.48E-06
-86.969,-2.48E-06
-86.9691,-2.48E-06
-86.9691,-2.48E-06
-86.9692,-2.48E-06
-86.9692,-2.48E-06
-86.9693,-2.48E-06
-86.9693,-2.48E-06
-86.9694,-2.48E-06
-86.9694,-2.48E-06
-86.9695,-2.48E-06
-86.9695,-2.48E-06
-86.9696,-2.48E-06
-86.9696,-2.48E-06
-86.9697,-2.48E-06
-86.9697,-2.48E-06
-86.9698,-2.48E-06
-86.9698,-2.48E-06
-86.9699,-2.48E-06
-86.9699,-2.48E-06
-86.97,-2.48E-06
-86.97,-2.48E-06
-86.9701,-2.48E-06
-86.9701,-2.48E-06
-86.9702,-2.48E-06
-86.9702,-2.48E-06
-86.9702,-2.48E-06
-86.9703,-2.48E-06
-86.9703,-2.48E-06
-86.9704,-2.48E-06
-86.9704,-2.48E-06
-86.9705,-2.48E-06
-86.9705,-2.48E-06
-86.9706,-2.48E-06
-86.9706,-2.48E-06
-86.9707,-2.48E-06
-86.9707,-2.48E-06
-86.9708,-2.48E-06
-86.9708,-2.48E-06
-86.9709,-2.48E-06
-86.9709,-2.48E-06
-86.971,-2.48E-06
-86.971,-2.48E-06
-86.9711,-2.48E-06
-86.9711,-2.48E-06
-86.9712,-2.48E-06
-86.9712,-2.48E-06
-86.9713,-2.48E-06
-86.9713,-2.48E-06
-86.9714,-2.48E-06
-86.9714,-2.48E-06
-86.9715,-2.48E-06
-86.9715,-2.48E-06
-86.9715,-2.48E-06
-86.9716,-2.48E-06
-86.9716,-2.48E-06
-86.9717,-2.48E-06
-86.9717,-2.48E-06
-86.9718,-2.48E-06
-86.9718,-2.48E-06
-86.9719,-2.48E-06
-86.9719,-2.48E-06
-86.972,-2.48E-06
-86.972,-2.48E-06
-86.9721,-2.48E-06
-86.9721,-2.48E-06
-86.9722,-2.48E-06
-86.9722,-2.48E-06
-86.9723,-2.48E-06
-86.9723,-2.48E-06
-86.9724,-2.48E-06
-86.9724,-2.48E-06
-86.9725,-2.48E-06
-86.9725,-2.48E-06
-86.9726,-2.48E-06
-86.9726,-2.48E-06
-86.9727,-2.48E-06
-86.9727,-2.48E-06
-86.9727,-2.48E-06
-86.9728,-2.48E-06
-86.9728,-2.48E-06
-86.9729,-2.48E-06
-86.9729,-2.48E-06
-86.973,-2.48E-06
-86.973,-2.48E-06
-86.9731,-2.48E-06
-86.9731,-2.47E-06
-86.9732,-2.47E-06
-86.9732,-2.47E-06
-86.9733,-2.47E-06
-86.9733,-2.47E-06
-86.9734,-2.47E-06
-86.9734,-2.47E-06
-86.9735,-2.47E-06
-86.9735,-2.47E-06
-86.9736,-2.47E-06
-86.9736,-2.47E-06
-86.9737,-2.47E-06
-86.9737,-2.47E-06
-86.9738,-2.47E-06
-86.9738,-2.47E-06
-86.9738,-2.47E-06
-86.9739,-2.47E-06
-86.9739,-2.47E-06
-86.974,-2.47E-06
-86.974,-2.47E-06
-86.9741,-2.47E-06
-86.9741,-2.47E-06
-86.9742,-2.47E-06
-86.9742,-2.47E-06
-86.9743,-2.47E-06
-86.9743,-2.47E-06
-86.9744,-2.47E-06
-86.9744,-2.47E-06
-86.9745,-2.47E-06
-86.9745,-2.47E-06
-86.9746,-2.47E-06
-86.9746,-2.47E-06
-86.9747,-2.47E-06
-86.9747,-2.47E-06
-86.9748,-2.47E-06
-86.9748,-2.47E-06
-86.9748,-2.47E-06
-86.9749,-2.47E-06
-86.9749,-2.47E-06
-86.975,-2.47E-06
-86.975,-2.47E-06
-86.9751,-2.47E-06
-86.9751,-2.47E-06
-86.9752,-2.47E-06
-86.9752,-2.47E-06
-86.9753,-2.47E-06
-86.9753,-2.47E-06
-86.9754,-2.47E-06
-86.9754,-2.47E-06
-86.9755,-2.47E-06
-86.9755,-2.47E-06
-86.9756,-2.47E-06
-86.9756,-2.47E-06
-86.9757,-2.47E-06
-86.9757,-2.47E-06
-86.9757,-2.47E-06
-86.9758,-2.47E-06
-86.9758,-2.47E-06
-86.9759,-2.47E-06
-86.9759,-2.47E-06
-86.976,-2.47E-06
-86.976,-2.47E-06
-86.9761,-2.47E-06
-86.9761,-2.47E-06
-86.9762,-2.47E-06
-86.9762,-2.47E-06
-86.9763,-2.47E-06
-86.9763,-2.47E-06
-86.9764,-2.47E-06
-86.9764,-2.47E-06
-86.9765,-2.47E-06
-86.9765,-2.47E-06
-86.9766,-2.47E-06
-86.9766,-2.47E-06
-86.9766,-2.47E-06
-86.9767,-2.47E-06
-86.9767,-2.47E-06
-86.9768,-2.47E-06
-86.9768,-2.47E-06
-86.9769,-2.47E-06
-86.9769,-2.47E-06
-86.977,-2.47E-06
-86.977,-2.47E-06
-86.9771,-2.47E-06
-86.9771,-2.47E-06
-86.9772,-2.47E-06
-86.9772,-2.47E-06
-86.9773,-2.47E-06
-86.9773,-2.47E-06
-86.9774,-2.47E-06
-86.9774,-2.47E-06
-86.9774,-2.47E-06
-86.9775,-2.47E-06
-86.9775,-2.47E-06
-86.9776,-2.47E-06
-86.9776,-2.47E-06
-86.9777,-2.47E-06
-86.9777,-2.47E-06
-86.9778,-2.47E-06
-86.9778,-2.47E-06
-86.9779,-2.47E-06
-86.9779,-2.47E-06
-86.978,-2.47E-06
-86.978,-2.47E-06
-86.9781,-2.47E-06
-86.9781,-2.47E-06
-86.9782,-2.47E-06
-86.9782,-2.47E-06
-86.9782,-2.47E-06
-86.9783,-2.47E-06
-86.9783,-2.47E-06
-86.9784,-2.47E-06
-86.9784,-2.47E-06
-86.9785,-2.47E-06
-86.9785,-2.47E-06
-86.9786,-2.47E-06
-86.9786,-2.47E-06
-86.9787,-2.47E-06
-86.9787,-2.47E-06
-86.9788,-2.47E-06
-86.9788,-2.47E-06
-86.9789,-2.47E-06
-86.9789,-2.47E-06
-86.9789,-2.47E-06
-86.979,-2.47E-06
-86.979,-2.47E-06
-86.9791,-2.47E-06
-86.9791,-2.47E-06
-86.9792,-2.47E-06
-86.9792,-2.47E-06
-86.9793,-2.47E-06
-86.9793,-2.47E-06
-86.9794,-2.47E-06
-86.9794,-2.47E-06
-86.9795,-2.47E-06
-86.9795,-2.47E-06
-86.9796,-2.47E-06
-86.9796,-2.47E-06
-86.9797,-2.47E-06
-86.9797,-2.47E-06
-86.9797,-2.47E-06
-86.9798,-2.47E-06
-86.9798,-2.47E-06
-86.9799,-2.47E-06
-86.9799,-2.47E-06
-86.98,-2.47E-06
-86.98,-2.47E-06
-86.9801,-2.47E-06
-86.9801,-2.47E-06
-86.9802,-2.47E-06
-86.9802,-2.47E-06
-86.9803,-2.47E-06
-86.9803,-2.47E-06
-86.9804,-2.47E-06
-86.9804,-2.47E-06
-86.9804,-2.47E-06
-86.9805,-2.47E-06
-86.9805,-2.47E-06
-86.9806,-2.47E-06
-86.9806,-2.47E-06
-86.9807,-2.47E-06
-86.9807,-2.47E-06
-86.9808,-2.47E-06
-86.9808,-2.47E-06
-86.9809,-2.47E-06
-86.9809,-2.47E-06
-86.981,-2.47E-06
-86.981,-2.47E-06
-86.981,-2.47E-06
-86.9811,-2.47E-06
-86.9811,-2.47E-06
-86.9812,-2.47E-06
-86.9812,-2.47E-06
-86.9813,-2.47E-06
-86.9813,-2.47E-06
-86.9814,-2.46E-06
-86.9814,-2.46E-06
-86.9815,-2.46E-06
-86.9815,-2.46E-06
-86.9816,-2.46E-06
-86.9816,-2.46E-06
-86.9817,-2.46E-06
-86.9817,-2.46E-06
-86.9817,-2.46E-06
-86.9818,-2.46E-06
-86.9818,-2.46E-06
-86.9819,-2.46E-06
-86.9819,-2.46E-06
-86.982,-2.46E-06
-86.982,-2.46E-06
-86.9821,-2.46E-06
-86.9821,-2.46E-06
-86.9822,-2.46E-06
-86.9822,-2.46E-06
-86.9823,-2.46E-06
-86.9823,-2.46E-06
-86.9823,-2.46E-06
-86.9824,-2.46E-06
-86.9824,-2.46E-06
-86.9825,-2.46E-06
-86.9825,-2.46E-06
-86.9826,-2.46E-06
-86.9826,-2.46E-06
-86.9827,-2.46E-06
-86.9827,-2.46E-06
-86.9828,-2.46E-06
-86.9828,-2.46E-06
-86.9829,-2.46E-06
-86.9829,-2.46E-06
-86.983,-2.46E-06
-86.983,-2.46E-06
-86.983,-2.46E-06
-86.9831,-2.46E-06
-86.9831,-2.46E-06
-86.9832,-2.46E-06
-86.9832,-2.46E-06
-86.9833,-2.46E-06
-86.9833,-2.46E-06
-86.9834,-2.46E-06
-86.9834,-2.46E-06
-86.9835,-2.46E-06
-86.9835,-2.46E-06
-86.9836,-2.46E-06
-86.9836,-2.46E-06
-86.9836,-2.46E-06
-86.9837,-2.46E-06
-86.9837,-2.46E-06
-86.9838,-2.46E-06
-86.9838,-2.46E-06
-86.9839,-2.46E-06
-86.9839,-2.46E-06
-86.984,-2.46E-06
-86.984,-2.46E-06
-86.9841,-2.46E-06
-86.9841,-2.46E-06
-86.9841,-2.46E-06
-86.9842,-2.46E-06
-86.9842,-2.46E-06
-86.9843,-2.46E-06
-86.9843,-2.46E-06
-86.9844,-2.46E-06
-86.9844,-2.46E-06
-86.9845,-2.46E-06
-86.9845,-2.46E-06
-86.9846,-2.46E-06
-86.9846,-2.46E-06
-86.9847,-2.46E-06
-86.9847,-2.46E-06
-86.9847,-2.46E-06
-86.9848,-2.46E-06
-86.9848,-2.46E-06
-86.9849,-2.46E-06
-86.9849,-2.46E-06
-86.985,-2.46E-06
-86.985,-2.46E-06
-86.9851,-2.46E-06
-86.9851,-2.46E-06
-86.9852,-2.46E-06
-86.9852,-2.46E-06
-86.9853,-2.46E-06
-86.9853,-2.46E-06
-86.9853,-2.46E-06
-86.9854,-2.46E-06
-86.9854,-2.46E-06
-86.9855,-2.46E-06
-86.9855,-2.46E-06
-86.9856,-2.46E-06
-86.9856,-2.46E-06
-86.9857,-2.46E-06
-86.9857,-2.46E-06
-86.9858,-2.46E-06
-86.9858,-2.46E-06
-86.9858,-2.46E-06
-86.9859,-2.46E-06
-86.9859,-2.46E-06
-86.986,-2.46E-06
-86.986,-2.46E-06
-86.9861,-2.46E-06
-86.9861,-2.46E-06
-86.9862,-2.46E-06
-86.9862,-2.46E-06
-86.9863,-2.46E-06
-86.9863,-2.46E-06
-86.9863,-2.46E-06
-86.9864,-2.46E-06
-86.9864,-2.46E-06
-86.9865,-2.46E-06
-86.9865,-2.46E-06
-86.9866,-2.46E-06
-86.9866,-2.46E-06
-86.9867,-2.46E-06
-86.9867,-2.46E-06
-86.9868,-2.46E-06
-86.9868,-2.46E-06
-86.9869,-2.46E-06
-86.9869,-2.46E-06
-86.9869,-2.46E-06
-86.987,-2.46E-06
-86.987,-2.46E-06
-86.9871,-2.46E-06
-86.9871,-2.46E-06
-86.9872,-2.46E-06
-86.9872,-2.46E-06
-86.9873,-2.46E-06
-86.9873,-2.46E-06
-86.9874,-2.46E-06
-86.9874,-2.46E-06
-86.9874,-2.46E-06
-86.9875,-2.46E-06
-86.9875,-2.46E-06
-86.9876,-2.46E-06
-86.9876,-2.46E-06
-86.9877,-2.46E-06
-86.9877,-2.46E-06
-86.9878,-2.46E-06
-86.9878,-2.46E-06
-86.9879,-2.46E-06
-86.9879,-2.46E-06
-86.9879,-2.46E-06
-86.988,-2.46E-06
-86.988,-2.46E-06
-86.9881,-2.46E-06
-86.9881,-2.46E-06
-86.9882,-2.46E-06
-86.9882,-2.46E-06
-86.9883,-2.46E-06
-86.9883,-2.46E-06
-86.9884,-2.46E-06
-86.9884,-2.46E-06
-86.9884,-2.46E-06
-86.9885,-2.46E-06
-86.9885,-2.46E-06
-86.9886,-2.46E-06
-86.9886,-2.46E-06
-86.9887,-2.46E-06
-86.9887,-2.46E-06
-86.9888,-2.46E-06
-86.9888,-2.46E-06
-86.9888,-2.46E-06
-86.9889,-2.46E-06
-86.9889,-2.46E-06
-86.989,-2.46E-06
-86.989,-2.46E-06
-86.9891,-2.46E-06
-86.9891,-2.46E-06
-86.9892,-2.46E-06
-86.9892,-2.46E-06
-86.9893,-2.46E-06
-86.9893,-2.46E-06
-86.9893,-2.46E-06
-86.9894,-2.46E-06
-86.9894,-2.46E-06
-86.9895,-2.46E-06
-86.9895,-2.46E-06
-86.9896,-2.46E-06
-86.9896,-2.46E-06
-86.9897,-2.45E-06
-86.9897,-2.45E-06
-86.9898,-2.45E-06
-86.9898,-2.45E-06
-86.9898,-2.45E-06
-86.9899,-2.45E-06
-86.9899,-2.45E-06
-86.99,-2.45E-06
-86.99,-2.45E-06
-86.9901,-2.45E-06
-86.9901,-2.45E-06
-86.9902,-2.45E-06
-86.9902,-2.45E-06
-86.9902,-2.45E-06
-86.9903,-2.45E-06
-86.9903,-2.45E-06
-86.9904,-2.45E-06
-86.9904,-2.45E-06
-86.9905,-2.45E-06
-86.9905,-2.45E-06
-86.9906,-2.45E-06
-86.9906,-2.45E-06
-86.9907,-2.45E-06
-86.9907,-2.45E-06
-86.9907,-2.45E-06
-86.9908,-2.45E-06
-86.9908,-2.45E-06
-86.9909,-2.45E-06
-86.9909,-2.45E-06
-86.991,-2.45E-06
-86.991,-2.45E-06
-86.9911,-2.45E-06
-86.9911,-2.45E-06
-86.9911,-2.45E-06
-86.9912,-2.45E-06
-86.9912,-2.45E-06
-86.9913,-2.45E-06
-86.9913,-2.45E-06
-86.9914,-2.45E-06
-86.9914,-2.45E-06
-86.9915,-2.45E-06
-86.9915,-2.45E-06
-86.9916,-2.45E-06
-86.9916,-2.45E-06
-86.9916,-2.45E-06
-86.9917,-2.45E-06
-86.9917,-2.45E-06
-86.9918,-2.45E-06
-86.9918,-2.45E-06
-86.9919,-2.45E-06
-86.9919,-2.45E-06
-86.992,-2.45E-06
-86.992,-2.45E-06
-86.992,-2.45E-06
-86.9921,-2.45E-06
-86.9921,-2.45E-06
-86.9922,-2.45E-06
-86.9922,-2.45E-06
-86.9923,-2.45E-06
-86.9923,-2.45E-06
-86.9924,-2.45E-06
-86.9924,-2.45E-06
-86.9924,-2.45E-06
-86.9925,-2.45E-06
-86.9925,-2.45E-06
-86.9926,-2.45E-06
-86.9926,-2.45E-06
-86.9927,-2.45E-06
-86.9927,-2.45E-06
-86.9928,-2.45E-06
-86.9928,-2.45E-06
-86.9928,-2.45E-06
-86.9929,-2.45E-06
-86.9929,-2.45E-06
-86.993,-2.45E-06
-86.993,-2.45E-06
-86.9931,-2.45E-06
-86.9931,-2.45E-06
-86.9932,-2.45E-06
-86.9932,-2.45E-06
-86.9932,-2.45E-06
-86.9933,-2.45E-06
-86.9933,-2.45E-06
-86.9934,-2.45E-06
-86.9934,-2.45E-06
-86.9935,-2.45E-06
-86.9935,-2.45E-06
-86.9936,-2.45E-06
-86.9936,-2.45E-06
-86.9936,-2.45E-06
-86.9937,-2.45E-06
-86.9937,-2.45E-06
-86.9938,-2.45E-06
-86.9938,-2.45E-06
-86.9939,-2.45E-06
-86.9939,-2.45E-06
-86.994,-2.45E-06
-86.994,-2.45E-06
-86.9941,-2.45E-06
-86.9941,-2.45E-06
-86.9941,-2.45E-06
-86.9942,-2.45E-06
-86.9942,-2.45E-06
-86.9943,-2.45E-06
-86.9943,-2.45E-06
-86.9944,-2.45E-06
-86.9944,-2.45E-06
-86.9944,-2.45E-06
-86.9945,-2.45E-06
-86.9945,-2.45E-06
-86.9946,-2.45E-06
-86.9946,-2.45E-06
-86.9947,-2.45E-06
-86.9947,-2.45E-06
-86.9948,-2.45E-06
-86.9948,-2.45E-06
-86.9948,-2.45E-06
-86.9949,-2.45E-06
-86.9949,-2.45E-06
-86.995,-2.45E-06
-86.995,-2.45E-06
-86.9951,-2.45E-06
-86.9951,-2.45E-06
-86.9952,-2.45E-06
-86.9952,-2.45E-06
-86.9952,-2.45E-06
-86.9953,-2.45E-06
-86.9953,-2.45E-06
-86.9954,-2.45E-06
-86.9954,-2.45E-06
-86.9955,-2.45E-06
-86.9955,-2.45E-06
-86.9956,-2.45E-06
-86.9956,-2.45E-06
-86.9956,-2.45E-06
-86.9957,-2.45E-06
-86.9957,-2.45E-06
-86.9958,-2.45E-06
-86.9958,-2.45E-06
-86.9959,-2.45E-06
-86.9959,-2.45E-06
-86.996,-2.45E-06
-86.996,-2.45E-06
-86.996,-2.45E-06
-86.9961,-2.45E-06
-86.9961,-2.45E-06
-86.9962,-2.45E-06
-86.9962,-2.45E-06
-86.9963,-2.45E-06
-86.9963,-2.45E-06
-86.9964,-2.45E-06
-86.9964,-2.45E-06
-86.9964,-2.45E-06
-86.9965,-2.45E-06
-86.9965,-2.45E-06
-86.9966,-2.45E-06
-86.9966,-2.45E-06
-86.9967,-2.45E-06
-86.9967,-2.45E-06
-86.9967,-2.45E-06
-86.9968,-2.45E-06
-86.9968,-2.45E-06
-86.9969,-2.45E-06
-86.9969,-2.45E-06
-86.997,-2.45E-06
-86.997,-2.45E-06
-86.9971,-2.45E-06
-86.9971,-2.45E-06
-86.9971,-2.45E-06
-86.9972,-2.45E-06
-86.9972,-2.45E-06
-86.9973,-2.45E-06
-86.9973,-2.45E-06
-86.9974,-2.45E-06
-86.9974,-2.45E-06
-86.9974,-2.45E-06
-86.9975,-2.45E-06
-86.9975,-2.45E-06
-86.9976,-2.45E-06
-86.9976,-2.45E-06
-86.9977,-2.45E-06
-86.9977,-2.45E-06
-86.9978,-2.45E-06
-86.9978,-2.45E-06
-86.9978,-2.45E-06
-86.9979,-2.45E-06
-86.9979,-2.45E-06
-86.998,-2.44E-06
-86.998,-2.44E-06
-86.9981,-2.44E-06
-86.9981,-2.44E-06
-86.9982,-2.44E-06
-86.9982,-2.44E-06
-86.9982,-2.44E-06
-86.9983,-2.44E-06
-86.9983,-2.44E-06
-86.9984,-2.44E-06
-86.9984,-2.44E-06
-86.9985,-2.44E-06
-86.9985,-2.44E-06
-86.9985,-2.44E-06
-86.9986,-2.44E-06
-86.9986,-2.44E-06
-86.9987,-2.44E-06
-86.9987,-2.44E-06
-86.9988,-2.44E-06
-86.9988,-2.44E-06
-86.9989,-2.44E-06
-86.9989,-2.44E-06
-86.9989,-2.44E-06
-86.999,-2.44E-06
-86.999,-2.44E-06
-86.9991,-2.44E-06
-86.9991,-2.44E-06
-86.9992,-2.44E-06
-86.9992,-2.44E-06
-86.9992,-2.44E-06
-86.9993,-2.44E-06
-86.9993,-2.44E-06
-86.9994,-2.44E-06
-86.9994,-2.44E-06
-86.9995,-2.44E-06
-86.9995,-2.44E-06
-86.9995,-2.44E-06
-86.9996,-2.44E-06
-86.9996,-2.44E-06
-86.9997,-2.44E-06
-86.9997,-2.44E-06
-86.9998,-2.44E-06
-86.9998,-2.44E-06
-86.9999,-2.44E-06
-86.9999,-2.44E-06
-86.9999,-2.44E-06
-87,-2.44E-06
-87,-2.44E-06
-87.0001,-2.44E-06
-87.0001,-2.44E-06
-87.0002,-2.44E-06
-87.0002,-2.44E-06
-87.0002,-2.44E-06
-87.0003,-2.44E-06
-87.0003,-2.44E-06
-87.0004,-2.44E-06
-87.0004,-2.44E-06
-87.0005,-2.44E-06
-87.0005,-2.44E-06
-87.0005,-2.44E-06
-87.0006,-2.44E-06
-87.0006,-2.44E-06
-87.0007,-2.44E-06
-87.0007,-2.44E-06
-87.0008,-2.44E-06
-87.0008,-2.44E-06
-87.0009,-2.44E-06
-87.0009,-2.44E-06
-87.0009,-2.44E-06
-87.001,-2.44E-06
-87.001,-2.44E-06
-87.0011,-2.44E-06
-87.0011,-2.44E-06
-87.0012,-2.44E-06
-87.0012,-2.44E-06
-87.0012,-2.44E-06
-87.0013,-2.44E-06
-87.0013,-2.44E-06
-87.0014,-2.44E-06
-87.0014,-2.44E-06
-87.0015,-2.44E-06
-87.0015,-2.44E-06
-87.0015,-2.44E-06
-87.0016,-2.44E-06
-87.0016,-2.44E-06
-87.0017,-2.44E-06
-87.0017,-2.44E-06
-87.0018,-2.44E-06
-87.0018,-2.44E-06
-87.0018,-2.44E-06
-87.0019,-2.44E-06
-87.0019,-2.44E-06
-87.002,-2.44E-06
-87.002,-2.44E-06
-87.0021,-2.44E-06
-87.0021,-2.44E-06
-87.0021,-2.44E-06
-87.0022,-2.44E-06
-87.0022,-2.44E-06
-87.0023,-2.44E-06
-87.0023,-2.44E-06
-87.0024,-2.44E-06
-87.0024,-2.44E-06
-87.0025,-2.44E-06
-87.0025,-2.44E-06
-87.0025,-2.44E-06
-87.0026,-2.44E-06
-87.0026,-2.44E-06
-87.0027,-2.44E-06
-87.0027,-2.44E-06
-87.0028,-2.44E-06
-87.0028,-2.44E-06
-87.0028,-2.44E-06
-87.0029,-2.44E-06
-87.0029,-2.44E-06
-87.003,-2.44E-06
-87.003,-2.44E-06
-87.0031,-2.44E-06
-87.0031,-2.44E-06
-87.0031,-2.44E-06
-87.0032,-2.44E-06
-87.0032,-2.44E-06
-87.0033,-2.44E-06
-87.0033,-2.44E-06
-87.0034,-2.44E-06
-87.0034,-2.44E-06
-87.0034,-2.44E-06
-87.0035,-2.44E-06
-87.0035,-2.44E-06
-87.0036,-2.44E-06
-87.0036,-2.44E-06
-87.0037,-2.44E-06
-87.0037,-2.44E-06
-87.0037,-2.44E-06
-87.0038,-2.44E-06
-87.0038,-2.44E-06
-87.0039,-2.44E-06
-87.0039,-2.44E-06
-87.004,-2.44E-06
-87.004,-2.44E-06
-87.004,-2.44E-06
-87.0041,-2.44E-06
-87.0041,-2.44E-06
-87.0042,-2.44E-06
-87.0042,-2.44E-06
-87.0043,-2.44E-06
-87.0043,-2.44E-06
-87.0043,-2.44E-06
-87.0044,-2.44E-06
-87.0044,-2.44E-06
-87.0045,-2.44E-06
-87.0045,-2.44E-06
-87.0046,-2.44E-06
-87.0046,-2.44E-06
-87.0046,-2.44E-06
-87.0047,-2.44E-06
-87.0047,-2.44E-06
-87.0048,-2.44E-06
-87.0048,-2.44E-06
-87.0049,-2.44E-06
-87.0049,-2.44E-06
-87.0049,-2.44E-06
-87.005,-2.44E-06
-87.005,-2.44E-06
-87.0051,-2.44E-06
-87.0051,-2.44E-06
-87.0052,-2.44E-06
-87.0052,-2.44E-06
-87.0052,-2.44E-06
-87.0053,-2.44E-06
-87.0053,-2.44E-06
-87.0054,-2.44E-06
-87.0054,-2.44E-06
-87.0055,-2.44E-06
-87.0055,-2.44E-06
-87.0055,-2.44E-06
-87.0056,-2.44E-06
-87.0056,-2.44E-06
-87.0057,-2.44E-06
-87.0057,-2.44E-06
-87.0057,-2.44E-06
-87.0058,-2.44E-06
-87.0058,-2.44E-06
-87.0059,-2.44E-06
-87.0059,-2.44E-06
-87.006,-2.44E-06
-87.006,-2.44E-06
-87.006,-2.44E-06
-87.0061,-2.44E-06
-87.0061,-2.44E-06
-87.0062,-2.44E-06
-87.0062,-2.44E-06
-87.0063,-2.44E-06
-87.0063,-2.43E-06
-87.0063,-2.43E-06
-87.0064,-2.43E-06
-87.0064,-2.43E-06
-87.0065,-2.43E-06
-87.0065,-2.43E-06
-87.0066,-2.43E-06
-87.0066,-2.43E-06
-87.0066,-2.43E-06
-87.0067,-2.43E-06
-87.0067,-2.43E-06
-87.0068,-2.43E-06
-87.0068,-2.43E-06
-87.0069,-2.43E-06
-87.0069,-2.43E-06
-87.0069,-2.43E-06
-87.007,-2.43E-06
-87.007,-2.43E-06
-87.0071,-2.43E-06
-87.0071,-2.43E-06
-87.0072,-2.43E-06
-87.0072,-2.43E-06
-87.0072,-2.43E-06
-87.0073,-2.43E-06
-87.0073,-2.43E-06
-87.0074,-2.43E-06
-87.0074,-2.43E-06
-87.0074,-2.43E-06
-87.0075,-2.43E-06
-87.0075,-2.43E-06
-87.0076,-2.43E-06
-87.0076,-2.43E-06
-87.0077,-2.43E-06
-87.0077,-2.43E-06
-87.0077,-2.43E-06
-87.0078,-2.43E-06
-87.0078,-2.43E-06
-87.0079,-2.43E-06
-87.0079,-2.43E-06
-87.008,-2.43E-06
-87.008,-2.43E-06
-87.008,-2.43E-06
-87.0081,-2.43E-06
-87.0081,-2.43E-06
-87.0082,-2.43E-06
-87.0082,-2.43E-06
-87.0083,-2.43E-06
-87.0083,-2.43E-06
-87.0083,-2.43E-06
-87.0084,-2.43E-06
-87.0084,-2.43E-06
-87.0085,-2.43E-06
-87.0085,-2.43E-06
-87.0085,-2.43E-06
-87.0086,-2.43E-06
-87.0086,-2.43E-06
-87.0087,-2.43E-06
-87.0087,-2.43E-06
-87.0088,-2.43E-06
-87.0088,-2.43E-06
-87.0088,-2.43E-06
-87.0089,-2.43E-06
-87.0089,-2.43E-06
-87.009,-2.43E-06
-87.009,-2.43E-06
-87.0091,-2.43E-06
-87.0091,-2.43E-06
-87.0091,-2.43E-06
-87.0092,-2.43E-06
-87.0092,-2.43E-06
-87.0093,-2.43E-06
-87.0093,-2.43E-06
-87.0093,-2.43E-06
-87.0094,-2.43E-06
-87.0094,-2.43E-06
-87.0095,-2.43E-06
-87.0095,-2.43E-06
-87.0096,-2.43E-06
-87.0096,-2.43E-06
-87.0096,-2.43E-06
-87.0097,-2.43E-06
-87.0097,-2.43E-06
-87.0098,-2.43E-06
-87.0098,-2.43E-06
-87.0098,-2.43E-06
-87.0099,-2.43E-06
-87.0099,-2.43E-06
-87.01,-2.43E-06
-87.01,-2.43E-06
-87.0101,-2.43E-06
-87.0101,-2.43E-06
-87.0101,-2.43E-06
-87.0102,-2.43E-06
-87.0102,-2.43E-06
-87.0103,-2.43E-06
-87.0103,-2.43E-06
-87.0104,-2.43E-06
-87.0104,-2.43E-06
-87.0104,-2.43E-06
-87.0105,-2.43E-06
-87.0105,-2.43E-06
-87.0106,-2.43E-06
-87.0106,-2.43E-06
-87.0106,-2.43E-06
-87.0107,-2.43E-06
-87.0107,-2.43E-06
-87.0108,-2.43E-06
-87.0108,-2.43E-06
-87.0109,-2.43E-06
-87.0109,-2.43E-06
-87.0109,-2.43E-06
-87.011,-2.43E-06
-87.011,-2.43E-06
-87.0111,-2.43E-06
-87.0111,-2.43E-06
-87.0111,-2.43E-06
-87.0112,-2.43E-06
-87.0112,-2.43E-06
-87.0113,-2.43E-06
-87.0113,-2.43E-06
-87.0114,-2.43E-06
-87.0114,-2.43E-06
-87.0114,-2.43E-06
-87.0115,-2.43E-06
-87.0115,-2.43E-06
-87.0116,-2.43E-06
-87.0116,-2.43E-06
-87.0116,-2.43E-06
-87.0117,-2.43E-06
-87.0117,-2.43E-06
-87.0118,-2.43E-06
-87.0118,-2.43E-06
-87.0119,-2.43E-06
-87.0119,-2.43E-06
-87.0119,-2.43E-06
-87.012,-2.43E-06
-87.012,-2.43E-06
-87.0121,-2.43E-06
-87.0121,-2.43E-06
-87.0121,-2.43E-06
-87.0122,-2.43E-06
-87.0122,-2.43E-06
-87.0123,-2.43E-06
-87.0123,-2.43E-06
-87.0124,-2.43E-06
-87.0124,-2.43E-06
-87.0124,-2.43E-06
-87.0125,-2.43E-06
-87.0125,-2.43E-06
-87.0126,-2.43E-06
-87.0126,-2.43E-06
-87.0126,-2.43E-06
-87.0127,-2.43E-06
-87.0127,-2.43E-06
-87.0128,-2.43E-06
-87.0128,-2.43E-06
-87.0129,-2.43E-06
-87.0129,-2.43E-06
-87.0129,-2.43E-06
-87.013,-2.43E-06
-87.013,-2.43E-06
-87.0131,-2.43E-06
-87.0131,-2.43E-06
-87.0131,-2.43E-06
-87.0132,-2.43E-06
-87.0132,-2.43E-06
-87.0133,-2.43E-06
-87.0133,-2.43E-06
-87.0133,-2.43E-06
-87.0134,-2.43E-06
-87.0134,-2.43E-06
-87.0135,-2.43E-06
-87.0135,-2.43E-06
-87.0136,-2.43E-06
-87.0136,-2.43E-06
-87.0136,-2.43E-06
-87.0137,-2.43E-06
-87.0137,-2.43E-06
-87.0138,-2.43E-06
-87.0138,-2.43E-06
-87.0138,-2.43E-06
-87.0139,-2.43E-06
-87.0139,-2.43E-06
-87.014,-2.43E-06
-87.014,-2.43E-06
-87.0141,-2.43E-06
-87.0141,-2.43E-06
-87.0141,-2.43E-06
-87.0142,-2.43E-06
-87.0142,-2.43E-06
-87.0143,-2.43E-06
-87.0143,-2.43E-06
-87.0143,-2.43E-06
-87.0144,-2.43E-06
-87.0144,-2.43E-06
-87.0145,-2.43E-06
-87.0145,-2.43E-06
-87.0145,-2.43E-06
-87.0146,-2.43E-06
-87.0146,-2.43E-06
-87.0147,-2.42E-06
-87.0147,-2.42E-06
-87.0148,-2.42E-06
-87.0148,-2.42E-06
-87.0148,-2.42E-06
-87.0149,-2.42E-06
-87.0149,-2.42E-06
-87.015,-2.42E-06
-87.015,-2.42E-06
-87.015,-2.42E-06
-87.0151,-2.42E-06
-87.0151,-2.42E-06
-87.0152,-2.42E-06
-87.0152,-2.42E-06
-87.0152,-2.42E-06
-87.0153,-2.42E-06
-87.0153,-2.42E-06
-87.0154,-2.42E-06
-87.0154,-2.42E-06
-87.0155,-2.42E-06
-87.0155,-2.42E-06
-87.0155,-2.42E-06
-87.0156,-2.42E-06
-87.0156,-2.42E-06
-87.0157,-2.42E-06
-87.0157,-2.42E-06
-87.0157,-2.42E-06
-87.0158,-2.42E-06
-87.0158,-2.42E-06
-87.0159,-2.42E-06
-87.0159,-2.42E-06
-87.0159,-2.42E-06
-87.016,-2.42E-06
-87.016,-2.42E-06
-87.0161,-2.42E-06
-87.0161,-2.42E-06
-87.0161,-2.42E-06
-87.0162,-2.42E-06
-87.0162,-2.42E-06
-87.0163,-2.42E-06
-87.0163,-2.42E-06
-87.0164,-2.42E-06
-87.0164,-2.42E-06
-87.0164,-2.42E-06
-87.0165,-2.42E-06
-87.0165,-2.42E-06
-87.0166,-2.42E-06
-87.0166,-2.42E-06
-87.0166,-2.42E-06
-87.0167,-2.42E-06
-87.0167,-2.42E-06
-87.0168,-2.42E-06
-87.0168,-2.42E-06
-87.0168,-2.42E-06
-87.0169,-2.42E-06
-87.0169,-2.42E-06
-87.017,-2.42E-06
-87.017,-2.42E-06
-87.017,-2.42E-06
-87.0171,-2.42E-06
-87.0171,-2.42E-06
-87.0172,-2.42E-06
-87.0172,-2.42E-06
-87.0173,-2.42E-06
-87.0173,-2.42E-06
-87.0173,-2.42E-06
-87.0174,-2.42E-06
-87.0174,-2.42E-06
-87.0175,-2.42E-06
-87.0175,-2.42E-06
-87.0175,-2.42E-06
-87.0176,-2.42E-06
-87.0176,-2.42E-06
-87.0177,-2.42E-06
-87.0177,-2.42E-06
-87.0177,-2.42E-06
-87.0178,-2.42E-06
-87.0178,-2.42E-06
-87.0179,-2.42E-06
-87.0179,-2.42E-06
-87.0179,-2.42E-06
-87.018,-2.42E-06
-87.018,-2.42E-06
-87.0181,-2.42E-06
-87.0181,-2.42E-06
-87.0181,-2.42E-06
-87.0182,-2.42E-06
-87.0182,-2.42E-06
-87.0183,-2.42E-06
-87.0183,-2.42E-06
-87.0183,-2.42E-06
-87.0184,-2.42E-06
-87.0184,-2.42E-06
-87.0185,-2.42E-06
-87.0185,-2.42E-06
-87.0186,-2.42E-06
-87.0186,-2.42E-06
-87.0186,-2.42E-06
-87.0187,-2.42E-06
-87.0187,-2.42E-06
-87.0188,-2.42E-06
-87.0188,-2.42E-06
-87.0188,-2.42E-06
-87.0189,-2.42E-06
-87.0189,-2.42E-06
-87.019,-2.42E-06
-87.019,-2.42E-06
-87.019,-2.42E-06
-87.0191,-2.42E-06
-87.0191,-2.42E-06
-87.0192,-2.42E-06
-87.0192,-2.42E-06
-87.0192,-2.42E-06
-87.0193,-2.42E-06
-87.0193,-2.42E-06
-87.0194,-2.42E-06
-87.0194,-2.42E-06
-87.0194,-2.42E-06
-87.0195,-2.42E-06
-87.0195,-2.42E-06
-87.0196,-2.42E-06
-87.0196,-2.42E-06
-87.0196,-2.42E-06
-87.0197,-2.42E-06
-87.0197,-2.42E-06
-87.0198,-2.42E-06
-87.0198,-2.42E-06
-87.0198,-2.42E-06
-87.0199,-2.42E-06
-87.0199,-2.42E-06
-87.02,-2.42E-06
-87.02,-2.42E-06
-87.0201,-2.42E-06
-87.0201,-2.42E-06
-87.0201,-2.42E-06
-87.0202,-2.42E-06
-87.0202,-2.42E-06
-87.0203,-2.42E-06
-87.0203,-2.42E-06
-87.0203,-2.42E-06
-87.0204,-2.42E-06
-87.0204,-2.42E-06
-87.0205,-2.42E-06
-87.0205,-2.42E-06
-87.0205,-2.42E-06
-87.0206,-2.42E-06
-87.0206,-2.42E-06
-87.0207,-2.42E-06
-87.0207,-2.42E-06
-87.0207,-2.42E-06
-87.0208,-2.42E-06
-87.0208,-2.42E-06
-87.0209,-2.42E-06
-87.0209,-2.42E-06
-87.0209,-2.42E-06
-87.021,-2.42E-06
-87.021,-2.42E-06
-87.0211,-2.42E-06
-87.0211,-2.42E-06
-87.0211,-2.42E-06
-87.0212,-2.42E-06
-87.0212,-2.42E-06
-87.0213,-2.42E-06
-87.0213,-2.42E-06
-87.0213,-2.42E-06
-87.0214,-2.42E-06
-87.0214,-2.42E-06
-87.0215,-2.42E-06
-87.0215,-2.42E-06
-87.0215,-2.42E-06
-87.0216,-2.42E-06
-87.0216,-2.42E-06
-87.0217,-2.42E-06
-87.0217,-2.42E-06
-87.0217,-2.42E-06
-87.0218,-2.42E-06
-87.0218,-2.42E-06
-87.0219,-2.42E-06
-87.0219,-2.42E-06
-87.0219,-2.42E-06
-87.022,-2.42E-06
-87.022,-2.42E-06
-87.0221,-2.42E-06
-87.0221,-2.42E-06
-87.0221,-2.42E-06
-87.0222,-2.42E-06
-87.0222,-2.42E-06
-87.0223,-2.42E-06
-87.0223,-2.42E-06
-87.0223,-2.42E-06
-87.0224,-2.42E-06
-87.0224,-2.42E-06
-87.0225,-2.42E-06
-87.0225,-2.42E-06
-87.0225,-2.42E-06
-87.0226,-2.42E-06
-87.0226,-2.42E-06
-87.0227,-2.42E-06
-87.0227,-2.42E-06
-87.0227,-2.42E-06
-87.0228,-2.42E-06
-87.0228,-2.42E-06
-87.0229,-2.42E-06
-87.0229,-2.42E-06
-87.0229,-2.42E-06
-87.023,-2.42E-06
-87.023,-2.42E-06
-87.0231,-2.42E-06
-87.0231,-2.41E-06
-87.0231,-2.41E-06
-87.0232,-2.41E-06
-87.0232,-2.41E-06
-87.0233,-2.41E-06
-87.0233,-2.41E-06
-87.0233,-2.41E-06
-87.0234,-2.41E-06
-87.0234,-2.41E-06
-87.0235,-2.41E-06
-87.0235,-2.41E-06
-87.0235,-2.41E-06
-87.0236,-2.41E-06
-87.0236,-2.41E-06
-87.0237,-2.41E-06
-87.0237,-2.41E-06
-87.0237,-2.41E-06
-87.0238,-2.41E-06
-87.0238,-2.41E-06
-87.0239,-2.41E-06
-87.0239,-2.41E-06
-87.0239,-2.41E-06
-87.024,-2.41E-06
-87.024,-2.41E-06
-87.0241,-2.41E-06
-87.0241,-2.41E-06
-87.0241,-2.41E-06
-87.0242,-2.41E-06
-87.0242,-2.41E-06
-87.0243,-2.41E-06
-87.0243,-2.41E-06
-87.0243,-2.41E-06
-87.0244,-2.41E-06
-87.0244,-2.41E-06
-87.0245,-2.41E-06
-87.0245,-2.41E-06
-87.0245,-2.41E-06
-87.0246,-2.41E-06
-87.0246,-2.41E-06
-87.0246,-2.41E-06
-87.0247,-2.41E-06
-87.0247,-2.41E-06
-87.0248,-2.41E-06
-87.0248,-2.41E-06
-87.0248,-2.41E-06
-87.0249,-2.41E-06
-87.0249,-2.41E-06
-87.025,-2.41E-06
-87.025,-2.41E-06
-87.025,-2.41E-06
-87.0251,-2.41E-06
-87.0251,-2.41E-06
-87.0252,-2.41E-06
-87.0252,-2.41E-06
-87.0252,-2.41E-06
-87.0253,-2.41E-06
-87.0253,-2.41E-06
-87.0254,-2.41E-06
-87.0254,-2.41E-06
-87.0254,-2.41E-06
-87.0255,-2.41E-06
-87.0255,-2.41E-06
-87.0256,-2.41E-06
-87.0256,-2.41E-06
-87.0256,-2.41E-06
-87.0257,-2.41E-06
-87.0257,-2.41E-06
-87.0258,-2.41E-06
-87.0258,-2.41E-06
-87.0258,-2.41E-06
-87.0259,-2.41E-06
-87.0259,-2.41E-06
-87.026,-2.41E-06
-87.026,-2.41E-06
-87.026,-2.41E-06
-87.0261,-2.41E-06
-87.0261,-2.41E-06
-87.0262,-2.41E-06
-87.0262,-2.41E-06
-87.0262,-2.41E-06
-87.0263,-2.41E-06
-87.0263,-2.41E-06
-87.0263,-2.41E-06
-87.0264,-2.41E-06
-87.0264,-2.41E-06
-87.0265,-2.41E-06
-87.0265,-2.41E-06
-87.0265,-2.41E-06
-87.0266,-2.41E-06
-87.0266,-2.41E-06
-87.0267,-2.41E-06
-87.0267,-2.41E-06
-87.0267,-2.41E-06
-87.0268,-2.41E-06
-87.0268,-2.41E-06
-87.0269,-2.41E-06
-87.0269,-2.41E-06
-87.0269,-2.41E-06
-87.027,-2.41E-06
-87.027,-2.41E-06
-87.0271,-2.41E-06
-87.0271,-2.41E-06
-87.0271,-2.41E-06
-87.0272,-2.41E-06
-87.0272,-2.41E-06
-87.0273,-2.41E-06
-87.0273,-2.41E-06
-87.0273,-2.41E-06
-87.0274,-2.41E-06
-87.0274,-2.41E-06
-87.0274,-2.41E-06
-87.0275,-2.41E-06
-87.0275,-2.41E-06
-87.0276,-2.41E-06
-87.0276,-2.41E-06
-87.0276,-2.41E-06
-87.0277,-2.41E-06
-87.0277,-2.41E-06
-87.0278,-2.41E-06
-87.0278,-2.41E-06
-87.0278,-2.41E-06
-87.0279,-2.41E-06
-87.0279,-2.41E-06
-87.028,-2.41E-06
-87.028,-2.41E-06
-87.028,-2.41E-06
-87.0281,-2.41E-06
-87.0281,-2.41E-06
-87.0282,-2.41E-06
-87.0282,-2.41E-06
-87.0282,-2.41E-06
-87.0283,-2.41E-06
-87.0283,-2.41E-06
-87.0283,-2.41E-06
-87.0284,-2.41E-06
-87.0284,-2.41E-06
-87.0285,-2.41E-06
-87.0285,-2.41E-06
-87.0285,-2.41E-06
-87.0286,-2.41E-06
-87.0286,-2.41E-06
-87.0287,-2.41E-06
-87.0287,-2.41E-06
-87.0287,-2.41E-06
-87.0288,-2.41E-06
-87.0288,-2.41E-06
-87.0289,-2.41E-06
-87.0289,-2.41E-06
-87.0289,-2.41E-06
-87.029,-2.41E-06
-87.029,-2.41E-06
-87.0291,-2.41E-06
-87.0291,-2.41E-06
-87.0291,-2.41E-06
-87.0292,-2.41E-06
-87.0292,-2.41E-06
-87.0292,-2.41E-06
-87.0293,-2.41E-06
-87.0293,-2.41E-06
-87.0294,-2.41E-06
-87.0294,-2.41E-06
-87.0294,-2.41E-06
-87.0295,-2.41E-06
-87.0295,-2.41E-06
-87.0296,-2.41E-06
-87.0296,-2.41E-06
-87.0296,-2.41E-06
-87.0297,-2.41E-06
-87.0297,-2.41E-06
-87.0298,-2.41E-06
-87.0298,-2.41E-06
-87.0298,-2.41E-06
-87.0299,-2.41E-06
-87.0299,-2.41E-06
-87.0299,-2.41E-06
-87.03,-2.41E-06
-87.03,-2.41E-06
-87.0301,-2.41E-06
-87.0301,-2.41E-06
-87.0301,-2.41E-06
-87.0302,-2.41E-06
-87.0302,-2.41E-06
-87.0303,-2.41E-06
-87.0303,-2.41E-06
-87.0303,-2.41E-06
-87.0304,-2.41E-06
-87.0304,-2.41E-06
-87.0304,-2.41E-06
-87.0305,-2.41E-06
-87.0305,-2.41E-06
-87.0306,-2.41E-06
-87.0306,-2.41E-06
-87.0306,-2.41E-06
-87.0307,-2.41E-06
-87.0307,-2.41E-06
-87.0308,-2.41E-06
-87.0308,-2.41E-06
-87.0308,-2.41E-06
-87.0309,-2.41E-06
-87.0309,-2.41E-06
-87.031,-2.41E-06
-87.031,-2.41E-06
-87.031,-2.41E-06
-87.0311,-2.41E-06
-87.0311,-2.41E-06
-87.0311,-2.41E-06
-87.0312,-2.41E-06
-87.0312,-2.41E-06
-87.0313,-2.41E-06
-87.0313,-2.41E-06
-87.0313,-2.41E-06
-87.0314,-2.41E-06
-87.0314,-2.41E-06
-87.0315,-2.41E-06
-87.0315,-2.41E-06
-87.0315,-2.40E-06
-87.0316,-2.40E-06
-87.0316,-2.40E-06
-87.0316,-2.40E-06
-87.0317,-2.40E-06
-87.0317,-2.40E-06
-87.0318,-2.40E-06
-87.0318,-2.40E-06
-87.0318,-2.40E-06
-87.0319,-2.40E-06
-87.0319,-2.40E-06
-87.032,-2.40E-06
-87.032,-2.40E-06
-87.032,-2.40E-06
-87.0321,-2.40E-06
-87.0321,-2.40E-06
-87.0321,-2.40E-06
-87.0322,-2.40E-06
-87.0322,-2.40E-06
-87.0323,-2.40E-06
-87.0323,-2.40E-06
-87.0323,-2.40E-06
-87.0324,-2.40E-06
-87.0324,-2.40E-06
-87.0325,-2.40E-06
-87.0325,-2.40E-06
-87.0325,-2.40E-06
-87.0326,-2.40E-06
-87.0326,-2.40E-06
-87.0326,-2.40E-06
-87.0327,-2.40E-06
-87.0327,-2.40E-06
-87.0328,-2.40E-06
-87.0328,-2.40E-06
-87.0328,-2.40E-06
-87.0329,-2.40E-06
-87.0329,-2.40E-06
-87.033,-2.40E-06
-87.033,-2.40E-06
-87.033,-2.40E-06
-87.0331,-2.40E-06
-87.0331,-2.40E-06
-87.0331,-2.40E-06
-87.0332,-2.40E-06
-87.0332,-2.40E-06
-87.0333,-2.40E-06
-87.0333,-2.40E-06
-87.0333,-2.40E-06
-87.0334,-2.40E-06
-87.0334,-2.40E-06
-87.0335,-2.40E-06
-87.0335,-2.40E-06
-87.0335,-2.40E-06
-87.0336,-2.40E-06
-87.0336,-2.40E-06
-87.0336,-2.40E-06
-87.0337,-2.40E-06
-87.0337,-2.40E-06
-87.0338,-2.40E-06
-87.0338,-2.40E-06
-87.0338,-2.40E-06
-87.0339,-2.40E-06
-87.0339,-2.40E-06
-87.034,-2.40E-06
-87.034,-2.40E-06
-87.034,-2.40E-06
-87.0341,-2.40E-06
-87.0341,-2.40E-06
-87.0341,-2.40E-06
-87.0342,-2.40E-06
-87.0342,-2.40E-06
-87.0343,-2.40E-06
-87.0343,-2.40E-06
-87.0343,-2.40E-06
-87.0344,-2.40E-06
-87.0344,-2.40E-06
-87.0344,-2.40E-06
-87.0345,-2.40E-06
-87.0345,-2.40E-06
-87.0346,-2.40E-06
-87.0346,-2.40E-06
-87.0346,-2.40E-06
-87.0347,-2.40E-06
-87.0347,-2.40E-06
-87.0348,-2.40E-06
-87.0348,-2.40E-06
-87.0348,-2.40E-06
-87.0349,-2.40E-06
-87.0349,-2.40E-06
-87.0349,-2.40E-06
-87.035,-2.40E-06
-87.035,-2.40E-06
-87.0351,-2.40E-06
-87.0351,-2.40E-06
-87.0351,-2.40E-06
-87.0352,-2.40E-06
-87.0352,-2.40E-06
-87.0352,-2.40E-06
-87.0353,-2.40E-06
-87.0353,-2.40E-06
-87.0354,-2.40E-06
-87.0354,-2.40E-06
-87.0354,-2.40E-06
-87.0355,-2.40E-06
-87.0355,-2.40E-06
-87.0356,-2.40E-06
-87.0356,-2.40E-06
-87.0356,-2.40E-06
-87.0357,-2.40E-06
-87.0357,-2.40E-06
-87.0357,-2.40E-06
-87.0358,-2.40E-06
-87.0358,-2.40E-06
-87.0359,-2.40E-06
-87.0359,-2.40E-06
-87.0359,-2.40E-06
-87.036,-2.40E-06
-87.036,-2.40E-06
-87.036,-2.40E-06
-87.0361,-2.40E-06
-87.0361,-2.40E-06
-87.0362,-2.40E-06
-87.0362,-2.40E-06
-87.0362,-2.40E-06
-87.0363,-2.40E-06
-87.0363,-2.40E-06
-87.0363,-2.40E-06
-87.0364,-2.40E-06
-87.0364,-2.40E-06
-87.0365,-2.40E-06
-87.0365,-2.40E-06
-87.0365,-2.40E-06
-87.0366,-2.40E-06
-87.0366,-2.40E-06
-87.0367,-2.40E-06
-87.0367,-2.40E-06
-87.0367,-2.40E-06
-87.0368,-2.40E-06
-87.0368,-2.40E-06
-87.0368,-2.40E-06
-87.0369,-2.40E-06
-87.0369,-2.40E-06
-87.037,-2.40E-06
-87.037,-2.40E-06
-87.037,-2.40E-06
-87.0371,-2.40E-06
-87.0371,-2.40E-06
-87.0371,-2.40E-06
-87.0372,-2.40E-06
-87.0372,-2.40E-06
-87.0373,-2.40E-06
-87.0373,-2.40E-06
-87.0373,-2.40E-06
-87.0374,-2.40E-06
-87.0374,-2.40E-06
-87.0374,-2.40E-06
-87.0375,-2.40E-06
-87.0375,-2.40E-06
-87.0376,-2.40E-06
-87.0376,-2.40E-06
-87.0376,-2.40E-06
-87.0377,-2.40E-06
-87.0377,-2.40E-06
-87.0377,-2.40E-06
-87.0378,-2.40E-06
-87.0378,-2.40E-06
-87.0379,-2.40E-06
-87.0379,-2.40E-06
-87.0379,-2.40E-06
-87.038,-2.40E-06
-87.038,-2.40E-06
-87.038,-2.40E-06
-87.0381,-2.40E-06
-87.0381,-2.40E-06
-87.0382,-2.40E-06
-87.0382,-2.40E-06
-87.0382,-2.40E-06
-87.0383,-2.40E-06
-87.0383,-2.40E-06
-87.0383,-2.40E-06
-87.0384,-2.40E-06
-87.0384,-2.40E-06
-87.0385,-2.40E-06
-87.0385,-2.40E-06
-87.0385,-2.40E-06
-87.0386,-2.40E-06
-87.0386,-2.40E-06
-87.0386,-2.40E-06
-87.0387,-2.40E-06
-87.0387,-2.40E-06
-87.0388,-2.40E-06
-87.0388,-2.40E-06
-87.0388,-2.40E-06
-87.0389,-2.40E-06
-87.0389,-2.40E-06
-87.0389,-2.40E-06
-87.039,-2.40E-06
-87.039,-2.40E-06
-87.0391,-2.40E-06
-87.0391,-2.40E-06
-87.0391,-2.40E-06
-87.0392,-2.40E-06
-87.0392,-2.40E-06
-87.0392,-2.40E-06
-87.0393,-2.40E-06
-87.0393,-2.40E-06
-87.0394,-2.40E-06
-87.0394,-2.40E-06
-87.0394,-2.40E-06
-87.0395,-2.40E-06
-87.0395,-2.40E-06
-87.0395,-2.40E-06
-87.0396,-2.40E-06
-87.0396,-2.40E-06
-87.0397,-2.40E-06
-87.0397,-2.40E-06
-87.0397,-2.40E-06
-87.0398,-2.40E-06
-87.0398,-2.40E-06
-87.0398,-2.40E-06
-87.0399,-2.40E-06
-87.0399,-2.40E-06
-87.04,-2.40E-06
-87.04,-2.39E-06
-87.04,-2.39E-06
-87.0401,-2.39E-06
-87.0401,-2.39E-06
-87.0401,-2.39E-06
-87.0402,-2.39E-06
-87.0402,-2.39E-06
-87.0403,-2.39E-06
-87.0403,-2.39E-06
-87.0403,-2.39E-06
-87.0404,-2.39E-06
-87.0404,-2.39E-06
-87.0404,-2.39E-06
-87.0405,-2.39E-06
-87.0405,-2.39E-06
-87.0406,-2.39E-06
-87.0406,-2.39E-06
-87.0406,-2.39E-06
-87.0407,-2.39E-06
-87.0407,-2.39E-06
-87.0407,-2.39E-06
-87.0408,-2.39E-06
-87.0408,-2.39E-06
-87.0408,-2.39E-06
-87.0409,-2.39E-06
-87.0409,-2.39E-06
-87.041,-2.39E-06
-87.041,-2.39E-06
-87.041,-2.39E-06
-87.0411,-2.39E-06
-87.0411,-2.39E-06
-87.0411,-2.39E-06
-87.0412,-2.39E-06
-87.0412,-2.39E-06
-87.0413,-2.39E-06
-87.0413,-2.39E-06
-87.0413,-2.39E-06
-87.0414,-2.39E-06
-87.0414,-2.39E-06
-87.0414,-2.39E-06
-87.0415,-2.39E-06
-87.0415,-2.39E-06
-87.0416,-2.39E-06
-87.0416,-2.39E-06
-87.0416,-2.39E-06
-87.0417,-2.39E-06
-87.0417,-2.39E-06
-87.0417,-2.39E-06
-87.0418,-2.39E-06
-87.0418,-2.39E-06
-87.0419,-2.39E-06
-87.0419,-2.39E-06
-87.0419,-2.39E-06
-87.042,-2.39E-06
-87.042,-2.39E-06
-87.042,-2.39E-06
-87.0421,-2.39E-06
-87.0421,-2.39E-06
-87.0421,-2.39E-06
-87.0422,-2.39E-06
-87.0422,-2.39E-06
-87.0423,-2.39E-06
-87.0423,-2.39E-06
-87.0423,-2.39E-06
-87.0424,-2.39E-06
-87.0424,-2.39E-06
-87.0424,-2.39E-06
-87.0425,-2.39E-06
-87.0425,-2.39E-06
-87.0426,-2.39E-06
-87.0426,-2.39E-06
-87.0426,-2.39E-06
-87.0427,-2.39E-06
-87.0427,-2.39E-06
-87.0427,-2.39E-06
-87.0428,-2.39E-06
-87.0428,-2.39E-06
-87.0428,-2.39E-06
-87.0429,-2.39E-06
-87.0429,-2.39E-06
-87.043,-2.39E-06
-87.043,-2.39E-06
-87.043,-2.39E-06
-87.0431,-2.39E-06
-87.0431,-2.39E-06
-87.0431,-2.39E-06
-87.0432,-2.39E-06
-87.0432,-2.39E-06
-87.0433,-2.39E-06
-87.0433,-2.39E-06
-87.0433,-2.39E-06
-87.0434,-2.39E-06
-87.0434,-2.39E-06
-87.0434,-2.39E-06
-87.0435,-2.39E-06
-87.0435,-2.39E-06
-87.0435,-2.39E-06
-87.0436,-2.39E-06
-87.0436,-2.39E-06
-87.0437,-2.39E-06
-87.0437,-2.39E-06
-87.0437,-2.39E-06
-87.0438,-2.39E-06
-87.0438,-2.39E-06
-87.0438,-2.39E-06
-87.0439,-2.39E-06
-87.0439,-2.39E-06
-87.044,-2.39E-06
-87.044,-2.39E-06
-87.044,-2.39E-06
-87.0441,-2.39E-06
-87.0441,-2.39E-06
-87.0441,-2.39E-06
-87.0442,-2.39E-06
-87.0442,-2.39E-06
-87.0442,-2.39E-06
-87.0443,-2.39E-06
-87.0443,-2.39E-06
-87.0444,-2.39E-06
-87.0444,-2.39E-06
-87.0444,-2.39E-06
-87.0445,-2.39E-06
-87.0445,-2.39E-06
-87.0445,-2.39E-06
-87.0446,-2.39E-06
-87.0446,-2.39E-06
-87.0446,-2.39E-06
-87.0447,-2.39E-06
-87.0447,-2.39E-06
-87.0448,-2.39E-06
-87.0448,-2.39E-06
-87.0448,-2.39E-06
-87.0449,-2.39E-06
-87.0449,-2.39E-06
-87.0449,-2.39E-06
-87.045,-2.39E-06
-87.045,-2.39E-06
-87.045,-2.39E-06
-87.0451,-2.39E-06
-87.0451,-2.39E-06
-87.0452,-2.39E-06
-87.0452,-2.39E-06
-87.0452,-2.39E-06
-87.0453,-2.39E-06
-87.0453,-2.39E-06
-87.0453,-2.39E-06
-87.0454,-2.39E-06
-87.0454,-2.39E-06
-87.0455,-2.39E-06
-87.0455,-2.39E-06
-87.0455,-2.39E-06
-87.0456,-2.39E-06
-87.0456,-2.39E-06
-87.0456,-2.39E-06
-87.0457,-2.39E-06
-87.0457,-2.39E-06
-87.0457,-2.39E-06
-87.0458,-2.39E-06
-87.0458,-2.39E-06
-87.0459,-2.39E-06
-87.0459,-2.39E-06
-87.0459,-2.39E-06
-87.046,-2.39E-06
-87.046,-2.39E-06
-87.046,-2.39E-06
-87.0461,-2.39E-06
-87.0461,-2.39E-06
-87.0461,-2.39E-06
-87.0462,-2.39E-06
-87.0462,-2.39E-06
-87.0463,-2.39E-06
-87.0463,-2.39E-06
-87.0463,-2.39E-06
-87.0464,-2.39E-06
-87.0464,-2.39E-06
-87.0464,-2.39E-06
-87.0465,-2.39E-06
-87.0465,-2.39E-06
-87.0465,-2.39E-06
-87.0466,-2.39E-06
-87.0466,-2.39E-06
-87.0467,-2.39E-06
-87.0467,-2.39E-06
-87.0467,-2.39E-06
-87.0468,-2.39E-06
-87.0468,-2.39E-06
-87.0468,-2.39E-06
-87.0469,-2.39E-06
-87.0469,-2.39E-06
-87.0469,-2.39E-06
-87.047,-2.39E-06
-87.047,-2.39E-06
-87.0471,-2.39E-06
-87.0471,-2.39E-06
-87.0471,-2.39E-06
-87.0472,-2.39E-06
-87.0472,-2.39E-06
-87.0472,-2.39E-06
-87.0473,-2.39E-06
-87.0473,-2.39E-06
-87.0473,-2.39E-06
-87.0474,-2.39E-06
-87.0474,-2.39E-06
-87.0474,-2.39E-06
-87.0475,-2.39E-06
-87.0475,-2.39E-06
-87.0476,-2.39E-06
-87.0476,-2.39E-06
-87.0476,-2.39E-06
-87.0477,-2.39E-06
-87.0477,-2.39E-06
-87.0477,-2.39E-06
-87.0478,-2.39E-06
-87.0478,-2.39E-06
-87.0478,-2.39E-06
-87.0479,-2.39E-06
-87.0479,-2.39E-06
-87.048,-2.39E-06
-87.048,-2.39E-06
-87.048,-2.39E-06
-87.0481,-2.39E-06
-87.0481,-2.39E-06
-87.0481,-2.39E-06
-87.0482,-2.39E-06
-87.0482,-2.39E-06
-87.0482,-2.39E-06
-87.0483,-2.39E-06
-87.0483,-2.39E-06
-87.0484,-2.39E-06
-87.0484,-2.39E-06
-87.0484,-2.39E-06
-87.0485,-2.39E-06
-87.0485,-2.39E-06
-87.0485,-2.38E-06
-87.0486,-2.38E-06
-87.0486,-2.38E-06
-87.0486,-2.38E-06
-87.0487,-2.38E-06
-87.0487,-2.38E-06
-87.0487,-2.38E-06
-87.0488,-2.38E-06
-87.0488,-2.38E-06
-87.0489,-2.38E-06
-87.0489,-2.38E-06
-87.0489,-2.38E-06
-87.049,-2.38E-06
-87.049,-2.38E-06
-87.049,-2.38E-06
-87.0491,-2.38E-06
-87.0491,-2.38E-06
-87.0491,-2.38E-06
-87.0492,-2.38E-06
-87.0492,-2.38E-06
-87.0493,-2.38E-06
-87.0493,-2.38E-06
-87.0493,-2.38E-06
-87.0494,-2.38E-06
-87.0494,-2.38E-06
-87.0494,-2.38E-06
-87.0495,-2.38E-06
-87.0495,-2.38E-06
-87.0495,-2.38E-06
-87.0496,-2.38E-06
-87.0496,-2.38E-06
-87.0496,-2.38E-06
-87.0497,-2.38E-06
-87.0497,-2.38E-06
-87.0498,-2.38E-06
-87.0498,-2.38E-06
-87.0498,-2.38E-06
-87.0499,-2.38E-06
-87.0499,-2.38E-06
-87.0499,-2.38E-06
-87.05,-2.38E-06
-87.05,-2.38E-06
-87.05,-2.38E-06
-87.0501,-2.38E-06
-87.0501,-2.38E-06
-87.0501,-2.38E-06
-87.0502,-2.38E-06
-87.0502,-2.38E-06
-87.0503,-2.38E-06
-87.0503,-2.38E-06
-87.0503,-2.38E-06
-87.0504,-2.38E-06
-87.0504,-2.38E-06
-87.0504,-2.38E-06
-87.0505,-2.38E-06
-87.0505,-2.38E-06
-87.0505,-2.38E-06
-87.0506,-2.38E-06
-87.0506,-2.38E-06
-87.0506,-2.38E-06
-87.0507,-2.38E-06
-87.0507,-2.38E-06
-87.0508,-2.38E-06
-87.0508,-2.38E-06
-87.0508,-2.38E-06
-87.0509,-2.38E-06
-87.0509,-2.38E-06
-87.0509,-2.38E-06
-87.051,-2.38E-06
-87.051,-2.38E-06
-87.051,-2.38E-06
-87.0511,-2.38E-06
-87.0511,-2.38E-06
-87.0511,-2.38E-06
-87.0512,-2.38E-06
-87.0512,-2.38E-06
-87.0513,-2.38E-06
-87.0513,-2.38E-06
-87.0513,-2.38E-06
-87.0514,-2.38E-06
-87.0514,-2.38E-06
-87.0514,-2.38E-06
-87.0515,-2.38E-06
-87.0515,-2.38E-06
-87.0515,-2.38E-06
-87.0516,-2.38E-06
-87.0516,-2.38E-06
-87.0516,-2.38E-06
-87.0517,-2.38E-06
-87.0517,-2.38E-06
-87.0518,-2.38E-06
-87.0518,-2.38E-06
-87.0518,-2.38E-06
-87.0519,-2.38E-06
-87.0519,-2.38E-06
-87.0519,-2.38E-06
-87.052,-2.38E-06
-87.052,-2.38E-06
-87.052,-2.38E-06
-87.0521,-2.38E-06
-87.0521,-2.38E-06
-87.0521,-2.38E-06
-87.0522,-2.38E-06
-87.0522,-2.38E-06
-87.0522,-2.38E-06
-87.0523,-2.38E-06
-87.0523,-2.38E-06
-87.0524,-2.38E-06
-87.0524,-2.38E-06
-87.0524,-2.38E-06
-87.0525,-2.38E-06
-87.0525,-2.38E-06
-87.0525,-2.38E-06
-87.0526,-2.38E-06
-87.0526,-2.38E-06
-87.0526,-2.38E-06
-87.0527,-2.38E-06
-87.0527,-2.38E-06
-87.0527,-2.38E-06
-87.0528,-2.38E-06
-87.0528,-2.38E-06
-87.0529,-2.38E-06
-87.0529,-2.38E-06
-87.0529,-2.38E-06
-87.053,-2.38E-06
-87.053,-2.38E-06
-87.053,-2.38E-06
-87.0531,-2.38E-06
-87.0531,-2.38E-06
-87.0531,-2.38E-06
-87.0532,-2.38E-06
-87.0532,-2.38E-06
-87.0532,-2.38E-06
-87.0533,-2.38E-06
-87.0533,-2.38E-06
-87.0533,-2.38E-06
-87.0534,-2.38E-06
-87.0534,-2.38E-06
-87.0535,-2.38E-06
-87.0535,-2.38E-06
-87.0535,-2.38E-06
-87.0536,-2.38E-06
-87.0536,-2.38E-06
-87.0536,-2.38E-06
-87.0537,-2.38E-06
-87.0537,-2.38E-06
-87.0537,-2.38E-06
-87.0538,-2.38E-06
-87.0538,-2.38E-06
-87.0538,-2.38E-06
-87.0539,-2.38E-06
-87.0539,-2.38E-06
-87.0539,-2.38E-06
-87.054,-2.38E-06
-87.054,-2.38E-06
-87.054,-2.38E-06
-87.0541,-2.38E-06
-87.0541,-2.38E-06
-87.0542,-2.38E-06
-87.0542,-2.38E-06
-87.0542,-2.38E-06
-87.0543,-2.38E-06
-87.0543,-2.38E-06
-87.0543,-2.38E-06
-87.0544,-2.38E-06
-87.0544,-2.38E-06
-87.0544,-2.38E-06
-87.0545,-2.38E-06
-87.0545,-2.38E-06
-87.0545,-2.38E-06
-87.0546,-2.38E-06
-87.0546,-2.38E-06
-87.0546,-2.38E-06
-87.0547,-2.38E-06
-87.0547,-2.38E-06
-87.0548,-2.38E-06
-87.0548,-2.38E-06
-87.0548,-2.38E-06
-87.0549,-2.38E-06
-87.0549,-2.38E-06
-87.0549,-2.38E-06
-87.055,-2.38E-06
-87.055,-2.38E-06
-87.055,-2.38E-06
-87.0551,-2.38E-06
-87.0551,-2.38E-06
-87.0551,-2.38E-06
-87.0552,-2.38E-06
-87.0552,-2.38E-06
-87.0552,-2.38E-06
-87.0553,-2.38E-06
-87.0553,-2.38E-06
-87.0553,-2.38E-06
-87.0554,-2.38E-06
-87.0554,-2.38E-06
-87.0555,-2.38E-06
-87.0555,-2.38E-06
-87.0555,-2.38E-06
-87.0556,-2.38E-06
-87.0556,-2.38E-06
-87.0556,-2.38E-06
-87.0557,-2.38E-06
-87.0557,-2.38E-06
-87.0557,-2.38E-06
-87.0558,-2.38E-06
-87.0558,-2.38E-06
-87.0558,-2.38E-06
-87.0559,-2.38E-06
-87.0559,-2.38E-06
-87.0559,-2.38E-06
-87.056,-2.38E-06
-87.056,-2.38E-06
-87.056,-2.38E-06
-87.0561,-2.38E-06
-87.0561,-2.38E-06
-87.0562,-2.38E-06
-87.0562,-2.38E-06
-87.0562,-2.38E-06
-87.0563,-2.38E-06
-87.0563,-2.38E-06
-87.0563,-2.38E-06
-87.0564,-2.38E-06
-87.0564,-2.38E-06
-87.0564,-2.38E-06
-87.0565,-2.38E-06
-87.0565,-2.38E-06
-87.0565,-2.38E-06
-87.0566,-2.38E-06
-87.0566,-2.38E-06
-87.0566,-2.38E-06
-87.0567,-2.38E-06
-87.0567,-2.38E-06
-87.0567,-2.38E-06
-87.0568,-2.38E-06
-87.0568,-2.38E-06
-87.0568,-2.38E-06
-87.0569,-2.38E-06
-87.0569,-2.38E-06
-87.057,-2.38E-06
-87.057,-2.38E-06
-87.057,-2.38E-06
-87.0571,-2.37E-06
-87.0571,-2.37E-06
-87.0571,-2.37E-06
-87.0572,-2.37E-06
-87.0572,-2.37E-06
-87.0572,-2.37E-06
-87.0573,-2.37E-06
-87.0573,-2.37E-06
-87.0573,-2.37E-06
-87.0574,-2.37E-06
-87.0574,-2.37E-06
-87.0574,-2.37E-06
-87.0575,-2.37E-06
-87.0575,-2.37E-06
-87.0575,-2.37E-06
-87.0576,-2.37E-06
-87.0576,-2.37E-06
-87.0576,-2.37E-06
-87.0577,-2.37E-06
-87.0577,-2.37E-06
-87.0578,-2.37E-06
-87.0578,-2.37E-06
-87.0578,-2.37E-06
-87.0579,-2.37E-06
-87.0579,-2.37E-06
-87.0579,-2.37E-06
-87.058,-2.37E-06
-87.058,-2.37E-06
-87.058,-2.37E-06
-87.0581,-2.37E-06
-87.0581,-2.37E-06
-87.0581,-2.37E-06
-87.0582,-2.37E-06
-87.0582,-2.37E-06
-87.0582,-2.37E-06
-87.0583,-2.37E-06
-87.0583,-2.37E-06
-87.0583,-2.37E-06
-87.0584,-2.37E-06
-87.0584,-2.37E-06
-87.0584,-2.37E-06
-87.0585,-2.37E-06
-87.0585,-2.37E-06
-87.0585,-2.37E-06
-87.0586,-2.37E-06
-87.0586,-2.37E-06
-87.0586,-2.37E-06
-87.0587,-2.37E-06
-87.0587,-2.37E-06
-87.0588,-2.37E-06
-87.0588,-2.37E-06
-87.0588,-2.37E-06
-87.0589,-2.37E-06
-87.0589,-2.37E-06
-87.0589,-2.37E-06
-87.059,-2.37E-06
-87.059,-2.37E-06
-87.059,-2.37E-06
-87.0591,-2.37E-06
-87.0591,-2.37E-06
-87.0591,-2.37E-06
-87.0592,-2.37E-06
-87.0592,-2.37E-06
-87.0592,-2.37E-06
-87.0593,-2.37E-06
-87.0593,-2.37E-06
-87.0593,-2.37E-06
-87.0594,-2.37E-06
-87.0594,-2.37E-06
-87.0594,-2.37E-06
-87.0595,-2.37E-06
-87.0595,-2.37E-06
-87.0595,-2.37E-06
-87.0596,-2.37E-06
-87.0596,-2.37E-06
-87.0596,-2.37E-06
-87.0597,-2.37E-06
-87.0597,-2.37E-06
-87.0598,-2.37E-06
-87.0598,-2.37E-06
-87.0598,-2.37E-06
-87.0599,-2.37E-06
-87.0599,-2.37E-06
-87.0599,-2.37E-06
-87.06,-2.37E-06
-87.06,-2.37E-06
-87.06,-2.37E-06
-87.0601,-2.37E-06
-87.0601,-2.37E-06
-87.0601,-2.37E-06
-87.0602,-2.37E-06
-87.0602,-2.37E-06
-87.0602,-2.37E-06
-87.0603,-2.37E-06
-87.0603,-2.37E-06
-87.0603,-2.37E-06
-87.0604,-2.37E-06
-87.0604,-2.37E-06
-87.0604,-2.37E-06
-87.0605,-2.37E-06
-87.0605,-2.37E-06
-87.0605,-2.37E-06
-87.0606,-2.37E-06
-87.0606,-2.37E-06
-87.0606,-2.37E-06
-87.0607,-2.37E-06
-87.0607,-2.37E-06
-87.0607,-2.37E-06
-87.0608,-2.37E-06
-87.0608,-2.37E-06
-87.0608,-2.37E-06
-87.0609,-2.37E-06
-87.0609,-2.37E-06
-87.061,-2.37E-06
-87.061,-2.37E-06
-87.061,-2.37E-06
-87.0611,-2.37E-06
-87.0611,-2.37E-06
-87.0611,-2.37E-06
-87.0612,-2.37E-06
-87.0612,-2.37E-06
-87.0612,-2.37E-06
-87.0613,-2.37E-06
-87.0613,-2.37E-06
-87.0613,-2.37E-06
-87.0614,-2.37E-06
-87.0614,-2.37E-06
-87.0614,-2.37E-06
-87.0615,-2.37E-06
-87.0615,-2.37E-06
-87.0615,-2.37E-06
-87.0616,-2.37E-06
-87.0616,-2.37E-06
-87.0616,-2.37E-06
-87.0617,-2.37E-06
-87.0617,-2.37E-06
-87.0617,-2.37E-06
-87.0618,-2.37E-06
-87.0618,-2.37E-06
-87.0618,-2.37E-06
-87.0619,-2.37E-06
-87.0619,-2.37E-06
-87.0619,-2.37E-06
-87.062,-2.37E-06
-87.062,-2.37E-06
-87.062,-2.37E-06
-87.0621,-2.37E-06
-87.0621,-2.37E-06
-87.0621,-2.37E-06
-87.0622,-2.37E-06
-87.0622,-2.37E-06
-87.0622,-2.37E-06
-87.0623,-2.37E-06
-87.0623,-2.37E-06
-87.0623,-2.37E-06
-87.0624,-2.37E-06
-87.0624,-2.37E-06
-87.0624,-2.37E-06
-87.0625,-2.37E-06
-87.0625,-2.37E-06
-87.0626,-2.37E-06
-87.0626,-2.37E-06
-87.0626,-2.37E-06
-87.0627,-2.37E-06
-87.0627,-2.37E-06
-87.0627,-2.37E-06
-87.0628,-2.37E-06
-87.0628,-2.37E-06
-87.0628,-2.37E-06
-87.0629,-2.37E-06
-87.0629,-2.37E-06
-87.0629,-2.37E-06
-87.063,-2.37E-06
-87.063,-2.37E-06
-87.063,-2.37E-06
-87.0631,-2.37E-06
-87.0631,-2.37E-06
-87.0631,-2.37E-06
-87.0632,-2.37E-06
-87.0632,-2.37E-06
-87.0632,-2.37E-06
-87.0633,-2.37E-06
-87.0633,-2.37E-06
-87.0633,-2.37E-06
-87.0634,-2.37E-06
-87.0634,-2.37E-06
-87.0634,-2.37E-06
-87.0635,-2.37E-06
-87.0635,-2.37E-06
-87.0635,-2.37E-06
-87.0636,-2.37E-06
-87.0636,-2.37E-06
-87.0636,-2.37E-06
-87.0637,-2.37E-06
-87.0637,-2.37E-06
-87.0637,-2.37E-06
-87.0638,-2.37E-06
-87.0638,-2.37E-06
-87.0638,-2.37E-06
-87.0639,-2.37E-06
-87.0639,-2.37E-06
-87.0639,-2.37E-06
-87.064,-2.37E-06
-87.064,-2.37E-06
-87.064,-2.37E-06
-87.0641,-2.37E-06
-87.0641,-2.37E-06
-87.0641,-2.37E-06
-87.0642,-2.37E-06
-87.0642,-2.37E-06
-87.0642,-2.37E-06
-87.0643,-2.37E-06
-87.0643,-2.37E-06
-87.0643,-2.37E-06
-87.0644,-2.37E-06
-87.0644,-2.37E-06
-87.0644,-2.37E-06
-87.0645,-2.37E-06
-87.0645,-2.37E-06
-87.0645,-2.37E-06
-87.0646,-2.37E-06
-87.0646,-2.37E-06
-87.0646,-2.37E-06
-87.0647,-2.37E-06
-87.0647,-2.37E-06
-87.0647,-2.37E-06
-87.0648,-2.37E-06
-87.0648,-2.37E-06
-87.0648,-2.37E-06
-87.0649,-2.37E-06
-87.0649,-2.37E-06
-87.0649,-2.37E-06
-87.065,-2.37E-06
-87.065,-2.37E-06
-87.065,-2.37E-06
-87.0651,-2.37E-06
-87.0651,-2.37E-06
-87.0651,-2.37E-06
-87.0652,-2.37E-06
-87.0652,-2.37E-06
-87.0652,-2.37E-06
-87.0653,-2.37E-06
-87.0653,-2.37E-06
-87.0653,-2.37E-06
-87.0654,-2.37E-06
-87.0654,-2.37E-06
-87.0655,-2.37E-06
-87.0655,-2.37E-06
-87.0655,-2.37E-06
-87.0656,-2.37E-06
-87.0656,-2.37E-06
-87.0656,-2.37E-06
-87.0657,-2.36E-06
-87.0657,-2.36E-06
-87.0657,-2.36E-06
-87.0658,-2.36E-06
-87.0658,-2.36E-06
-87.0658,-2.36E-06
-87.0659,-2.36E-06
-87.0659,-2.36E-06
-87.0659,-2.36E-06
-87.066,-2.36E-06
-87.066,-2.36E-06
-87.066,-2.36E-06
-87.0661,-2.36E-06
-87.0661,-2.36E-06
-87.0661,-2.36E-06
-87.0662,-2.36E-06
-87.0662,-2.36E-06
-87.0662,-2.36E-06
-87.0663,-2.36E-06
-87.0663,-2.36E-06
-87.0663,-2.36E-06
-87.0664,-2.36E-06
-87.0664,-2.36E-06
-87.0664,-2.36E-06
-87.0665,-2.36E-06
-87.0665,-2.36E-06
-87.0665,-2.36E-06
-87.0666,-2.36E-06
-87.0666,-2.36E-06
-87.0666,-2.36E-06
-87.0667,-2.36E-06
-87.0667,-2.36E-06
-87.0667,-2.36E-06
-87.0668,-2.36E-06
-87.0668,-2.36E-06
-87.0668,-2.36E-06
-87.0669,-2.36E-06
-87.0669,-2.36E-06
-87.0669,-2.36E-06
-87.067,-2.36E-06
-87.067,-2.36E-06
-87.067,-2.36E-06
-87.0671,-2.36E-06
-87.0671,-2.36E-06
-87.0671,-2.36E-06
-87.0672,-2.36E-06
-87.0672,-2.36E-06
-87.0672,-2.36E-06
-87.0673,-2.36E-06
-87.0673,-2.36E-06
-87.0673,-2.36E-06
-87.0674,-2.36E-06
-87.0674,-2.36E-06
-87.0674,-2.36E-06
-87.0675,-2.36E-06
-87.0675,-2.36E-06
-87.0675,-2.36E-06
-87.0676,-2.36E-06
-87.0676,-2.36E-06
-87.0676,-2.36E-06
-87.0677,-2.36E-06
-87.0677,-2.36E-06
-87.0677,-2.36E-06
-87.0678,-2.36E-06
-87.0678,-2.36E-06
-87.0678,-2.36E-06
-87.0678,-2.36E-06
-87.0679,-2.36E-06
-87.0679,-2.36E-06
-87.0679,-2.36E-06
-87.068,-2.36E-06
-87.068,-2.36E-06
-87.068,-2.36E-06
-87.0681,-2.36E-06
-87.0681,-2.36E-06
-87.0681,-2.36E-06
-87.0682,-2.36E-06
-87.0682,-2.36E-06
-87.0682,-2.36E-06
-87.0683,-2.36E-06
-87.0683,-2.36E-06
-87.0683,-2.36E-06
-87.0684,-2.36E-06
-87.0684,-2.36E-06
-87.0684,-2.36E-06
-87.0685,-2.36E-06
-87.0685,-2.36E-06
-87.0685,-2.36E-06
-87.0686,-2.36E-06
-87.0686,-2.36E-06
-87.0686,-2.36E-06
-87.0687,-2.36E-06
-87.0687,-2.36E-06
-87.0687,-2.36E-06
-87.0688,-2.36E-06
-87.0688,-2.36E-06
-87.0688,-2.36E-06
-87.0689,-2.36E-06
-87.0689,-2.36E-06
-87.0689,-2.36E-06
-87.069,-2.36E-06
-87.069,-2.36E-06
-87.069,-2.36E-06
-87.0691,-2.36E-06
-87.0691,-2.36E-06
-87.0691,-2.36E-06
-87.0692,-2.36E-06
-87.0692,-2.36E-06
-87.0692,-2.36E-06
-87.0693,-2.36E-06
-87.0693,-2.36E-06
-87.0693,-2.36E-06
-87.0694,-2.36E-06
-87.0694,-2.36E-06
-87.0694,-2.36E-06
-87.0695,-2.36E-06
-87.0695,-2.36E-06
-87.0695,-2.36E-06
-87.0696,-2.36E-06
-87.0696,-2.36E-06
-87.0696,-2.36E-06
-87.0697,-2.36E-06
-87.0697,-2.36E-06
-87.0697,-2.36E-06
-87.0698,-2.36E-06
-87.0698,-2.36E-06
-87.0698,-2.36E-06
-87.0699,-2.36E-06
-87.0699,-2.36E-06
-87.0699,-2.36E-06
-87.07,-2.36E-06
-87.07,-2.36E-06
-87.07,-2.36E-06
-87.0701,-2.36E-06
-87.0701,-2.36E-06
-87.0701,-2.36E-06
-87.0702,-2.36E-06
-87.0702,-2.36E-06
-87.0702,-2.36E-06
-87.0703,-2.36E-06
-87.0703,-2.36E-06
-87.0703,-2.36E-06
-87.0704,-2.36E-06
-87.0704,-2.36E-06
-87.0704,-2.36E-06
-87.0705,-2.36E-06
-87.0705,-2.36E-06
-87.0705,-2.36E-06
-87.0706,-2.36E-06
-87.0706,-2.36E-06
-87.0706,-2.36E-06
-87.0707,-2.36E-06
-87.0707,-2.36E-06
-87.0707,-2.36E-06
-87.0707,-2.36E-06
-87.0708,-2.36E-06
-87.0708,-2.36E-06
-87.0708,-2.36E-06
-87.0709,-2.36E-06
-87.0709,-2.36E-06
-87.0709,-2.36E-06
-87.071,-2.36E-06
-87.071,-2.36E-06
-87.071,-2.36E-06
-87.0711,-2.36E-06
-87.0711,-2.36E-06
-87.0711,-2.36E-06
-87.0712,-2.36E-06
-87.0712,-2.36E-06
-87.0712,-2.36E-06
-87.0713,-2.36E-06
-87.0713,-2.36E-06
-87.0713,-2.36E-06
-87.0714,-2.36E-06
-87.0714,-2.36E-06
-87.0714,-2.36E-06
-87.0715,-2.36E-06
-87.0715,-2.36E-06
-87.0715,-2.36E-06
-87.0716,-2.36E-06
-87.0716,-2.36E-06
-87.0716,-2.36E-06
-87.0717,-2.36E-06
-87.0717,-2.36E-06
-87.0717,-2.36E-06
-87.0718,-2.36E-06
-87.0718,-2.36E-06
-87.0718,-2.36E-06
-87.0719,-2.36E-06
-87.0719,-2.36E-06
-87.0719,-2.36E-06
-87.072,-2.36E-06
-87.072,-2.36E-06
-87.072,-2.36E-06
-87.0721,-2.36E-06
-87.0721,-2.36E-06
-87.0721,-2.36E-06
-87.0722,-2.36E-06
-87.0722,-2.36E-06
-87.0722,-2.36E-06
-87.0722,-2.36E-06
-87.0723,-2.36E-06
-87.0723,-2.36E-06
-87.0723,-2.36E-06
-87.0724,-2.36E-06
-87.0724,-2.36E-06
-87.0724,-2.36E-06
-87.0725,-2.36E-06
-87.0725,-2.36E-06
-87.0725,-2.36E-06
-87.0726,-2.36E-06
-87.0726,-2.36E-06
-87.0726,-2.36E-06
-87.0727,-2.36E-06
-87.0727,-2.36E-06
-87.0727,-2.36E-06
-87.0728,-2.36E-06
-87.0728,-2.36E-06
-87.0728,-2.36E-06
-87.0729,-2.36E-06
-87.0729,-2.36E-06
-87.0729,-2.36E-06
-87.073,-2.36E-06
-87.073,-2.36E-06
-87.073,-2.36E-06
-87.0731,-2.36E-06
-87.0731,-2.36E-06
-87.0731,-2.36E-06
-87.0732,-2.36E-06
-87.0732,-2.36E-06
-87.0732,-2.36E-06
-87.0733,-2.36E-06
-87.0733,-2.36E-06
-87.0733,-2.36E-06
-87.0734,-2.36E-06
-87.0734,-2.36E-06
-87.0734,-2.36E-06
-87.0734,-2.36E-06
-87.0735,-2.36E-06
-87.0735,-2.36E-06
-87.0735,-2.36E-06
-87.0736,-2.36E-06
-87.0736,-2.36E-06
-87.0736,-2.36E-06
-87.0737,-2.36E-06
-87.0737,-2.36E-06
-87.0737,-2.36E-06
-87.0738,-2.36E-06
-87.0738,-2.36E-06
-87.0738,-2.36E-06
-87.0739,-2.36E-06
-87.0739,-2.36E-06
-87.0739,-2.36E-06
-87.074,-2.36E-06
-87.074,-2.36E-06
-87.074,-2.36E-06
-87.0741,-2.36E-06
-87.0741,-2.36E-06
-87.0741,-2.36E-06
-87.0742,-2.36E-06
-87.0742,-2.36E-06
-87.0742,-2.36E-06
-87.0743,-2.35E-06
-87.0743,-2.35E-06
-87.0743,-2.35E-06
-87.0744,-2.35E-06
-87.0744,-2.35E-06
-87.0744,-2.35E-06
-87.0744,-2.35E-06
-87.0745,-2.35E-06
-87.0745,-2.35E-06
-87.0745,-2.35E-06
-87.0746,-2.35E-06
-87.0746,-2.35E-06
-87.0746,-2.35E-06
-87.0747,-2.35E-06
-87.0747,-2.35E-06
-87.0747,-2.35E-06
-87.0748,-2.35E-06
-87.0748,-2.35E-06
-87.0748,-2.35E-06
-87.0749,-2.35E-06
-87.0749,-2.35E-06
-87.0749,-2.35E-06
-87.075,-2.35E-06
-87.075,-2.35E-06
-87.075,-2.35E-06
-87.0751,-2.35E-06
-87.0751,-2.35E-06
-87.0751,-2.35E-06
-87.0752,-2.35E-06
-87.0752,-2.35E-06
-87.0752,-2.35E-06
-87.0753,-2.35E-06
-87.0753,-2.35E-06
-87.0753,-2.35E-06
-87.0753,-2.35E-06
-87.0754,-2.35E-06
-87.0754,-2.35E-06
-87.0754,-2.35E-06
-87.0755,-2.35E-06
-87.0755,-2.35E-06
-87.0755,-2.35E-06
-87.0756,-2.35E-06
-87.0756,-2.35E-06
-87.0756,-2.35E-06
-87.0757,-2.35E-06
-87.0757,-2.35E-06
-87.0757,-2.35E-06
-87.0758,-2.35E-06
-87.0758,-2.35E-06
-87.0758,-2.35E-06
-87.0759,-2.35E-06
-87.0759,-2.35E-06
-87.0759,-2.35E-06
-87.076,-2.35E-06
-87.076,-2.35E-06
-87.076,-2.35E-06
-87.0761,-2.35E-06
-87.0761,-2.35E-06
-87.0761,-2.35E-06
-87.0761,-2.35E-06
-87.0762,-2.35E-06
-87.0762,-2.35E-06
-87.0762,-2.35E-06
-87.0763,-2.35E-06
-87.0763,-2.35E-06
-87.0763,-2.35E-06
-87.0764,-2.35E-06
-87.0764,-2.35E-06
-87.0764,-2.35E-06
-87.0765,-2.35E-06
-87.0765,-2.35E-06
-87.0765,-2.35E-06
-87.0766,-2.35E-06
-87.0766,-2.35E-06
-87.0766,-2.35E-06
-87.0767,-2.35E-06
-87.0767,-2.35E-06
-87.0767,-2.35E-06
-87.0768,-2.35E-06
-87.0768,-2.35E-06
-87.0768,-2.35E-06
-87.0768,-2.35E-06
-87.0769,-2.35E-06
-87.0769,-2.35E-06
-87.0769,-2.35E-06
-87.077,-2.35E-06
-87.077,-2.35E-06
-87.077,-2.35E-06
-87.0771,-2.35E-06
-87.0771,-2.35E-06
-87.0771,-2.35E-06
-87.0772,-2.35E-06
-87.0772,-2.35E-06
-87.0772,-2.35E-06
-87.0773,-2.35E-06
-87.0773,-2.35E-06
-87.0773,-2.35E-06
-87.0774,-2.35E-06
-87.0774,-2.35E-06
-87.0774,-2.35E-06
-87.0775,-2.35E-06
-87.0775,-2.35E-06
-87.0775,-2.35E-06
-87.0775,-2.35E-06
-87.0776,-2.35E-06
-87.0776,-2.35E-06
-87.0776,-2.35E-06
-87.0777,-2.35E-06
-87.0777,-2.35E-06
-87.0777,-2.35E-06
-87.0778,-2.35E-06
-87.0778,-2.35E-06
-87.0778,-2.35E-06
-87.0779,-2.35E-06
-87.0779,-2.35E-06
-87.0779,-2.35E-06
-87.078,-2.35E-06
-87.078,-2.35E-06
-87.078,-2.35E-06
-87.0781,-2.35E-06
-87.0781,-2.35E-06
-87.0781,-2.35E-06
-87.0782,-2.35E-06
-87.0782,-2.35E-06
-87.0782,-2.35E-06
-87.0782,-2.35E-06
-87.0783,-2.35E-06
-87.0783,-2.35E-06
-87.0783,-2.35E-06
-87.0784,-2.35E-06
-87.0784,-2.35E-06
-87.0784,-2.35E-06
-87.0785,-2.35E-06
-87.0785,-2.35E-06
-87.0785,-2.35E-06
-87.0786,-2.35E-06
-87.0786,-2.35E-06
-87.0786,-2.35E-06
-87.0787,-2.35E-06
-87.0787,-2.35E-06
-87.0787,-2.35E-06
-87.0788,-2.35E-06
-87.0788,-2.35E-06
-87.0788,-2.35E-06
-87.0788,-2.35E-06
-87.0789,-2.35E-06
-87.0789,-2.35E-06
-87.0789,-2.35E-06
-87.079,-2.35E-06
-87.079,-2.35E-06
-87.079,-2.35E-06
-87.0791,-2.35E-06
-87.0791,-2.35E-06
-87.0791,-2.35E-06
-87.0792,-2.35E-06
-87.0792,-2.35E-06
-87.0792,-2.35E-06
-87.0793,-2.35E-06
-87.0793,-2.35E-06
-87.0793,-2.35E-06
-87.0794,-2.35E-06
-87.0794,-2.35E-06
-87.0794,-2.35E-06
-87.0794,-2.35E-06
-87.0795,-2.35E-06
-87.0795,-2.35E-06
-87.0795,-2.35E-06
-87.0796,-2.35E-06
-87.0796,-2.35E-06
-87.0796,-2.35E-06
-87.0797,-2.35E-06
-87.0797,-2.35E-06
-87.0797,-2.35E-06
-87.0798,-2.35E-06
-87.0798,-2.35E-06
-87.0798,-2.35E-06
-87.0799,-2.35E-06
-87.0799,-2.35E-06
-87.0799,-2.35E-06
-87.0799,-2.35E-06
-87.08,-2.35E-06
-87.08,-2.35E-06
-87.08,-2.35E-06
-87.0801,-2.35E-06
-87.0801,-2.35E-06
-87.0801,-2.35E-06
-87.0802,-2.35E-06
-87.0802,-2.35E-06
-87.0802,-2.35E-06
-87.0803,-2.35E-06
-87.0803,-2.35E-06
-87.0803,-2.35E-06
-87.0804,-2.35E-06
-87.0804,-2.35E-06
-87.0804,-2.35E-06
-87.0804,-2.35E-06
-87.0805,-2.35E-06
-87.0805,-2.35E-06
-87.0805,-2.35E-06
-87.0806,-2.35E-06
-87.0806,-2.35E-06
-87.0806,-2.35E-06
-87.0807,-2.35E-06
-87.0807,-2.35E-06
-87.0807,-2.35E-06
-87.0808,-2.35E-06
-87.0808,-2.35E-06
-87.0808,-2.35E-06
-87.0809,-2.35E-06
-87.0809,-2.35E-06
-87.0809,-2.35E-06
-87.081,-2.35E-06
-87.081,-2.35E-06
-87.081,-2.35E-06
-87.081,-2.35E-06
-87.0811,-2.35E-06
-87.0811,-2.35E-06
-87.0811,-2.35E-06
-87.0812,-2.35E-06
-87.0812,-2.35E-06
-87.0812,-2.35E-06
-87.0813,-2.35E-06
-87.0813,-2.35E-06
-87.0813,-2.35E-06
-87.0814,-2.35E-06
-87.0814,-2.35E-06
-87.0814,-2.35E-06
-87.0814,-2.35E-06
-87.0815,-2.35E-06
-87.0815,-2.35E-06
-87.0815,-2.35E-06
-87.0816,-2.35E-06
-87.0816,-2.35E-06
-87.0816,-2.35E-06
-87.0817,-2.35E-06
-87.0817,-2.35E-06
-87.0817,-2.35E-06
-87.0818,-2.35E-06
-87.0818,-2.35E-06
-87.0818,-2.35E-06
-87.0819,-2.35E-06
-87.0819,-2.35E-06
-87.0819,-2.35E-06
-87.0819,-2.35E-06
-87.082,-2.35E-06
-87.082,-2.35E-06
-87.082,-2.35E-06
-87.0821,-2.35E-06
-87.0821,-2.35E-06
-87.0821,-2.35E-06
-87.0822,-2.35E-06
-87.0822,-2.35E-06
-87.0822,-2.35E-06
-87.0823,-2.35E-06
-87.0823,-2.35E-06
-87.0823,-2.35E-06
-87.0824,-2.35E-06
-87.0824,-2.35E-06
-87.0824,-2.35E-06
-87.0824,-2.35E-06
-87.0825,-2.35E-06
-87.0825,-2.35E-06
-87.0825,-2.35E-06
-87.0826,-2.35E-06
-87.0826,-2.35E-06
-87.0826,-2.35E-06
-87.0827,-2.35E-06
-87.0827,-2.35E-06
-87.0827,-2.35E-06
-87.0828,-2.35E-06
-87.0828,-2.35E-06
-87.0828,-2.35E-06
-87.0828,-2.35E-06
-87.0829,-2.35E-06
-87.0829,-2.34E-06
-87.0829,-2.34E-06
-87.083,-2.34E-06
-87.083,-2.34E-06
-87.083,-2.34E-06
-87.0831,-2.34E-06
-87.0831,-2.34E-06
-87.0831,-2.34E-06
-87.0832,-2.34E-06
-87.0832,-2.34E-06
-87.0832,-2.34E-06
-87.0833,-2.34E-06
-87.0833,-2.34E-06
-87.0833,-2.34E-06
-87.0833,-2.34E-06
-87.0834,-2.34E-06
-87.0834,-2.34E-06
-87.0834,-2.34E-06
-87.0835,-2.34E-06
-87.0835,-2.34E-06
-87.0835,-2.34E-06
-87.0836,-2.34E-06
-87.0836,-2.34E-06
-87.0836,-2.34E-06
-87.0837,-2.34E-06
-87.0837,-2.34E-06
-87.0837,-2.34E-06
-87.0837,-2.34E-06
-87.0838,-2.34E-06
-87.0838,-2.34E-06
-87.0838,-2.34E-06
-87.0839,-2.34E-06
-87.0839,-2.34E-06
-87.0839,-2.34E-06
-87.084,-2.34E-06
-87.084,-2.34E-06
-87.084,-2.34E-06
-87.0841,-2.34E-06
-87.0841,-2.34E-06
-87.0841,-2.34E-06
-87.0841,-2.34E-06
-87.0842,-2.34E-06
-87.0842,-2.34E-06
-87.0842,-2.34E-06
-87.0843,-2.34E-06
-87.0843,-2.34E-06
-87.0843,-2.34E-06
-87.0844,-2.34E-06
-87.0844,-2.34E-06
-87.0844,-2.34E-06
-87.0845,-2.34E-06
-87.0845,-2.34E-06
-87.0845,-2.34E-06
-87.0845,-2.34E-06
-87.0846,-2.34E-06
-87.0846,-2.34E-06
-87.0846,-2.34E-06
-87.0847,-2.34E-06
-87.0847,-2.34E-06
-87.0847,-2.34E-06
-87.0848,-2.34E-06
-87.0848,-2.34E-06
-87.0848,-2.34E-06
-87.0849,-2.34E-06
-87.0849,-2.34E-06
-87.0849,-2.34E-06
-87.0849,-2.34E-06
-87.085,-2.34E-06
-87.085,-2.34E-06
-87.085,-2.34E-06
-87.0851,-2.34E-06
-87.0851,-2.34E-06
-87.0851,-2.34E-06
-87.0852,-2.34E-06
-87.0852,-2.34E-06
-87.0852,-2.34E-06
-87.0853,-2.34E-06
-87.0853,-2.34E-06
-87.0853,-2.34E-06
-87.0853,-2.34E-06
-87.0854,-2.34E-06
-87.0854,-2.34E-06
-87.0854,-2.34E-06
-87.0855,-2.34E-06
-87.0855,-2.34E-06
-87.0855,-2.34E-06
-87.0856,-2.34E-06
-87.0856,-2.34E-06
-87.0856,-2.34E-06
-87.0856,-2.34E-06
-87.0857,-2.34E-06
-87.0857,-2.34E-06
-87.0857,-2.34E-06
-87.0858,-2.34E-06
-87.0858,-2.34E-06
-87.0858,-2.34E-06
-87.0859,-2.34E-06
-87.0859,-2.34E-06
-87.0859,-2.34E-06
-87.086,-2.34E-06
-87.086,-2.34E-06
-87.086,-2.34E-06
-87.086,-2.34E-06
-87.0861,-2.34E-06
-87.0861,-2.34E-06
-87.0861,-2.34E-06
-87.0862,-2.34E-06
-87.0862,-2.34E-06
-87.0862,-2.34E-06
-87.0863,-2.34E-06
-87.0863,-2.34E-06
-87.0863,-2.34E-06
-87.0864,-2.34E-06
-87.0864,-2.34E-06
-87.0864,-2.34E-06
-87.0864,-2.34E-06
-87.0865,-2.34E-06
-87.0865,-2.34E-06
-87.0865,-2.34E-06
-87.0866,-2.34E-06
-87.0866,-2.34E-06
-87.0866,-2.34E-06
-87.0867,-2.34E-06
-87.0867,-2.34E-06
-87.0867,-2.34E-06
-87.0867,-2.34E-06
-87.0868,-2.34E-06
-87.0868,-2.34E-06
-87.0868,-2.34E-06
-87.0869,-2.34E-06
-87.0869,-2.34E-06
-87.0869,-2.34E-06
-87.087,-2.34E-06
-87.087,-2.34E-06
-87.087,-2.34E-06
-87.0871,-2.34E-06
-87.0871,-2.34E-06
-87.0871,-2.34E-06
-87.0871,-2.34E-06
-87.0872,-2.34E-06
-87.0872,-2.34E-06
-87.0872,-2.34E-06
-87.0873,-2.34E-06
-87.0873,-2.34E-06
-87.0873,-2.34E-06
-87.0874,-2.34E-06
-87.0874,-2.34E-06
-87.0874,-2.34E-06
-87.0874,-2.34E-06
-87.0875,-2.34E-06
-87.0875,-2.34E-06
-87.0875,-2.34E-06
-87.0876,-2.34E-06
-87.0876,-2.34E-06
-87.0876,-2.34E-06
-87.0877,-2.34E-06
-87.0877,-2.34E-06
-87.0877,-2.34E-06
-87.0877,-2.34E-06
-87.0878,-2.34E-06
-87.0878,-2.34E-06
-87.0878,-2.34E-06
-87.0879,-2.34E-06
-87.0879,-2.34E-06
-87.0879,-2.34E-06
-87.088,-2.34E-06
-87.088,-2.34E-06
-87.088,-2.34E-06
-87.0881,-2.34E-06
-87.0881,-2.34E-06
-87.0881,-2.34E-06
-87.0881,-2.34E-06
-87.0882,-2.34E-06
-87.0882,-2.34E-06
-87.0882,-2.34E-06
-87.0883,-2.34E-06
-87.0883,-2.34E-06
-87.0883,-2.34E-06
-87.0884,-2.34E-06
-87.0884,-2.34E-06
-87.0884,-2.34E-06
-87.0884,-2.34E-06
-87.0885,-2.34E-06
-87.0885,-2.34E-06
-87.0885,-2.34E-06
-87.0886,-2.34E-06
-87.0886,-2.34E-06
-87.0886,-2.34E-06
-87.0887,-2.34E-06
-87.0887,-2.34E-06
-87.0887,-2.34E-06
-87.0887,-2.34E-06
-87.0888,-2.34E-06
-87.0888,-2.34E-06
-87.0888,-2.34E-06
-87.0889,-2.34E-06
-87.0889,-2.34E-06
-87.0889,-2.34E-06
-87.089,-2.34E-06
-87.089,-2.34E-06
-87.089,-2.34E-06
-87.089,-2.34E-06
-87.0891,-2.34E-06
-87.0891,-2.34E-06
-87.0891,-2.34E-06
-87.0892,-2.34E-06
-87.0892,-2.34E-06
-87.0892,-2.34E-06
-87.0893,-2.34E-06
-87.0893,-2.34E-06
-87.0893,-2.34E-06
-87.0893,-2.34E-06
-87.0894,-2.34E-06
-87.0894,-2.34E-06
-87.0894,-2.34E-06
-87.0895,-2.34E-06
-87.0895,-2.34E-06
-87.0895,-2.34E-06
-87.0896,-2.34E-06
-87.0896,-2.34E-06
-87.0896,-2.34E-06
-87.0896,-2.34E-06
-87.0897,-2.34E-06
-87.0897,-2.34E-06
-87.0897,-2.34E-06
-87.0898,-2.34E-06
-87.0898,-2.34E-06
-87.0898,-2.34E-06
-87.0899,-2.34E-06
-87.0899,-2.34E-06
-87.0899,-2.34E-06
-87.0899,-2.34E-06
-87.09,-2.34E-06
-87.09,-2.34E-06
-87.09,-2.34E-06
-87.0901,-2.34E-06
-87.0901,-2.34E-06
-87.0901,-2.34E-06
-87.0902,-2.34E-06
-87.0902,-2.34E-06
-87.0902,-2.34E-06
-87.0902,-2.34E-06
-87.0903,-2.34E-06
-87.0903,-2.34E-06
-87.0903,-2.34E-06
-87.0904,-2.34E-06
-87.0904,-2.34E-06
-87.0904,-2.34E-06
-87.0905,-2.34E-06
-87.0905,-2.34E-06
-87.0905,-2.34E-06
-87.0905,-2.34E-06
-87.0906,-2.34E-06
-87.0906,-2.34E-06
-87.0906,-2.34E-06
-87.0907,-2.34E-06
-87.0907,-2.34E-06
-87.0907,-2.34E-06
-87.0908,-2.34E-06
-87.0908,-2.34E-06
-87.0908,-2.34E-06
-87.0908,-2.34E-06
-87.0909,-2.34E-06
-87.0909,-2.34E-06
-87.0909,-2.34E-06
-87.091,-2.34E-06
-87.091,-2.34E-06
-87.091,-2.34E-06
-87.0911,-2.34E-06
-87.0911,-2.34E-06
-87.0911,-2.34E-06
-87.0911,-2.34E-06
-87.0912,-2.34E-06
-87.0912,-2.34E-06
-87.0912,-2.34E-06
-87.0913,-2.34E-06
-87.0913,-2.34E-06
-87.0913,-2.34E-06
-87.0914,-2.34E-06
-87.0914,-2.34E-06
-87.0914,-2.34E-06
-87.0914,-2.34E-06
-87.0915,-2.34E-06
-87.0915,-2.34E-06
-87.0915,-2.34E-06
-87.0916,-2.34E-06
-87.0916,-2.33E-06
-87.0916,-2.33E-06
-87.0916,-2.33E-06
-87.0917,-2.33E-06
-87.0917,-2.33E-06
-87.0917,-2.33E-06
-87.0918,-2.33E-06
-87.0918,-2.33E-06
-87.0918,-2.33E-06
-87.0919,-2.33E-06
-87.0919,-2.33E-06
-87.0919,-2.33E-06
-87.0919,-2.33E-06
-87.092,-2.33E-06
-87.092,-2.33E-06
-87.092,-2.33E-06
-87.0921,-2.33E-06
-87.0921,-2.33E-06
-87.0921,-2.33E-06
-87.0922,-2.33E-06
-87.0922,-2.33E-06
-87.0922,-2.33E-06
-87.0922,-2.33E-06
-87.0923,-2.33E-06
-87.0923,-2.33E-06
-87.0923,-2.33E-06
-87.0924,-2.33E-06
-87.0924,-2.33E-06
-87.0924,-2.33E-06
-87.0924,-2.33E-06
-87.0925,-2.33E-06
-87.0925,-2.33E-06
-87.0925,-2.33E-06
-87.0926,-2.33E-06
-87.0926,-2.33E-06
-87.0926,-2.33E-06
-87.0927,-2.33E-06
-87.0927,-2.33E-06
-87.0927,-2.33E-06
-87.0927,-2.33E-06
-87.0928,-2.33E-06
-87.0928,-2.33E-06
-87.0928,-2.33E-06
-87.0929,-2.33E-06
-87.0929,-2.33E-06
-87.0929,-2.33E-06
-87.093,-2.33E-06
-87.093,-2.33E-06
-87.093,-2.33E-06
-87.093,-2.33E-06
-87.0931,-2.33E-06
-87.0931,-2.33E-06
-87.0931,-2.33E-06
-87.0932,-2.33E-06
-87.0932,-2.33E-06
-87.0932,-2.33E-06
-87.0932,-2.33E-06
-87.0933,-2.33E-06
-87.0933,-2.33E-06
-87.0933,-2.33E-06
-87.0934,-2.33E-06
-87.0934,-2.33E-06
-87.0934,-2.33E-06
-87.0935,-2.33E-06
-87.0935,-2.33E-06
-87.0935,-2.33E-06
-87.0935,-2.33E-06
-87.0936,-2.33E-06
-87.0936,-2.33E-06
-87.0936,-2.33E-06
-87.0937,-2.33E-06
-87.0937,-2.33E-06
-87.0937,-2.33E-06
-87.0937,-2.33E-06
-87.0938,-2.33E-06
-87.0938,-2.33E-06
-87.0938,-2.33E-06
-87.0939,-2.33E-06
-87.0939,-2.33E-06
-87.0939,-2.33E-06
-87.094,-2.33E-06
-87.094,-2.33E-06
-87.094,-2.33E-06
-87.094,-2.33E-06
-87.0941,-2.33E-06
-87.0941,-2.33E-06
-87.0941,-2.33E-06
-87.0942,-2.33E-06
-87.0942,-2.33E-06
-87.0942,-2.33E-06
-87.0942,-2.33E-06
-87.0943,-2.33E-06
-87.0943,-2.33E-06
-87.0943,-2.33E-06
-87.0944,-2.33E-06
-87.0944,-2.33E-06
-87.0944,-2.33E-06
-87.0945,-2.33E-06
-87.0945,-2.33E-06
-87.0945,-2.33E-06
-87.0945,-2.33E-06
-87.0946,-2.33E-06
-87.0946,-2.33E-06
-87.0946,-2.33E-06
-87.0947,-2.33E-06
-87.0947,-2.33E-06
-87.0947,-2.33E-06
-87.0947,-2.33E-06
-87.0948,-2.33E-06
-87.0948,-2.33E-06
-87.0948,-2.33E-06
-87.0949,-2.33E-06
-87.0949,-2.33E-06
-87.0949,-2.33E-06
-87.0949,-2.33E-06
-87.095,-2.33E-06
-87.095,-2.33E-06
-87.095,-2.33E-06
-87.0951,-2.33E-06
-87.0951,-2.33E-06
-87.0951,-2.33E-06
-87.0952,-2.33E-06
-87.0952,-2.33E-06
-87.0952,-2.33E-06
-87.0952,-2.33E-06
-87.0953,-2.33E-06
-87.0953,-2.33E-06
-87.0953,-2.33E-06
-87.0954,-2.33E-06
-87.0954,-2.33E-06
-87.0954,-2.33E-06
-87.0954,-2.33E-06
-87.0955,-2.33E-06
-87.0955,-2.33E-06
-87.0955,-2.33E-06
-87.0956,-2.33E-06
-87.0956,-2.33E-06
-87.0956,-2.33E-06
-87.0957,-2.33E-06
-87.0957,-2.33E-06
-87.0957,-2.33E-06
-87.0957,-2.33E-06
-87.0958,-2.33E-06
-87.0958,-2.33E-06
-87.0958,-2.33E-06
-87.0959,-2.33E-06
-87.0959,-2.33E-06
-87.0959,-2.33E-06
-87.0959,-2.33E-06
-87.096,-2.33E-06
-87.096,-2.33E-06
-87.096,-2.33E-06
-87.0961,-2.33E-06
-87.0961,-2.33E-06
-87.0961,-2.33E-06
-87.0961,-2.33E-06
-87.0962,-2.33E-06
-87.0962,-2.33E-06
-87.0962,-2.33E-06
-87.0963,-2.33E-06
-87.0963,-2.33E-06
-87.0963,-2.33E-06
-87.0963,-2.33E-06
-87.0964,-2.33E-06
-87.0964,-2.33E-06
-87.0964,-2.33E-06
-87.0965,-2.33E-06
-87.0965,-2.33E-06
-87.0965,-2.33E-06
-87.0966,-2.33E-06
-87.0966,-2.33E-06
-87.0966,-2.33E-06
-87.0966,-2.33E-06
-87.0967,-2.33E-06
-87.0967,-2.33E-06
-87.0967,-2.33E-06
-87.0968,-2.33E-06
-87.0968,-2.33E-06
-87.0968,-2.33E-06
-87.0968,-2.33E-06
-87.0969,-2.33E-06
-87.0969,-2.33E-06
-87.0969,-2.33E-06
-87.097,-2.33E-06
-87.097,-2.33E-06
-87.097,-2.33E-06
-87.097,-2.33E-06
-87.0971,-2.33E-06
-87.0971,-2.33E-06
-87.0971,-2.33E-06
-87.0972,-2.33E-06
-87.0972,-2.33E-06
-87.0972,-2.33E-06
-87.0972,-2.33E-06
-87.0973,-2.33E-06
-87.0973,-2.33E-06
-87.0973,-2.33E-06
-87.0974,-2.33E-06
-87.0974,-2.33E-06
-87.0974,-2.33E-06
-87.0975,-2.33E-06
-87.0975,-2.33E-06
-87.0975,-2.33E-06
-87.0975,-2.33E-06
-87.0976,-2.33E-06
-87.0976,-2.33E-06
-87.0976,-2.33E-06
-87.0977,-2.33E-06
-87.0977,-2.33E-06
-87.0977,-2.33E-06
-87.0977,-2.33E-06
-87.0978,-2.33E-06
-87.0978,-2.33E-06
-87.0978,-2.33E-06
-87.0979,-2.33E-06
-87.0979,-2.33E-06
-87.0979,-2.33E-06
-87.0979,-2.33E-06
-87.098,-2.33E-06
-87.098,-2.33E-06
-87.098,-2.33E-06
-87.0981,-2.33E-06
-87.0981,-2.33E-06
-87.0981,-2.33E-06
-87.0981,-2.33E-06
-87.0982,-2.33E-06
-87.0982,-2.33E-06
-87.0982,-2.33E-06
-87.0983,-2.33E-06
-87.0983,-2.33E-06
-87.0983,-2.33E-06
-87.0983,-2.33E-06
-87.0984,-2.33E-06
-87.0984,-2.33E-06
-87.0984,-2.33E-06
-87.0985,-2.33E-06
-87.0985,-2.33E-06
-87.0985,-2.33E-06
-87.0985,-2.33E-06
-87.0986,-2.33E-06
-87.0986,-2.33E-06
-87.0986,-2.33E-06
-87.0987,-2.33E-06
-87.0987,-2.33E-06
-87.0987,-2.33E-06
-87.0987,-2.33E-06
-87.0988,-2.33E-06
-87.0988,-2.33E-06
-87.0988,-2.33E-06
-87.0989,-2.33E-06
-87.0989,-2.33E-06
-87.0989,-2.33E-06
-87.0989,-2.33E-06
-87.099,-2.33E-06
-87.099,-2.33E-06
-87.099,-2.33E-06
-87.0991,-2.33E-06
-87.0991,-2.33E-06
-87.0991,-2.33E-06
-87.0991,-2.33E-06
-87.0992,-2.33E-06
-87.0992,-2.33E-06
-87.0992,-2.33E-06
-87.0993,-2.33E-06
-87.0993,-2.33E-06
-87.0993,-2.33E-06
-87.0993,-2.33E-06
-87.0994,-2.33E-06
-87.0994,-2.33E-06
-87.0994,-2.33E-06
-87.0995,-2.33E-06
-87.0995,-2.33E-06
-87.0995,-2.33E-06
-87.0995,-2.33E-06
-87.0996,-2.33E-06
-87.0996,-2.33E-06
-87.0996,-2.33E-06
-87.0997,-2.33E-06
-87.0997,-2.33E-06
-87.0997,-2.33E-06
-87.0997,-2.33E-06
-87.0998,-2.33E-06
-87.0998,-2.33E-06
-87.0998,-2.33E-06
-87.0999,-2.33E-06
-87.0999,-2.33E-06
-87.0999,-2.33E-06
-87.0999,-2.33E-06
-87.1,-2.33E-06
-87.1,-2.33E-06
-87.1,-2.33E-06
-87.1001,-2.33E-06
-87.1001,-2.33E-06
-87.1001,-2.33E-06
-87.1001,-2.33E-06
-87.1002,-2.33E-06
-87.1002,-2.33E-06
-87.1002,-2.33E-06
-87.1003,-2.33E-06
-87.1003,-2.33E-06
-87.1003,-2.32E-06
-87.1003,-2.32E-06
-87.1004,-2.32E-06
-87.1004,-2.32E-06
-87.1004,-2.32E-06
-87.1005,-2.32E-06
-87.1005,-2.32E-06
-87.1005,-2.32E-06
-87.1005,-2.32E-06
-87.1006,-2.32E-06
-87.1006,-2.32E-06
-87.1006,-2.32E-06
-87.1007,-2.32E-06
-87.1007,-2.32E-06
-87.1007,-2.32E-06
-87.1007,-2.32E-06
-87.1008,-2.32E-06
-87.1008,-2.32E-06
-87.1008,-2.32E-06
-87.1009,-2.32E-06
-87.1009,-2.32E-06
-87.1009,-2.32E-06
-87.1009,-2.32E-06
-87.101,-2.32E-06
-87.101,-2.32E-06
-87.101,-2.32E-06
-87.1011,-2.32E-06
-87.1011,-2.32E-06
-87.1011,-2.32E-06
-87.1011,-2.32E-06
-87.1012,-2.32E-06
-87.1012,-2.32E-06
-87.1012,-2.32E-06
-87.1013,-2.32E-06
-87.1013,-2.32E-06
-87.1013,-2.32E-06
-87.1013,-2.32E-06
-87.1014,-2.32E-06
-87.1014,-2.32E-06
-87.1014,-2.32E-06
-87.1015,-2.32E-06
-87.1015,-2.32E-06
-87.1015,-2.32E-06
-87.1015,-2.32E-06
-87.1016,-2.32E-06
-87.1016,-2.32E-06
-87.1016,-2.32E-06
-87.1017,-2.32E-06
-87.1017,-2.32E-06
-87.1017,-2.32E-06
-87.1017,-2.32E-06
-87.1018,-2.32E-06
-87.1018,-2.32E-06
-87.1018,-2.32E-06
-87.1019,-2.32E-06
-87.1019,-2.32E-06
-87.1019,-2.32E-06
-87.1019,-2.32E-06
-87.102,-2.32E-06
-87.102,-2.32E-06
-87.102,-2.32E-06
-87.1021,-2.32E-06
-87.1021,-2.32E-06
-87.1021,-2.32E-06
-87.1021,-2.32E-06
-87.1022,-2.32E-06
-87.1022,-2.32E-06
-87.1022,-2.32E-06
-87.1022,-2.32E-06
-87.1023,-2.32E-06
-87.1023,-2.32E-06
-87.1023,-2.32E-06
-87.1024,-2.32E-06
-87.1024,-2.32E-06
-87.1024,-2.32E-06
-87.1024,-2.32E-06
-87.1025,-2.32E-06
-87.1025,-2.32E-06
-87.1025,-2.32E-06
-87.1026,-2.32E-06
-87.1026,-2.32E-06
-87.1026,-2.32E-06
-87.1026,-2.32E-06
-87.1027,-2.32E-06
-87.1027,-2.32E-06
-87.1027,-2.32E-06
-87.1028,-2.32E-06
-87.1028,-2.32E-06
-87.1028,-2.32E-06
-87.1028,-2.32E-06
-87.1029,-2.32E-06
-87.1029,-2.32E-06
-87.1029,-2.32E-06
-87.103,-2.32E-06
-87.103,-2.32E-06
-87.103,-2.32E-06
-87.103,-2.32E-06
-87.1031,-2.32E-06
-87.1031,-2.32E-06
-87.1031,-2.32E-06
-87.1031,-2.32E-06
-87.1032,-2.32E-06
-87.1032,-2.32E-06
-87.1032,-2.32E-06
-87.1033,-2.32E-06
-87.1033,-2.32E-06
-87.1033,-2.32E-06
-87.1033,-2.32E-06
-87.1034,-2.32E-06
-87.1034,-2.32E-06
-87.1034,-2.32E-06
-87.1035,-2.32E-06
-87.1035,-2.32E-06
-87.1035,-2.32E-06
-87.1035,-2.32E-06
-87.1036,-2.32E-06
-87.1036,-2.32E-06
-87.1036,-2.32E-06
-87.1037,-2.32E-06
-87.1037,-2.32E-06
-87.1037,-2.32E-06
-87.1037,-2.32E-06
-87.1038,-2.32E-06
-87.1038,-2.32E-06
-87.1038,-2.32E-06
-87.1039,-2.32E-06
-87.1039,-2.32E-06
-87.1039,-2.32E-06
-87.1039,-2.32E-06
-87.104,-2.32E-06
-87.104,-2.32E-06
-87.104,-2.32E-06
-87.104,-2.32E-06
-87.1041,-2.32E-06
-87.1041,-2.32E-06
-87.1041,-2.32E-06
-87.1042,-2.32E-06
-87.1042,-2.32E-06
-87.1042,-2.32E-06
-87.1042,-2.32E-06
-87.1043,-2.32E-06
-87.1043,-2.32E-06
-87.1043,-2.32E-06
-87.1044,-2.32E-06
-87.1044,-2.32E-06
-87.1044,-2.32E-06
-87.1044,-2.32E-06
-87.1045,-2.32E-06
-87.1045,-2.32E-06
-87.1045,-2.32E-06
-87.1045,-2.32E-06
-87.1046,-2.32E-06
-87.1046,-2.32E-06
-87.1046,-2.32E-06
-87.1047,-2.32E-06
-87.1047,-2.32E-06
-87.1047,-2.32E-06
-87.1047,-2.32E-06
-87.1048,-2.32E-06
-87.1048,-2.32E-06
-87.1048,-2.32E-06
-87.1049,-2.32E-06
-87.1049,-2.32E-06
-87.1049,-2.32E-06
-87.1049,-2.32E-06
-87.105,-2.32E-06
-87.105,-2.32E-06
-87.105,-2.32E-06
-87.1051,-2.32E-06
-87.1051,-2.32E-06
-87.1051,-2.32E-06
-87.1051,-2.32E-06
-87.1052,-2.32E-06
-87.1052,-2.32E-06
-87.1052,-2.32E-06
-87.1052,-2.32E-06
-87.1053,-2.32E-06
-87.1053,-2.32E-06
-87.1053,-2.32E-06
-87.1054,-2.32E-06
-87.1054,-2.32E-06
-87.1054,-2.32E-06
-87.1054,-2.32E-06
-87.1055,-2.32E-06
-87.1055,-2.32E-06
-87.1055,-2.32E-06
-87.1056,-2.32E-06
-87.1056,-2.32E-06
-87.1056,-2.32E-06
-87.1056,-2.32E-06
-87.1057,-2.32E-06
-87.1057,-2.32E-06
-87.1057,-2.32E-06
-87.1057,-2.32E-06
-87.1058,-2.32E-06
-87.1058,-2.32E-06
-87.1058,-2.32E-06
-87.1059,-2.32E-06
-87.1059,-2.32E-06
-87.1059,-2.32E-06
-87.1059,-2.32E-06
-87.106,-2.32E-06
-87.106,-2.32E-06
-87.106,-2.32E-06
-87.1061,-2.32E-06
-87.1061,-2.32E-06
-87.1061,-2.32E-06
-87.1061,-2.32E-06
-87.1062,-2.32E-06
-87.1062,-2.32E-06
-87.1062,-2.32E-06
-87.1062,-2.32E-06
-87.1063,-2.32E-06
-87.1063,-2.32E-06
-87.1063,-2.32E-06
-87.1064,-2.32E-06
-87.1064,-2.32E-06
-87.1064,-2.32E-06
-87.1064,-2.32E-06
-87.1065,-2.32E-06
-87.1065,-2.32E-06
-87.1065,-2.32E-06
-87.1065,-2.32E-06
-87.1066,-2.32E-06
-87.1066,-2.32E-06
-87.1066,-2.32E-06
-87.1067,-2.32E-06
-87.1067,-2.32E-06
-87.1067,-2.32E-06
-87.1067,-2.32E-06
-87.1068,-2.32E-06
-87.1068,-2.32E-06
-87.1068,-2.32E-06
-87.1069,-2.32E-06
-87.1069,-2.32E-06
-87.1069,-2.32E-06
-87.1069,-2.32E-06
-87.107,-2.32E-06
-87.107,-2.32E-06
-87.107,-2.32E-06
-87.107,-2.32E-06
-87.1071,-2.32E-06
-87.1071,-2.32E-06
-87.1071,-2.32E-06
-87.1072,-2.32E-06
-87.1072,-2.32E-06
-87.1072,-2.32E-06
-87.1072,-2.32E-06
-87.1073,-2.32E-06
-87.1073,-2.32E-06
-87.1073,-2.32E-06
-87.1073,-2.32E-06
-87.1074,-2.32E-06
-87.1074,-2.32E-06
-87.1074,-2.32E-06
-87.1075,-2.32E-06
-87.1075,-2.32E-06
-87.1075,-2.32E-06
-87.1075,-2.32E-06
-87.1076,-2.32E-06
-87.1076,-2.32E-06
-87.1076,-2.32E-06
-87.1076,-2.32E-06
-87.1077,-2.32E-06
-87.1077,-2.32E-06
-87.1077,-2.32E-06
-87.1078,-2.32E-06
-87.1078,-2.32E-06
-87.1078,-2.32E-06
-87.1078,-2.32E-06
-87.1079,-2.32E-06
-87.1079,-2.32E-06
-87.1079,-2.32E-06
-87.108,-2.32E-06
-87.108,-2.32E-06
-87.108,-2.32E-06
-87.108,-2.32E-06
-87.1081,-2.32E-06
-87.1081,-2.32E-06
-87.1081,-2.32E-06
-87.1081,-2.32E-06
-87.1082,-2.32E-06
-87.1082,-2.32E-06
-87.1082,-2.32E-06
-87.1083,-2.32E-06
-87.1083,-2.32E-06
-87.1083,-2.32E-06
-87.1083,-2.32E-06
-87.1084,-2.32E-06
-87.1084,-2.32E-06
-87.1084,-2.32E-06
-87.1084,-2.32E-06
-87.1085,-2.32E-06
-87.1085,-2.32E-06
-87.1085,-2.32E-06
-87.1086,-2.32E-06
-87.1086,-2.32E-06
-87.1086,-2.32E-06
-87.1086,-2.32E-06
-87.1087,-2.32E-06
-87.1087,-2.32E-06
-87.1087,-2.32E-06
-87.1087,-2.32E-06
-87.1088,-2.32E-06
-87.1088,-2.32E-06
-87.1088,-2.32E-06
-87.1089,-2.32E-06
-87.1089,-2.32E-06
-87.1089,-2.32E-06
-87.1089,-2.32E-06
-87.109,-2.32E-06
-87.109,-2.32E-06
-87.109,-2.32E-06
-87.109,-2.32E-06
-87.1091,-2.31E-06
-87.1091,-2.31E-06
-87.1091,-2.31E-06
-87.1092,-2.31E-06
-87.1092,-2.31E-06
-87.1092,-2.31E-06
-87.1092,-2.31E-06
-87.1093,-2.31E-06
-87.1093,-2.31E-06
-87.1093,-2.31E-06
-87.1093,-2.31E-06
-87.1094,-2.31E-06
-87.1094,-2.31E-06
-87.1094,-2.31E-06
-87.1095,-2.31E-06
-87.1095,-2.31E-06
-87.1095,-2.31E-06
-87.1095,-2.31E-06
-87.1096,-2.31E-06
-87.1096,-2.31E-06
-87.1096,-2.31E-06
-87.1096,-2.31E-06
-87.1097,-2.31E-06
-87.1097,-2.31E-06
-87.1097,-2.31E-06
-87.1098,-2.31E-06
-87.1098,-2.31E-06
-87.1098,-2.31E-06
-87.1098,-2.31E-06
-87.1099,-2.31E-06
-87.1099,-2.31E-06
-87.1099,-2.31E-06
-87.1099,-2.31E-06
-87.11,-2.31E-06
-87.11,-2.31E-06
-87.11,-2.31E-06
-87.1101,-2.31E-06
-87.1101,-2.31E-06
-87.1101,-2.31E-06
-87.1101,-2.31E-06
-87.1102,-2.31E-06
-87.1102,-2.31E-06
-87.1102,-2.31E-06
-87.1102,-2.31E-06
-87.1103,-2.31E-06
-87.1103,-2.31E-06
-87.1103,-2.31E-06
-87.1104,-2.31E-06
-87.1104,-2.31E-06
-87.1104,-2.31E-06
-87.1104,-2.31E-06
-87.1105,-2.31E-06
-87.1105,-2.31E-06
-87.1105,-2.31E-06
-87.1105,-2.31E-06
-87.1106,-2.31E-06
-87.1106,-2.31E-06
-87.1106,-2.31E-06
-87.1106,-2.31E-06
-87.1107,-2.31E-06
-87.1107,-2.31E-06
-87.1107,-2.31E-06
-87.1108,-2.31E-06
-87.1108,-2.31E-06
-87.1108,-2.31E-06
-87.1108,-2.31E-06
-87.1109,-2.31E-06
-87.1109,-2.31E-06
-87.1109,-2.31E-06
-87.1109,-2.31E-06
-87.111,-2.31E-06
-87.111,-2.31E-06
-87.111,-2.31E-06
-87.1111,-2.31E-06
-87.1111,-2.31E-06
-87.1111,-2.31E-06
-87.1111,-2.31E-06
-87.1112,-2.31E-06
-87.1112,-2.31E-06
-87.1112,-2.31E-06
-87.1112,-2.31E-06
-87.1113,-2.31E-06
-87.1113,-2.31E-06
-87.1113,-2.31E-06
-87.1114,-2.31E-06
-87.1114,-2.31E-06
-87.1114,-2.31E-06
-87.1114,-2.31E-06
-87.1115,-2.31E-06
-87.1115,-2.31E-06
-87.1115,-2.31E-06
-87.1115,-2.31E-06
-87.1116,-2.31E-06
-87.1116,-2.31E-06
-87.1116,-2.31E-06
-87.1116,-2.31E-06
-87.1117,-2.31E-06
-87.1117,-2.31E-06
-87.1117,-2.31E-06
-87.1118,-2.31E-06
-87.1118,-2.31E-06
-87.1118,-2.31E-06
-87.1118,-2.31E-06
-87.1119,-2.31E-06
-87.1119,-2.31E-06
-87.1119,-2.31E-06
-87.1119,-2.31E-06
-87.112,-2.31E-06
-87.112,-2.31E-06
-87.112,-2.31E-06
-87.1121,-2.31E-06
-87.1121,-2.31E-06
-87.1121,-2.31E-06
-87.1121,-2.31E-06
-87.1122,-2.31E-06
-87.1122,-2.31E-06
-87.1122,-2.31E-06
-87.1122,-2.31E-06
-87.1123,-2.31E-06
-87.1123,-2.31E-06
-87.1123,-2.31E-06
-87.1123,-2.31E-06
-87.1124,-2.31E-06
-87.1124,-2.31E-06
-87.1124,-2.31E-06
-87.1125,-2.31E-06
-87.1125,-2.31E-06
-87.1125,-2.31E-06
-87.1125,-2.31E-06
-87.1126,-2.31E-06
-87.1126,-2.31E-06
-87.1126,-2.31E-06
-87.1126,-2.31E-06
-87.1127,-2.31E-06
-87.1127,-2.31E-06
-87.1127,-2.31E-06
-87.1127,-2.31E-06
-87.1128,-2.31E-06
-87.1128,-2.31E-06
-87.1128,-2.31E-06
-87.1129,-2.31E-06
-87.1129,-2.31E-06
-87.1129,-2.31E-06
-87.1129,-2.31E-06
-87.113,-2.31E-06
-87.113,-2.31E-06
-87.113,-2.31E-06
-87.113,-2.31E-06
-87.1131,-2.31E-06
-87.1131,-2.31E-06
-87.1131,-2.31E-06
-87.1131,-2.31E-06
-87.1132,-2.31E-06
-87.1132,-2.31E-06
-87.1132,-2.31E-06
-87.1133,-2.31E-06
-87.1133,-2.31E-06
-87.1133,-2.31E-06
-87.1133,-2.31E-06
-87.1134,-2.31E-06
-87.1134,-2.31E-06
-87.1134,-2.31E-06
-87.1134,-2.31E-06
-87.1135,-2.31E-06
-87.1135,-2.31E-06
-87.1135,-2.31E-06
-87.1135,-2.31E-06
-87.1136,-2.31E-06
-87.1136,-2.31E-06
-87.1136,-2.31E-06
-87.1137,-2.31E-06
-87.1137,-2.31E-06
-87.1137,-2.31E-06
-87.1137,-2.31E-06
-87.1138,-2.31E-06
-87.1138,-2.31E-06
-87.1138,-2.31E-06
-87.1138,-2.31E-06
-87.1139,-2.31E-06
-87.1139,-2.31E-06
-87.1139,-2.31E-06
-87.1139,-2.31E-06
-87.114,-2.31E-06
-87.114,-2.31E-06
-87.114,-2.31E-06
-87.1141,-2.31E-06
-87.1141,-2.31E-06
-87.1141,-2.31E-06
-87.1141,-2.31E-06
-87.1142,-2.31E-06
-87.1142,-2.31E-06
-87.1142,-2.31E-06
-87.1142,-2.31E-06
-87.1143,-2.31E-06
-87.1143,-2.31E-06
-87.1143,-2.31E-06
-87.1143,-2.31E-06
-87.1144,-2.31E-06
-87.1144,-2.31E-06
-87.1144,-2.31E-06
-87.1145,-2.31E-06
-87.1145,-2.31E-06
-87.1145,-2.31E-06
-87.1145,-2.31E-06
-87.1146,-2.31E-06
-87.1146,-2.31E-06
-87.1146,-2.31E-06
-87.1146,-2.31E-06
-87.1147,-2.31E-06
-87.1147,-2.31E-06
-87.1147,-2.31E-06
-87.1147,-2.31E-06
-87.1148,-2.31E-06
-87.1148,-2.31E-06
-87.1148,-2.31E-06
-87.1149,-2.31E-06
-87.1149,-2.31E-06
-87.1149,-2.31E-06
-87.1149,-2.31E-06
-87.115,-2.31E-06
-87.115,-2.31E-06
-87.115,-2.31E-06
-87.115,-2.31E-06
-87.1151,-2.31E-06
-87.1151,-2.31E-06
-87.1151,-2.31E-06
-87.1151,-2.31E-06
-87.1152,-2.31E-06
-87.1152,-2.31E-06
-87.1152,-2.31E-06
-87.1152,-2.31E-06
-87.1153,-2.31E-06
-87.1153,-2.31E-06
-87.1153,-2.31E-06
-87.1154,-2.31E-06
-87.1154,-2.31E-06
-87.1154,-2.31E-06
-87.1154,-2.31E-06
-87.1155,-2.31E-06
-87.1155,-2.31E-06
-87.1155,-2.31E-06
-87.1155,-2.31E-06
-87.1156,-2.31E-06
-87.1156,-2.31E-06
-87.1156,-2.31E-06
-87.1156,-2.31E-06
-87.1157,-2.31E-06
-87.1157,-2.31E-06
-87.1157,-2.31E-06
-87.1157,-2.31E-06
-87.1158,-2.31E-06
-87.1158,-2.31E-06
-87.1158,-2.31E-06
-87.1159,-2.31E-06
-87.1159,-2.31E-06
-87.1159,-2.31E-06
-87.1159,-2.31E-06
-87.116,-2.31E-06
-87.116,-2.31E-06
-87.116,-2.31E-06
-87.116,-2.31E-06
-87.1161,-2.31E-06
-87.1161,-2.31E-06
-87.1161,-2.31E-06
-87.1161,-2.31E-06
-87.1162,-2.31E-06
-87.1162,-2.31E-06
-87.1162,-2.31E-06
-87.1162,-2.31E-06
-87.1163,-2.31E-06
-87.1163,-2.31E-06
-87.1163,-2.31E-06
-87.1164,-2.31E-06
-87.1164,-2.31E-06
-87.1164,-2.31E-06
-87.1164,-2.31E-06
-87.1165,-2.31E-06
-87.1165,-2.31E-06
-87.1165,-2.31E-06
-87.1165,-2.31E-06
-87.1166,-2.31E-06
-87.1166,-2.31E-06
-87.1166,-2.31E-06
-87.1166,-2.31E-06
-87.1167,-2.31E-06
-87.1167,-2.31E-06
-87.1167,-2.31E-06
-87.1167,-2.31E-06
-87.1168,-2.31E-06
-87.1168,-2.31E-06
-87.1168,-2.31E-06
-87.1169,-2.31E-06
-87.1169,-2.31E-06
-87.1169,-2.31E-06
-87.1169,-2.31E-06
-87.117,-2.31E-06
-87.117,-2.31E-06
-87.117,-2.31E-06
-87.117,-2.31E-06
-87.1171,-2.31E-06
-87.1171,-2.31E-06
-87.1171,-2.31E-06
-87.1171,-2.31E-06
-87.1172,-2.31E-06
-87.1172,-2.31E-06
-87.1172,-2.31E-06
-87.1172,-2.31E-06
-87.1173,-2.31E-06
-87.1173,-2.31E-06
-87.1173,-2.31E-06
-87.1173,-2.31E-06
-87.1174,-2.31E-06
-87.1174,-2.31E-06
-87.1174,-2.31E-06
-87.1175,-2.31E-06
-87.1175,-2.31E-06
-87.1175,-2.31E-06
-87.1175,-2.31E-06
-87.1176,-2.31E-06
-87.1176,-2.31E-06
-87.1176,-2.31E-06
-87.1176,-2.31E-06
-87.1177,-2.31E-06
-87.1177,-2.31E-06
-87.1177,-2.31E-06
-87.1177,-2.31E-06
-87.1178,-2.31E-06
-87.1178,-2.31E-06
-87.1178,-2.31E-06
-87.1178,-2.31E-06
-87.1179,-2.30E-06
-87.1179,-2.30E-06
-87.1179,-2.30E-06
-87.1179,-2.30E-06
-87.118,-2.30E-06
-87.118,-2.30E-06
-87.118,-2.30E-06
-87.1181,-2.30E-06
-87.1181,-2.30E-06
-87.1181,-2.30E-06
-87.1181,-2.30E-06
-87.1182,-2.30E-06
-87.1182,-2.30E-06
-87.1182,-2.30E-06
-87.1182,-2.30E-06
-87.1183,-2.30E-06
-87.1183,-2.30E-06
-87.1183,-2.30E-06
-87.1183,-2.30E-06
-87.1184,-2.30E-06
-87.1184,-2.30E-06
-87.1184,-2.30E-06
-87.1184,-2.30E-06
-87.1185,-2.30E-06
-87.1185,-2.30E-06
-87.1185,-2.30E-06
-87.1185,-2.30E-06
-87.1186,-2.30E-06
-87.1186,-2.30E-06
-87.1186,-2.30E-06
-87.1187,-2.30E-06
-87.1187,-2.30E-06
-87.1187,-2.30E-06
-87.1187,-2.30E-06
-87.1188,-2.30E-06
-87.1188,-2.30E-06
-87.1188,-2.30E-06
-87.1188,-2.30E-06
-87.1189,-2.30E-06
-87.1189,-2.30E-06
-87.1189,-2.30E-06
-87.1189,-2.30E-06
-87.119,-2.30E-06
-87.119,-2.30E-06
-87.119,-2.30E-06
-87.119,-2.30E-06
-87.1191,-2.30E-06
-87.1191,-2.30E-06
-87.1191,-2.30E-06
-87.1191,-2.30E-06
-87.1192,-2.30E-06
-87.1192,-2.30E-06
-87.1192,-2.30E-06
-87.1192,-2.30E-06
-87.1193,-2.30E-06
-87.1193,-2.30E-06
-87.1193,-2.30E-06
-87.1193,-2.30E-06
-87.1194,-2.30E-06
-87.1194,-2.30E-06
-87.1194,-2.30E-06
-87.1195,-2.30E-06
-87.1195,-2.30E-06
-87.1195,-2.30E-06
-87.1195,-2.30E-06
-87.1196,-2.30E-06
-87.1196,-2.30E-06
-87.1196,-2.30E-06
-87.1196,-2.30E-06
-87.1197,-2.30E-06
-87.1197,-2.30E-06
-87.1197,-2.30E-06
-87.1197,-2.30E-06
-87.1198,-2.30E-06
-87.1198,-2.30E-06
-87.1198,-2.30E-06
-87.1198,-2.30E-06
-87.1199,-2.30E-06
-87.1199,-2.30E-06
-87.1199,-2.30E-06
-87.1199,-2.30E-06
-87.12,-2.30E-06
-87.12,-2.30E-06
-87.12,-2.30E-06
-87.12,-2.30E-06
-87.1201,-2.30E-06
-87.1201,-2.30E-06
-87.1201,-2.30E-06
-87.1201,-2.30E-06
-87.1202,-2.30E-06
-87.1202,-2.30E-06
-87.1202,-2.30E-06
-87.1203,-2.30E-06
-87.1203,-2.30E-06
-87.1203,-2.30E-06
-87.1203,-2.30E-06
-87.1204,-2.30E-06
-87.1204,-2.30E-06
-87.1204,-2.30E-06
-87.1204,-2.30E-06
-87.1205,-2.30E-06
-87.1205,-2.30E-06
-87.1205,-2.30E-06
-87.1205,-2.30E-06
-87.1206,-2.30E-06
-87.1206,-2.30E-06
-87.1206,-2.30E-06
-87.1206,-2.30E-06
-87.1207,-2.30E-06
-87.1207,-2.30E-06
-87.1207,-2.30E-06
-87.1207,-2.30E-06
-87.1208,-2.30E-06
-87.1208,-2.30E-06
-87.1208,-2.30E-06
-87.1208,-2.30E-06
-87.1209,-2.30E-06
-87.1209,-2.30E-06
-87.1209,-2.30E-06
-87.1209,-2.30E-06
-87.121,-2.30E-06
-87.121,-2.30E-06
-87.121,-2.30E-06
-87.121,-2.30E-06
-87.1211,-2.30E-06
-87.1211,-2.30E-06
-87.1211,-2.30E-06
-87.1212,-2.30E-06
-87.1212,-2.30E-06
-87.1212,-2.30E-06
-87.1212,-2.30E-06
-87.1213,-2.30E-06
-87.1213,-2.30E-06
-87.1213,-2.30E-06
-87.1213,-2.30E-06
-87.1214,-2.30E-06
-87.1214,-2.30E-06
-87.1214,-2.30E-06
-87.1214,-2.30E-06
-87.1215,-2.30E-06
-87.1215,-2.30E-06
-87.1215,-2.30E-06
-87.1215,-2.30E-06
-87.1216,-2.30E-06
-87.1216,-2.30E-06
-87.1216,-2.30E-06
-87.1216,-2.30E-06
-87.1217,-2.30E-06
-87.1217,-2.30E-06
-87.1217,-2.30E-06
-87.1217,-2.30E-06
-87.1218,-2.30E-06
-87.1218,-2.30E-06
-87.1218,-2.30E-06
-87.1218,-2.30E-06
-87.1219,-2.30E-06
-87.1219,-2.30E-06
-87.1219,-2.30E-06
-87.1219,-2.30E-06
-87.122,-2.30E-06
-87.122,-2.30E-06
-87.122,-2.30E-06
-87.122,-2.30E-06
-87.1221,-2.30E-06
-87.1221,-2.30E-06
-87.1221,-2.30E-06
-87.1221,-2.30E-06
-87.1222,-2.30E-06
-87.1222,-2.30E-06
-87.1222,-2.30E-06
-87.1222,-2.30E-06
-87.1223,-2.30E-06
-87.1223,-2.30E-06
-87.1223,-2.30E-06
-87.1224,-2.30E-06
-87.1224,-2.30E-06
-87.1224,-2.30E-06
-87.1224,-2.30E-06
-87.1225,-2.30E-06
-87.1225,-2.30E-06
-87.1225,-2.30E-06
-87.1225,-2.30E-06
-87.1226,-2.30E-06
-87.1226,-2.30E-06
-87.1226,-2.30E-06
-87.1226,-2.30E-06
-87.1227,-2.30E-06
-87.1227,-2.30E-06
-87.1227,-2.30E-06
-87.1227,-2.30E-06
-87.1228,-2.30E-06
-87.1228,-2.30E-06
-87.1228,-2.30E-06
-87.1228,-2.30E-06
-87.1229,-2.30E-06
-87.1229,-2.30E-06
-87.1229,-2.30E-06
-87.1229,-2.30E-06
-87.123,-2.30E-06
-87.123,-2.30E-06
-87.123,-2.30E-06
-87.123,-2.30E-06
-87.1231,-2.30E-06
-87.1231,-2.30E-06
-87.1231,-2.30E-06
-87.1231,-2.30E-06
-87.1232,-2.30E-06
-87.1232,-2.30E-06
-87.1232,-2.30E-06
-87.1232,-2.30E-06
-87.1233,-2.30E-06
-87.1233,-2.30E-06
-87.1233,-2.30E-06
-87.1233,-2.30E-06
-87.1234,-2.30E-06
-87.1234,-2.30E-06
-87.1234,-2.30E-06
-87.1234,-2.30E-06
-87.1235,-2.30E-06
-87.1235,-2.30E-06
-87.1235,-2.30E-06
-87.1235,-2.30E-06
-87.1236,-2.30E-06
-87.1236,-2.30E-06
-87.1236,-2.30E-06
-87.1236,-2.30E-06
-87.1237,-2.30E-06
-87.1237,-2.30E-06
-87.1237,-2.30E-06
-87.1237,-2.30E-06
-87.1238,-2.30E-06
-87.1238,-2.30E-06
-87.1238,-2.30E-06
-87.1238,-2.30E-06
-87.1239,-2.30E-06
-87.1239,-2.30E-06
-87.1239,-2.30E-06
-87.1239,-2.30E-06
-87.124,-2.30E-06
-87.124,-2.30E-06
-87.124,-2.30E-06
-87.124,-2.30E-06
-87.1241,-2.30E-06
-87.1241,-2.30E-06
-87.1241,-2.30E-06
-87.1241,-2.30E-06
-87.1242,-2.30E-06
-87.1242,-2.30E-06
-87.1242,-2.30E-06
-87.1242,-2.30E-06
-87.1243,-2.30E-06
-87.1243,-2.30E-06
-87.1243,-2.30E-06
-87.1243,-2.30E-06
-87.1244,-2.30E-06
-87.1244,-2.30E-06
-87.1244,-2.30E-06
-87.1245,-2.30E-06
-87.1245,-2.30E-06
-87.1245,-2.30E-06
-87.1245,-2.30E-06
-87.1246,-2.30E-06
-87.1246,-2.30E-06
-87.1246,-2.30E-06
-87.1246,-2.30E-06
-87.1247,-2.30E-06
-87.1247,-2.30E-06
-87.1247,-2.30E-06
-87.1247,-2.30E-06
-87.1248,-2.30E-06
-87.1248,-2.30E-06
-87.1248,-2.30E-06
-87.1248,-2.30E-06
-87.1249,-2.30E-06
-87.1249,-2.30E-06
-87.1249,-2.30E-06
-87.1249,-2.30E-06
-87.125,-2.30E-06
-87.125,-2.30E-06
-87.125,-2.30E-06
-87.125,-2.30E-06
-87.1251,-2.30E-06
-87.1251,-2.30E-06
-87.1251,-2.30E-06
-87.1251,-2.30E-06
-87.1252,-2.30E-06
-87.1252,-2.30E-06
-87.1252,-2.30E-06
-87.1252,-2.30E-06
-87.1253,-2.30E-06
-87.1253,-2.30E-06
-87.1253,-2.30E-06
-87.1253,-2.30E-06
-87.1254,-2.30E-06
-87.1254,-2.30E-06
-87.1254,-2.30E-06
-87.1254,-2.30E-06
-87.1255,-2.30E-06
-87.1255,-2.30E-06
-87.1255,-2.30E-06
-87.1255,-2.30E-06
-87.1256,-2.30E-06
-87.1256,-2.30E-06
-87.1256,-2.30E-06
-87.1256,-2.30E-06
-87.1257,-2.30E-06
-87.1257,-2.30E-06
-87.1257,-2.30E-06
-87.1257,-2.30E-06
-87.1258,-2.30E-06
-87.1258,-2.30E-06
-87.1258,-2.30E-06
-87.1258,-2.30E-06
-87.1259,-2.30E-06
-87.1259,-2.30E-06
-87.1259,-2.30E-06
-87.1259,-2.30E-06
-87.126,-2.30E-06
-87.126,-2.30E-06
-87.126,-2.30E-06
-87.126,-2.30E-06
-87.1261,-2.30E-06
-87.1261,-2.30E-06
-87.1261,-2.30E-06
-87.1261,-2.30E-06
-87.1262,-2.30E-06
-87.1262,-2.30E-06
-87.1262,-2.30E-06
-87.1262,-2.30E-06
-87.1263,-2.30E-06
-87.1263,-2.30E-06
-87.1263,-2.30E-06
-87.1263,-2.30E-06
-87.1264,-2.30E-06
-87.1264,-2.30E-06
-87.1264,-2.30E-06
-87.1264,-2.30E-06
-87.1265,-2.30E-06
-87.1265,-2.30E-06
-87.1265,-2.30E-06
-87.1265,-2.30E-06
-87.1266,-2.30E-06
-87.1266,-2.30E-06
-87.1266,-2.30E-06
-87.1266,-2.30E-06
-87.1267,-2.30E-06
-87.1267,-2.30E-06
-87.1267,-2.29E-06
-87.1267,-2.29E-06
-87.1268,-2.29E-06
-87.1268,-2.29E-06
-87.1268,-2.29E-06
-87.1268,-2.29E-06
-87.1268,-2.29E-06
-87.1269,-2.29E-06
-87.1269,-2.29E-06
-87.1269,-2.29E-06
-87.1269,-2.29E-06
-87.127,-2.29E-06
-87.127,-2.29E-06
-87.127,-2.29E-06
-87.127,-2.29E-06
-87.1271,-2.29E-06
-87.1271,-2.29E-06
-87.1271,-2.29E-06
-87.1271,-2.29E-06
-87.1272,-2.29E-06
-87.1272,-2.29E-06
-87.1272,-2.29E-06
-87.1272,-2.29E-06
-87.1273,-2.29E-06
-87.1273,-2.29E-06
-87.1273,-2.29E-06
-87.1273,-2.29E-06
-87.1274,-2.29E-06
-87.1274,-2.29E-06
-87.1274,-2.29E-06
-87.1274,-2.29E-06
-87.1275,-2.29E-06
-87.1275,-2.29E-06
-87.1275,-2.29E-06
-87.1275,-2.29E-06
-87.1276,-2.29E-06
-87.1276,-2.29E-06
-87.1276,-2.29E-06
-87.1276,-2.29E-06
-87.1277,-2.29E-06
-87.1277,-2.29E-06
-87.1277,-2.29E-06
-87.1277,-2.29E-06
-87.1278,-2.29E-06
-87.1278,-2.29E-06
-87.1278,-2.29E-06
-87.1278,-2.29E-06
-87.1279,-2.29E-06
-87.1279,-2.29E-06
-87.1279,-2.29E-06
-87.1279,-2.29E-06
-87.128,-2.29E-06
-87.128,-2.29E-06
-87.128,-2.29E-06
-87.128,-2.29E-06
-87.1281,-2.29E-06
-87.1281,-2.29E-06
-87.1281,-2.29E-06
-87.1281,-2.29E-06
-87.1282,-2.29E-06
-87.1282,-2.29E-06
-87.1282,-2.29E-06
-87.1282,-2.29E-06
-87.1283,-2.29E-06
-87.1283,-2.29E-06
-87.1283,-2.29E-06
-87.1283,-2.29E-06
-87.1284,-2.29E-06
-87.1284,-2.29E-06
-87.1284,-2.29E-06
-87.1284,-2.29E-06
-87.1285,-2.29E-06
-87.1285,-2.29E-06
-87.1285,-2.29E-06
-87.1285,-2.29E-06
-87.1286,-2.29E-06
-87.1286,-2.29E-06
-87.1286,-2.29E-06
-87.1286,-2.29E-06
-87.1287,-2.29E-06
-87.1287,-2.29E-06
-87.1287,-2.29E-06
-87.1287,-2.29E-06
-87.1288,-2.29E-06
-87.1288,-2.29E-06
-87.1288,-2.29E-06
-87.1288,-2.29E-06
-87.1288,-2.29E-06
-87.1289,-2.29E-06
-87.1289,-2.29E-06
-87.1289,-2.29E-06
-87.1289,-2.29E-06
-87.129,-2.29E-06
-87.129,-2.29E-06
-87.129,-2.29E-06
-87.129,-2.29E-06
-87.1291,-2.29E-06
-87.1291,-2.29E-06
-87.1291,-2.29E-06
-87.1291,-2.29E-06
-87.1292,-2.29E-06
-87.1292,-2.29E-06
-87.1292,-2.29E-06
-87.1292,-2.29E-06
-87.1293,-2.29E-06
-87.1293,-2.29E-06
-87.1293,-2.29E-06
-87.1293,-2.29E-06
-87.1294,-2.29E-06
-87.1294,-2.29E-06
-87.1294,-2.29E-06
-87.1294,-2.29E-06
-87.1295,-2.29E-06
-87.1295,-2.29E-06
-87.1295,-2.29E-06
-87.1295,-2.29E-06
-87.1296,-2.29E-06
-87.1296,-2.29E-06
-87.1296,-2.29E-06
-87.1296,-2.29E-06
-87.1297,-2.29E-06
-87.1297,-2.29E-06
-87.1297,-2.29E-06
-87.1297,-2.29E-06
-87.1298,-2.29E-06
-87.1298,-2.29E-06
-87.1298,-2.29E-06
-87.1298,-2.29E-06
-87.1299,-2.29E-06
-87.1299,-2.29E-06
-87.1299,-2.29E-06
-87.1299,-2.29E-06
-87.13,-2.29E-06
-87.13,-2.29E-06
-87.13,-2.29E-06
-87.13,-2.29E-06
-87.13,-2.29E-06
-87.1301,-2.29E-06
-87.1301,-2.29E-06
-87.1301,-2.29E-06
-87.1301,-2.29E-06
-87.1302,-2.29E-06
-87.1302,-2.29E-06
-87.1302,-2.29E-06
-87.1302,-2.29E-06
-87.1303,-2.29E-06
-87.1303,-2.29E-06
-87.1303,-2.29E-06
-87.1303,-2.29E-06
-87.1304,-2.29E-06
-87.1304,-2.29E-06
-87.1304,-2.29E-06
-87.1304,-2.29E-06
-87.1305,-2.29E-06
-87.1305,-2.29E-06
-87.1305,-2.29E-06
-87.1305,-2.29E-06
-87.1306,-2.29E-06
-87.1306,-2.29E-06
-87.1306,-2.29E-06
-87.1306,-2.29E-06
-87.1307,-2.29E-06
-87.1307,-2.29E-06
-87.1307,-2.29E-06
-87.1307,-2.29E-06
-87.1308,-2.29E-06
-87.1308,-2.29E-06
-87.1308,-2.29E-06
-87.1308,-2.29E-06
-87.1309,-2.29E-06
-87.1309,-2.29E-06
-87.1309,-2.29E-06
-87.1309,-2.29E-06
-87.1309,-2.29E-06
-87.131,-2.29E-06
-87.131,-2.29E-06
-87.131,-2.29E-06
-87.131,-2.29E-06
-87.1311,-2.29E-06
-87.1311,-2.29E-06
-87.1311,-2.29E-06
-87.1311,-2.29E-06
-87.1312,-2.29E-06
-87.1312,-2.29E-06
-87.1312,-2.29E-06
-87.1312,-2.29E-06
-87.1313,-2.29E-06
-87.1313,-2.29E-06
-87.1313,-2.29E-06
-87.1313,-2.29E-06
-87.1314,-2.29E-06
-87.1314,-2.29E-06
-87.1314,-2.29E-06
-87.1314,-2.29E-06
-87.1315,-2.29E-06
-87.1315,-2.29E-06
-87.1315,-2.29E-06
-87.1315,-2.29E-06
-87.1316,-2.29E-06
-87.1316,-2.29E-06
-87.1316,-2.29E-06
-87.1316,-2.29E-06
-87.1317,-2.29E-06
-87.1317,-2.29E-06
-87.1317,-2.29E-06
-87.1317,-2.29E-06
-87.1317,-2.29E-06
-87.1318,-2.29E-06
-87.1318,-2.29E-06
-87.1318,-2.29E-06
-87.1318,-2.29E-06
-87.1319,-2.29E-06
-87.1319,-2.29E-06
-87.1319,-2.29E-06
-87.1319,-2.29E-06
-87.132,-2.29E-06
-87.132,-2.29E-06
-87.132,-2.29E-06
-87.132,-2.29E-06
-87.1321,-2.29E-06
-87.1321,-2.29E-06
-87.1321,-2.29E-06
-87.1321,-2.29E-06
-87.1322,-2.29E-06
-87.1322,-2.29E-06
-87.1322,-2.29E-06
-87.1322,-2.29E-06
-87.1323,-2.29E-06
-87.1323,-2.29E-06
-87.1323,-2.29E-06
-87.1323,-2.29E-06
-87.1324,-2.29E-06
-87.1324,-2.29E-06
-87.1324,-2.29E-06
-87.1324,-2.29E-06
-87.1324,-2.29E-06
-87.1325,-2.29E-06
-87.1325,-2.29E-06
-87.1325,-2.29E-06
-87.1325,-2.29E-06
-87.1326,-2.29E-06
-87.1326,-2.29E-06
-87.1326,-2.29E-06
-87.1326,-2.29E-06
-87.1327,-2.29E-06
-87.1327,-2.29E-06
-87.1327,-2.29E-06
-87.1327,-2.29E-06
-87.1328,-2.29E-06
-87.1328,-2.29E-06
-87.1328,-2.29E-06
-87.1328,-2.29E-06
-87.1329,-2.29E-06
-87.1329,-2.29E-06
-87.1329,-2.29E-06
-87.1329,-2.29E-06
-87.133,-2.29E-06
-87.133,-2.29E-06
-87.133,-2.29E-06
-87.133,-2.29E-06
-87.133,-2.29E-06
-87.1331,-2.29E-06
-87.1331,-2.29E-06
-87.1331,-2.29E-06
-87.1331,-2.29E-06
-87.1332,-2.29E-06
-87.1332,-2.29E-06
-87.1332,-2.29E-06
-87.1332,-2.29E-06
-87.1333,-2.29E-06
-87.1333,-2.29E-06
-87.1333,-2.29E-06
-87.1333,-2.29E-06
-87.1334,-2.29E-06
-87.1334,-2.29E-06
-87.1334,-2.29E-06
-87.1334,-2.29E-06
-87.1335,-2.29E-06
-87.1335,-2.29E-06
-87.1335,-2.29E-06
-87.1335,-2.29E-06
-87.1336,-2.29E-06
-87.1336,-2.29E-06
-87.1336,-2.29E-06
-87.1336,-2.29E-06
-87.1336,-2.29E-06
-87.1337,-2.29E-06
-87.1337,-2.29E-06
-87.1337,-2.29E-06
-87.1337,-2.29E-06
-87.1338,-2.29E-06
-87.1338,-2.29E-06
-87.1338,-2.29E-06
-87.1338,-2.29E-06
-87.1339,-2.29E-06
-87.1339,-2.29E-06
-87.1339,-2.29E-06
-87.1339,-2.29E-06
-87.134,-2.29E-06
-87.134,-2.29E-06
-87.134,-2.29E-06
-87.134,-2.29E-06
-87.1341,-2.29E-06
-87.1341,-2.29E-06
-87.1341,-2.29E-06
-87.1341,-2.29E-06
-87.1341,-2.29E-06
-87.1342,-2.29E-06
-87.1342,-2.29E-06
-87.1342,-2.29E-06
-87.1342,-2.29E-06
-87.1343,-2.29E-06
-87.1343,-2.29E-06
-87.1343,-2.29E-06
-87.1343,-2.29E-06
-87.1344,-2.29E-06
-87.1344,-2.29E-06
-87.1344,-2.29E-06
-87.1344,-2.29E-06
-87.1345,-2.29E-06
-87.1345,-2.29E-06
-87.1345,-2.29E-06
-87.1345,-2.29E-06
-87.1346,-2.29E-06
-87.1346,-2.29E-06
-87.1346,-2.29E-06
-87.1346,-2.29E-06
-87.1346,-2.29E-06
-87.1347,-2.29E-06
-87.1347,-2.29E-06
-87.1347,-2.29E-06
-87.1347,-2.29E-06
-87.1348,-2.29E-06
-87.1348,-2.29E-06
-87.1348,-2.29E-06
-87.1348,-2.29E-06
-87.1349,-2.29E-06
-87.1349,-2.29E-06
-87.1349,-2.29E-06
-87.1349,-2.29E-06
-87.135,-2.29E-06
-87.135,-2.29E-06
-87.135,-2.29E-06
-87.135,-2.29E-06
-87.1351,-2.29E-06
-87.1351,-2.29E-06
-87.1351,-2.29E-06
-87.1351,-2.29E-06
-87.1351,-2.29E-06
-87.1352,-2.29E-06
-87.1352,-2.29E-06
-87.1352,-2.29E-06
-87.1352,-2.29E-06
-87.1353,-2.29E-06
-87.1353,-2.29E-06
-87.1353,-2.29E-06
-87.1353,-2.29E-06
-87.1354,-2.29E-06
-87.1354,-2.29E-06
-87.1354,-2.29E-06
-87.1354,-2.29E-06
-87.1355,-2.29E-06
-87.1355,-2.29E-06
-87.1355,-2.29E-06
-87.1355,-2.29E-06
-87.1356,-2.29E-06
-87.1356,-2.28E-06
-87.1356,-2.28E-06
-87.1356,-2.28E-06
-87.1356,-2.28E-06
-87.1357,-2.28E-06
-87.1357,-2.28E-06
-87.1357,-2.28E-06
-87.1357,-2.28E-06
-87.1358,-2.28E-06
-87.1358,-2.28E-06
-87.1358,-2.28E-06
-87.1358,-2.28E-06
-87.1359,-2.28E-06
-87.1359,-2.28E-06
-87.1359,-2.28E-06
-87.1359,-2.28E-06
-87.136,-2.28E-06
-87.136,-2.28E-06
-87.136,-2.28E-06
-87.136,-2.28E-06
-87.136,-2.28E-06
-87.1361,-2.28E-06
-87.1361,-2.28E-06
-87.1361,-2.28E-06
-87.1361,-2.28E-06
-87.1362,-2.28E-06
-87.1362,-2.28E-06
-87.1362,-2.28E-06
-87.1362,-2.28E-06
-87.1363,-2.28E-06
-87.1363,-2.28E-06
-87.1363,-2.28E-06
-87.1363,-2.28E-06
-87.1364,-2.28E-06
-87.1364,-2.28E-06
-87.1364,-2.28E-06
-87.1364,-2.28E-06
-87.1364,-2.28E-06
-87.1365,-2.28E-06
-87.1365,-2.28E-06
-87.1365,-2.28E-06
-87.1365,-2.28E-06
-87.1366,-2.28E-06
-87.1366,-2.28E-06
-87.1366,-2.28E-06
-87.1366,-2.28E-06
-87.1367,-2.28E-06
-87.1367,-2.28E-06
-87.1367,-2.28E-06
-87.1367,-2.28E-06
-87.1368,-2.28E-06
-87.1368,-2.28E-06
-87.1368,-2.28E-06
-87.1368,-2.28E-06
-87.1368,-2.28E-06
-87.1369,-2.28E-06
-87.1369,-2.28E-06
-87.1369,-2.28E-06
-87.1369,-2.28E-06
-87.137,-2.28E-06
-87.137,-2.28E-06
-87.137,-2.28E-06
-87.137,-2.28E-06
-87.1371,-2.28E-06
-87.1371,-2.28E-06
-87.1371,-2.28E-06
-87.1371,-2.28E-06
-87.1372,-2.28E-06
-87.1372,-2.28E-06
-87.1372,-2.28E-06
-87.1372,-2.28E-06
-87.1372,-2.28E-06
-87.1373,-2.28E-06
-87.1373,-2.28E-06
-87.1373,-2.28E-06
-87.1373,-2.28E-06
-87.1374,-2.28E-06
-87.1374,-2.28E-06
-87.1374,-2.28E-06
-87.1374,-2.28E-06
-87.1375,-2.28E-06
-87.1375,-2.28E-06
-87.1375,-2.28E-06
-87.1375,-2.28E-06
-87.1375,-2.28E-06
-87.1376,-2.28E-06
-87.1376,-2.28E-06
-87.1376,-2.28E-06
-87.1376,-2.28E-06
-87.1377,-2.28E-06
-87.1377,-2.28E-06
-87.1377,-2.28E-06
-87.1377,-2.28E-06
-87.1378,-2.28E-06
-87.1378,-2.28E-06
-87.1378,-2.28E-06
-87.1378,-2.28E-06
-87.1379,-2.28E-06
-87.1379,-2.28E-06
-87.1379,-2.28E-06
-87.1379,-2.28E-06
-87.1379,-2.28E-06
-87.138,-2.28E-06
-87.138,-2.28E-06
-87.138,-2.28E-06
-87.138,-2.28E-06
-87.1381,-2.28E-06
-87.1381,-2.28E-06
-87.1381,-2.28E-06
-87.1381,-2.28E-06
-87.1382,-2.28E-06
-87.1382,-2.28E-06
-87.1382,-2.28E-06
-87.1382,-2.28E-06
-87.1383,-2.28E-06
-87.1383,-2.28E-06
-87.1383,-2.28E-06
-87.1383,-2.28E-06
-87.1383,-2.28E-06
-87.1384,-2.28E-06
-87.1384,-2.28E-06
-87.1384,-2.28E-06
-87.1384,-2.28E-06
-87.1385,-2.28E-06
-87.1385,-2.28E-06
-87.1385,-2.28E-06
-87.1385,-2.28E-06
-87.1386,-2.28E-06
-87.1386,-2.28E-06
-87.1386,-2.28E-06
-87.1386,-2.28E-06
-87.1386,-2.28E-06
-87.1387,-2.28E-06
-87.1387,-2.28E-06
-87.1387,-2.28E-06
-87.1387,-2.28E-06
-87.1388,-2.28E-06
-87.1388,-2.28E-06
-87.1388,-2.28E-06
-87.1388,-2.28E-06
-87.1389,-2.28E-06
-87.1389,-2.28E-06
-87.1389,-2.28E-06
-87.1389,-2.28E-06
-87.1389,-2.28E-06
-87.139,-2.28E-06
-87.139,-2.28E-06
-87.139,-2.28E-06
-87.139,-2.28E-06
-87.1391,-2.28E-06
-87.1391,-2.28E-06
-87.1391,-2.28E-06
-87.1391,-2.28E-06
-87.1392,-2.28E-06
-87.1392,-2.28E-06
-87.1392,-2.28E-06
-87.1392,-2.28E-06
-87.1392,-2.28E-06
-87.1393,-2.28E-06
-87.1393,-2.28E-06
-87.1393,-2.28E-06
-87.1393,-2.28E-06
-87.1394,-2.28E-06
-87.1394,-2.28E-06
-87.1394,-2.28E-06
-87.1394,-2.28E-06
-87.1395,-2.28E-06
-87.1395,-2.28E-06
-87.1395,-2.28E-06
-87.1395,-2.28E-06
-87.1395,-2.28E-06
-87.1396,-2.28E-06
-87.1396,-2.28E-06
-87.1396,-2.28E-06
-87.1396,-2.28E-06
-87.1397,-2.28E-06
-87.1397,-2.28E-06
-87.1397,-2.28E-06
-87.1397,-2.28E-06
-87.1398,-2.28E-06
-87.1398,-2.28E-06
-87.1398,-2.28E-06
-87.1398,-2.28E-06
-87.1399,-2.28E-06
-87.1399,-2.28E-06
-87.1399,-2.28E-06
-87.1399,-2.28E-06
-87.1399,-2.28E-06
-87.14,-2.28E-06
-87.14,-2.28E-06
-87.14,-2.28E-06
-87.14,-2.28E-06
-87.1401,-2.28E-06
-87.1401,-2.28E-06
-87.1401,-2.28E-06
-87.1401,-2.28E-06
-87.1401,-2.28E-06
-87.1402,-2.28E-06
-87.1402,-2.28E-06
-87.1402,-2.28E-06
-87.1402,-2.28E-06
-87.1403,-2.28E-06
-87.1403,-2.28E-06
-87.1403,-2.28E-06
-87.1403,-2.28E-06
-87.1404,-2.28E-06
-87.1404,-2.28E-06
-87.1404,-2.28E-06
-87.1404,-2.28E-06
-87.1404,-2.28E-06
-87.1405,-2.28E-06
-87.1405,-2.28E-06
-87.1405,-2.28E-06
-87.1405,-2.28E-06
-87.1406,-2.28E-06
-87.1406,-2.28E-06
-87.1406,-2.28E-06
-87.1406,-2.28E-06
-87.1407,-2.28E-06
-87.1407,-2.28E-06
-87.1407,-2.28E-06
-87.1407,-2.28E-06
-87.1407,-2.28E-06
-87.1408,-2.28E-06
-87.1408,-2.28E-06
-87.1408,-2.28E-06
-87.1408,-2.28E-06
-87.1409,-2.28E-06
-87.1409,-2.28E-06
-87.1409,-2.28E-06
-87.1409,-2.28E-06
-87.141,-2.28E-06
-87.141,-2.28E-06
-87.141,-2.28E-06
-87.141,-2.28E-06
-87.141,-2.28E-06
-87.1411,-2.28E-06
-87.1411,-2.28E-06
-87.1411,-2.28E-06
-87.1411,-2.28E-06
-87.1412,-2.28E-06
-87.1412,-2.28E-06
-87.1412,-2.28E-06
-87.1412,-2.28E-06
-87.1413,-2.28E-06
-87.1413,-2.28E-06
-87.1413,-2.28E-06
-87.1413,-2.28E-06
-87.1413,-2.28E-06
-87.1414,-2.28E-06
-87.1414,-2.28E-06
-87.1414,-2.28E-06
-87.1414,-2.28E-06
-87.1415,-2.28E-06
-87.1415,-2.28E-06
-87.1415,-2.28E-06
-87.1415,-2.28E-06
-87.1415,-2.28E-06
-87.1416,-2.28E-06
-87.1416,-2.28E-06
-87.1416,-2.28E-06
-87.1416,-2.28E-06
-87.1417,-2.28E-06
-87.1417,-2.28E-06
-87.1417,-2.28E-06
-87.1417,-2.28E-06
-87.1418,-2.28E-06
-87.1418,-2.28E-06
-87.1418,-2.28E-06
-87.1418,-2.28E-06
-87.1418,-2.28E-06
-87.1419,-2.28E-06
-87.1419,-2.28E-06
-87.1419,-2.28E-06
-87.1419,-2.28E-06
-87.142,-2.28E-06
-87.142,-2.28E-06
-87.142,-2.28E-06
-87.142,-2.28E-06
-87.1421,-2.28E-06
-87.1421,-2.28E-06
-87.1421,-2.28E-06
-87.1421,-2.28E-06
-87.1421,-2.28E-06
-87.1422,-2.28E-06
-87.1422,-2.28E-06
-87.1422,-2.28E-06
-87.1422,-2.28E-06
-87.1423,-2.28E-06
-87.1423,-2.28E-06
-87.1423,-2.28E-06
-87.1423,-2.28E-06
-87.1423,-2.28E-06
-87.1424,-2.28E-06
-87.1424,-2.28E-06
-87.1424,-2.28E-06
-87.1424,-2.28E-06
-87.1425,-2.28E-06
-87.1425,-2.28E-06
-87.1425,-2.28E-06
-87.1425,-2.28E-06
-87.1426,-2.28E-06
-87.1426,-2.28E-06
-87.1426,-2.28E-06
-87.1426,-2.28E-06
-87.1426,-2.28E-06
-87.1427,-2.28E-06
-87.1427,-2.28E-06
-87.1427,-2.28E-06
-87.1427,-2.28E-06
-87.1428,-2.28E-06
-87.1428,-2.28E-06
-87.1428,-2.28E-06
-87.1428,-2.28E-06
-87.1428,-2.28E-06
-87.1429,-2.28E-06
-87.1429,-2.28E-06
-87.1429,-2.28E-06
-87.1429,-2.28E-06
-87.143,-2.28E-06
-87.143,-2.28E-06
-87.143,-2.28E-06
-87.143,-2.28E-06
-87.1431,-2.28E-06
-87.1431,-2.28E-06
-87.1431,-2.28E-06
-87.1431,-2.28E-06
-87.1431,-2.28E-06
-87.1432,-2.28E-06
-87.1432,-2.28E-06
-87.1432,-2.28E-06
-87.1432,-2.28E-06
-87.1433,-2.28E-06
-87.1433,-2.28E-06
-87.1433,-2.28E-06
-87.1433,-2.28E-06
-87.1433,-2.28E-06
-87.1434,-2.28E-06
-87.1434,-2.28E-06
-87.1434,-2.28E-06
-87.1434,-2.28E-06
-87.1435,-2.28E-06
-87.1435,-2.28E-06
-87.1435,-2.28E-06
-87.1435,-2.28E-06
-87.1435,-2.28E-06
-87.1436,-2.28E-06
-87.1436,-2.28E-06
-87.1436,-2.28E-06
-87.1436,-2.28E-06
-87.1437,-2.28E-06
-87.1437,-2.28E-06
-87.1437,-2.28E-06
-87.1437,-2.28E-06
-87.1438,-2.28E-06
-87.1438,-2.28E-06
-87.1438,-2.28E-06
-87.1438,-2.28E-06
-87.1438,-2.28E-06
-87.1439,-2.28E-06
-87.1439,-2.28E-06
-87.1439,-2.28E-06
-87.1439,-2.28E-06
-87.144,-2.28E-06
-87.144,-2.28E-06
-87.144,-2.28E-06
-87.144,-2.28E-06
-87.144,-2.28E-06
-87.1441,-2.28E-06
-87.1441,-2.28E-06
-87.1441,-2.28E-06
-87.1441,-2.28E-06
-87.1442,-2.28E-06
-87.1442,-2.28E-06
-87.1442,-2.28E-06
-87.1442,-2.28E-06
-87.1442,-2.28E-06
-87.1443,-2.28E-06
-87.1443,-2.28E-06
-87.1443,-2.28E-06
-87.1443,-2.28E-06
-87.1444,-2.28E-06
-87.1444,-2.28E-06
-87.1444,-2.28E-06
-87.1444,-2.28E-06
-87.1445,-2.28E-06
-87.1445,-2.28E-06
-87.1445,-2.27E-06
-87.1445,-2.27E-06
-87.1445,-2.27E-06
-87.1446,-2.27E-06
-87.1446,-2.27E-06
-87.1446,-2.27E-06
-87.1446,-2.27E-06
-87.1447,-2.27E-06
-87.1447,-2.27E-06
-87.1447,-2.27E-06
-87.1447,-2.27E-06
-87.1447,-2.27E-06
-87.1448,-2.27E-06
-87.1448,-2.27E-06
-87.1448,-2.27E-06
-87.1448,-2.27E-06
-87.1449,-2.27E-06
-87.1449,-2.27E-06
-87.1449,-2.27E-06
-87.1449,-2.27E-06
-87.1449,-2.27E-06
-87.145,-2.27E-06
-87.145,-2.27E-06
-87.145,-2.27E-06
-87.145,-2.27E-06
-87.1451,-2.27E-06
-87.1451,-2.27E-06
-87.1451,-2.27E-06
-87.1451,-2.27E-06
-87.1451,-2.27E-06
-87.1452,-2.27E-06
-87.1452,-2.27E-06
-87.1452,-2.27E-06
-87.1452,-2.27E-06
-87.1453,-2.27E-06
-87.1453,-2.27E-06
-87.1453,-2.27E-06
-87.1453,-2.27E-06
-87.1453,-2.27E-06
-87.1454,-2.27E-06
-87.1454,-2.27E-06
-87.1454,-2.27E-06
-87.1454,-2.27E-06
-87.1455,-2.27E-06
-87.1455,-2.27E-06
-87.1455,-2.27E-06
-87.1455,-2.27E-06
-87.1455,-2.27E-06
-87.1456,-2.27E-06
-87.1456,-2.27E-06
-87.1456,-2.27E-06
-87.1456,-2.27E-06
-87.1457,-2.27E-06
-87.1457,-2.27E-06
-87.1457,-2.27E-06
-87.1457,-2.27E-06
-87.1457,-2.27E-06
-87.1458,-2.27E-06
-87.1458,-2.27E-06
-87.1458,-2.27E-06
-87.1458,-2.27E-06
-87.1459,-2.27E-06
-87.1459,-2.27E-06
-87.1459,-2.27E-06
-87.1459,-2.27E-06
-87.1459,-2.27E-06
-87.146,-2.27E-06
-87.146,-2.27E-06
-87.146,-2.27E-06
-87.146,-2.27E-06
-87.1461,-2.27E-06
-87.1461,-2.27E-06
-87.1461,-2.27E-06
-87.1461,-2.27E-06
-87.1461,-2.27E-06
-87.1462,-2.27E-06
-87.1462,-2.27E-06
-87.1462,-2.27E-06
-87.1462,-2.27E-06
-87.1463,-2.27E-06
-87.1463,-2.27E-06
-87.1463,-2.27E-06
-87.1463,-2.27E-06
-87.1463,-2.27E-06
-87.1464,-2.27E-06
-87.1464,-2.27E-06
-87.1464,-2.27E-06
-87.1464,-2.27E-06
-87.1465,-2.27E-06
-87.1465,-2.27E-06
-87.1465,-2.27E-06
-87.1465,-2.27E-06
-87.1465,-2.27E-06
-87.1466,-2.27E-06
-87.1466,-2.27E-06
-87.1466,-2.27E-06
-87.1466,-2.27E-06
-87.1467,-2.27E-06
-87.1467,-2.27E-06
-87.1467,-2.27E-06
-87.1467,-2.27E-06
-87.1467,-2.27E-06
-87.1468,-2.27E-06
-87.1468,-2.27E-06
-87.1468,-2.27E-06
-87.1468,-2.27E-06
-87.1469,-2.27E-06
-87.1469,-2.27E-06
-87.1469,-2.27E-06
-87.1469,-2.27E-06
-87.1469,-2.27E-06
-87.147,-2.27E-06
-87.147,-2.27E-06
-87.147,-2.27E-06
-87.147,-2.27E-06
-87.1471,-2.27E-06
-87.1471,-2.27E-06
-87.1471,-2.27E-06
-87.1471,-2.27E-06
-87.1471,-2.27E-06
-87.1472,-2.27E-06
-87.1472,-2.27E-06
-87.1472,-2.27E-06
-87.1472,-2.27E-06
-87.1473,-2.27E-06
-87.1473,-2.27E-06
-87.1473,-2.27E-06
-87.1473,-2.27E-06
-87.1473,-2.27E-06
-87.1474,-2.27E-06
-87.1474,-2.27E-06
-87.1474,-2.27E-06
-87.1474,-2.27E-06
-87.1475,-2.27E-06
-87.1475,-2.27E-06
-87.1475,-2.27E-06
-87.1475,-2.27E-06
-87.1475,-2.27E-06
-87.1476,-2.27E-06
-87.1476,-2.27E-06
-87.1476,-2.27E-06
-87.1476,-2.27E-06
-87.1477,-2.27E-06
-87.1477,-2.27E-06
-87.1477,-2.27E-06
-87.1477,-2.27E-06
-87.1477,-2.27E-06
-87.1478,-2.27E-06
-87.1478,-2.27E-06
-87.1478,-2.27E-06
-87.1478,-2.27E-06
-87.1479,-2.27E-06
-87.1479,-2.27E-06
-87.1479,-2.27E-06
-87.1479,-2.27E-06
-87.1479,-2.27E-06
-87.148,-2.27E-06
-87.148,-2.27E-06
-87.148,-2.27E-06
-87.148,-2.27E-06
-87.1481,-2.27E-06
-87.1481,-2.27E-06
-87.1481,-2.27E-06
-87.1481,-2.27E-06
-87.1481,-2.27E-06
-87.1482,-2.27E-06
-87.1482,-2.27E-06
-87.1482,-2.27E-06
-87.1482,-2.27E-06
-87.1482,-2.27E-06
-87.1483,-2.27E-06
-87.1483,-2.27E-06
-87.1483,-2.27E-06
-87.1483,-2.27E-06
-87.1484,-2.27E-06
-87.1484,-2.27E-06
-87.1484,-2.27E-06
-87.1484,-2.27E-06
-87.1484,-2.27E-06
-87.1485,-2.27E-06
-87.1485,-2.27E-06
-87.1485,-2.27E-06
-87.1485,-2.27E-06
-87.1486,-2.27E-06
-87.1486,-2.27E-06
-87.1486,-2.27E-06
-87.1486,-2.27E-06
-87.1486,-2.27E-06
-87.1487,-2.27E-06
-87.1487,-2.27E-06
-87.1487,-2.27E-06
-87.1487,-2.27E-06
-87.1488,-2.27E-06
-87.1488,-2.27E-06
-87.1488,-2.27E-06
-87.1488,-2.27E-06
-87.1488,-2.27E-06
-87.1489,-2.27E-06
-87.1489,-2.27E-06
-87.1489,-2.27E-06
-87.1489,-2.27E-06
-87.149,-2.27E-06
-87.149,-2.27E-06
-87.149,-2.27E-06
-87.149,-2.27E-06
-87.149,-2.27E-06
-87.1491,-2.27E-06
-87.1491,-2.27E-06
-87.1491,-2.27E-06
-87.1491,-2.27E-06
-87.1491,-2.27E-06
-87.1492,-2.27E-06
-87.1492,-2.27E-06
-87.1492,-2.27E-06
-87.1492,-2.27E-06
-87.1493,-2.27E-06
-87.1493,-2.27E-06
-87.1493,-2.27E-06
-87.1493,-2.27E-06
-87.1493,-2.27E-06
-87.1494,-2.27E-06
-87.1494,-2.27E-06
-87.1494,-2.27E-06
-87.1494,-2.27E-06
-87.1495,-2.27E-06
-87.1495,-2.27E-06
-87.1495,-2.27E-06
-87.1495,-2.27E-06
-87.1495,-2.27E-06
-87.1496,-2.27E-06
-87.1496,-2.27E-06
-87.1496,-2.27E-06
-87.1496,-2.27E-06
-87.1496,-2.27E-06
-87.1497,-2.27E-06
-87.1497,-2.27E-06
-87.1497,-2.27E-06
-87.1497,-2.27E-06
-87.1498,-2.27E-06
-87.1498,-2.27E-06
-87.1498,-2.27E-06
-87.1498,-2.27E-06
-87.1498,-2.27E-06
-87.1499,-2.27E-06
-87.1499,-2.27E-06
-87.1499,-2.27E-06
-87.1499,-2.27E-06
-87.15,-2.27E-06
-87.15,-2.27E-06
-87.15,-2.27E-06
-87.15,-2.27E-06
-87.15,-2.27E-06
-87.1501,-2.27E-06
-87.1501,-2.27E-06
-87.1501,-2.27E-06
-87.1501,-2.27E-06
-87.1501,-2.27E-06
-87.1502,-2.27E-06
-87.1502,-2.27E-06
-87.1502,-2.27E-06
-87.1502,-2.27E-06
-87.1503,-2.27E-06
-87.1503,-2.27E-06
-87.1503,-2.27E-06
-87.1503,-2.27E-06
-87.1503,-2.27E-06
-87.1504,-2.27E-06
-87.1504,-2.27E-06
-87.1504,-2.27E-06
-87.1504,-2.27E-06
-87.1505,-2.27E-06
-87.1505,-2.27E-06
-87.1505,-2.27E-06
-87.1505,-2.27E-06
-87.1505,-2.27E-06
-87.1506,-2.27E-06
-87.1506,-2.27E-06
-87.1506,-2.27E-06
-87.1506,-2.27E-06
-87.1506,-2.27E-06
-87.1507,-2.27E-06
-87.1507,-2.27E-06
-87.1507,-2.27E-06
-87.1507,-2.27E-06
-87.1508,-2.27E-06
-87.1508,-2.27E-06
-87.1508,-2.27E-06
-87.1508,-2.27E-06
-87.1508,-2.27E-06
-87.1509,-2.27E-06
-87.1509,-2.27E-06
-87.1509,-2.27E-06
-87.1509,-2.27E-06
-87.151,-2.27E-06
-87.151,-2.27E-06
-87.151,-2.27E-06
-87.151,-2.27E-06
-87.151,-2.27E-06
-87.1511,-2.27E-06
-87.1511,-2.27E-06
-87.1511,-2.27E-06
-87.1511,-2.27E-06
-87.1511,-2.27E-06
-87.1512,-2.27E-06
-87.1512,-2.27E-06
-87.1512,-2.27E-06
-87.1512,-2.27E-06
-87.1513,-2.27E-06
-87.1513,-2.27E-06
-87.1513,-2.27E-06
-87.1513,-2.27E-06
-87.1513,-2.27E-06
-87.1514,-2.27E-06
-87.1514,-2.27E-06
-87.1514,-2.27E-06
-87.1514,-2.27E-06
-87.1514,-2.27E-06
-87.1515,-2.27E-06
-87.1515,-2.27E-06
-87.1515,-2.27E-06
-87.1515,-2.27E-06
-87.1516,-2.27E-06
-87.1516,-2.27E-06
-87.1516,-2.27E-06
-87.1516,-2.27E-06
-87.1516,-2.27E-06
-87.1517,-2.27E-06
-87.1517,-2.27E-06
-87.1517,-2.27E-06
-87.1517,-2.27E-06
-87.1517,-2.27E-06
-87.1518,-2.27E-06
-87.1518,-2.27E-06
-87.1518,-2.27E-06
-87.1518,-2.27E-06
-87.1519,-2.27E-06
-87.1519,-2.27E-06
-87.1519,-2.27E-06
-87.1519,-2.27E-06
-87.1519,-2.27E-06
-87.152,-2.27E-06
-87.152,-2.27E-06
-87.152,-2.27E-06
-87.152,-2.27E-06
-87.1521,-2.27E-06
-87.1521,-2.27E-06
-87.1521,-2.27E-06
-87.1521,-2.27E-06
-87.1521,-2.27E-06
-87.1522,-2.27E-06
-87.1522,-2.27E-06
-87.1522,-2.27E-06
-87.1522,-2.27E-06
-87.1522,-2.27E-06
-87.1523,-2.27E-06
-87.1523,-2.27E-06
-87.1523,-2.27E-06
-87.1523,-2.27E-06
-87.1524,-2.27E-06
-87.1524,-2.27E-06
-87.1524,-2.27E-06
-87.1524,-2.27E-06
-87.1524,-2.27E-06
-87.1525,-2.27E-06
-87.1525,-2.27E-06
-87.1525,-2.27E-06
-87.1525,-2.27E-06
-87.1525,-2.27E-06
-87.1526,-2.27E-06
-87.1526,-2.27E-06
-87.1526,-2.27E-06
-87.1526,-2.27E-06
-87.1527,-2.27E-06
-87.1527,-2.27E-06
-87.1527,-2.27E-06
-87.1527,-2.27E-06
-87.1527,-2.27E-06
-87.1528,-2.27E-06
-87.1528,-2.27E-06
-87.1528,-2.27E-06
-87.1528,-2.27E-06
-87.1528,-2.27E-06
-87.1529,-2.27E-06
-87.1529,-2.27E-06
-87.1529,-2.27E-06
-87.1529,-2.27E-06
-87.1529,-2.27E-06
-87.153,-2.27E-06
-87.153,-2.27E-06
-87.153,-2.27E-06
-87.153,-2.27E-06
-87.1531,-2.27E-06
-87.1531,-2.27E-06
-87.1531,-2.27E-06
-87.1531,-2.27E-06
-87.1531,-2.27E-06
-87.1532,-2.27E-06
-87.1532,-2.27E-06
-87.1532,-2.27E-06
-87.1532,-2.27E-06
-87.1532,-2.27E-06
-87.1533,-2.27E-06
-87.1533,-2.27E-06
-87.1533,-2.27E-06
-87.1533,-2.27E-06
-87.1534,-2.27E-06
-87.1534,-2.27E-06
-87.1534,-2.27E-06
-87.1534,-2.27E-06
-87.1534,-2.26E-06
-87.1535,-2.26E-06
-87.1535,-2.26E-06
-87.1535,-2.26E-06
-87.1535,-2.26E-06
-87.1535,-2.26E-06
-87.1536,-2.26E-06
-87.1536,-2.26E-06
-87.1536,-2.26E-06
-87.1536,-2.26E-06
-87.1537,-2.26E-06
-87.1537,-2.26E-06
-87.1537,-2.26E-06
-87.1537,-2.26E-06
-87.1537,-2.26E-06
-87.1538,-2.26E-06
-87.1538,-2.26E-06
-87.1538,-2.26E-06
-87.1538,-2.26E-06
-87.1538,-2.26E-06
-87.1539,-2.26E-06
-87.1539,-2.26E-06
-87.1539,-2.26E-06
-87.1539,-2.26E-06
-87.1539,-2.26E-06
-87.154,-2.26E-06
-87.154,-2.26E-06
-87.154,-2.26E-06
-87.154,-2.26E-06
-87.1541,-2.26E-06
-87.1541,-2.26E-06
-87.1541,-2.26E-06
-87.1541,-2.26E-06
-87.1541,-2.26E-06
-87.1542,-2.26E-06
-87.1542,-2.26E-06
-87.1542,-2.26E-06
-87.1542,-2.26E-06
-87.1542,-2.26E-06
-87.1543,-2.26E-06
-87.1543,-2.26E-06
-87.1543,-2.26E-06
-87.1543,-2.26E-06
-87.1544,-2.26E-06
-87.1544,-2.26E-06
-87.1544,-2.26E-06
-87.1544,-2.26E-06
-87.1544,-2.26E-06
-87.1545,-2.26E-06
-87.1545,-2.26E-06
-87.1545,-2.26E-06
-87.1545,-2.26E-06
-87.1545,-2.26E-06
-87.1546,-2.26E-06
-87.1546,-2.26E-06
-87.1546,-2.26E-06
-87.1546,-2.26E-06
-87.1546,-2.26E-06
-87.1547,-2.26E-06
-87.1547,-2.26E-06
-87.1547,-2.26E-06
-87.1547,-2.26E-06
-87.1548,-2.26E-06
-87.1548,-2.26E-06
-87.1548,-2.26E-06
-87.1548,-2.26E-06
-87.1548,-2.26E-06
-87.1549,-2.26E-06
-87.1549,-2.26E-06
-87.1549,-2.26E-06
-87.1549,-2.26E-06
-87.1549,-2.26E-06
-87.155,-2.26E-06
-87.155,-2.26E-06
-87.155,-2.26E-06
-87.155,-2.26E-06
-87.155,-2.26E-06
-87.1551,-2.26E-06
-87.1551,-2.26E-06
-87.1551,-2.26E-06
-87.1551,-2.26E-06
-87.1552,-2.26E-06
-87.1552,-2.26E-06
-87.1552,-2.26E-06
-87.1552,-2.26E-06
-87.1552,-2.26E-06
-87.1553,-2.26E-06
-87.1553,-2.26E-06
-87.1553,-2.26E-06
-87.1553,-2.26E-06
-87.1553,-2.26E-06
-87.1554,-2.26E-06
-87.1554,-2.26E-06
-87.1554,-2.26E-06
-87.1554,-2.26E-06
-87.1554,-2.26E-06
-87.1555,-2.26E-06
-87.1555,-2.26E-06
-87.1555,-2.26E-06
-87.1555,-2.26E-06
-87.1556,-2.26E-06
-87.1556,-2.26E-06
-87.1556,-2.26E-06
-87.1556,-2.26E-06
-87.1556,-2.26E-06
-87.1557,-2.26E-06
-87.1557,-2.26E-06
-87.1557,-2.26E-06
-87.1557,-2.26E-06
-87.1557,-2.26E-06
-87.1558,-2.26E-06
-87.1558,-2.26E-06
-87.1558,-2.26E-06
-87.1558,-2.26E-06
-87.1558,-2.26E-06
-87.1559,-2.26E-06
-87.1559,-2.26E-06
-87.1559,-2.26E-06
-87.1559,-2.26E-06
-87.156,-2.26E-06
-87.156,-2.26E-06
-87.156,-2.26E-06
-87.156,-2.26E-06
-87.156,-2.26E-06
-87.1561,-2.26E-06
-87.1561,-2.26E-06
-87.1561,-2.26E-06
-87.1561,-2.26E-06
-87.1561,-2.26E-06
-87.1562,-2.26E-06
-87.1562,-2.26E-06
-87.1562,-2.26E-06
-87.1562,-2.26E-06
-87.1562,-2.26E-06
-87.1563,-2.26E-06
-87.1563,-2.26E-06
-87.1563,-2.26E-06
-87.1563,-2.26E-06
-87.1564,-2.26E-06
-87.1564,-2.26E-06
-87.1564,-2.26E-06
-87.1564,-2.26E-06
-87.1564,-2.26E-06
-87.1565,-2.26E-06
-87.1565,-2.26E-06
-87.1565,-2.26E-06
-87.1565,-2.26E-06
-87.1565,-2.26E-06
-87.1566,-2.26E-06
-87.1566,-2.26E-06
-87.1566,-2.26E-06
-87.1566,-2.26E-06
-87.1566,-2.26E-06
-87.1567,-2.26E-06
-87.1567,-2.26E-06
-87.1567,-2.26E-06
-87.1567,-2.26E-06
-87.1567,-2.26E-06
-87.1568,-2.26E-06
-87.1568,-2.26E-06
-87.1568,-2.26E-06
-87.1568,-2.26E-06
-87.1569,-2.26E-06
-87.1569,-2.26E-06
-87.1569,-2.26E-06
-87.1569,-2.26E-06
-87.1569,-2.26E-06
-87.157,-2.26E-06
-87.157,-2.26E-06
-87.157,-2.26E-06
-87.157,-2.26E-06
-87.157,-2.26E-06
-87.1571,-2.26E-06
-87.1571,-2.26E-06
-87.1571,-2.26E-06
-87.1571,-2.26E-06
-87.1571,-2.26E-06
-87.1572,-2.26E-06
-87.1572,-2.26E-06
-87.1572,-2.26E-06
-87.1572,-2.26E-06
-87.1572,-2.26E-06
-87.1573,-2.26E-06
-87.1573,-2.26E-06
-87.1573,-2.26E-06
-87.1573,-2.26E-06
-87.1574,-2.26E-06
-87.1574,-2.26E-06
-87.1574,-2.26E-06
-87.1574,-2.26E-06
-87.1574,-2.26E-06
-87.1575,-2.26E-06
-87.1575,-2.26E-06
-87.1575,-2.26E-06
-87.1575,-2.26E-06
-87.1575,-2.26E-06
-87.1576,-2.26E-06
-87.1576,-2.26E-06
-87.1576,-2.26E-06
-87.1576,-2.26E-06
-87.1576,-2.26E-06
-87.1577,-2.26E-06
-87.1577,-2.26E-06
-87.1577,-2.26E-06
-87.1577,-2.26E-06
-87.1577,-2.26E-06
-87.1578,-2.26E-06
-87.1578,-2.26E-06
-87.1578,-2.26E-06
-87.1578,-2.26E-06
-87.1578,-2.26E-06
-87.1579,-2.26E-06
-87.1579,-2.26E-06
-87.1579,-2.26E-06
-87.1579,-2.26E-06
-87.158,-2.26E-06
-87.158,-2.26E-06
-87.158,-2.26E-06
-87.158,-2.26E-06
-87.158,-2.26E-06
-87.1581,-2.26E-06
-87.1581,-2.26E-06
-87.1581,-2.26E-06
-87.1581,-2.26E-06
-87.1581,-2.26E-06
-87.1582,-2.26E-06
-87.1582,-2.26E-06
-87.1582,-2.26E-06
-87.1582,-2.26E-06
-87.1582,-2.26E-06
-87.1583,-2.26E-06
-87.1583,-2.26E-06
-87.1583,-2.26E-06
-87.1583,-2.26E-06
-87.1583,-2.26E-06
-87.1584,-2.26E-06
-87.1584,-2.26E-06
-87.1584,-2.26E-06
-87.1584,-2.26E-06
-87.1584,-2.26E-06
-87.1585,-2.26E-06
-87.1585,-2.26E-06
-87.1585,-2.26E-06
-87.1585,-2.26E-06
-87.1586,-2.26E-06
-87.1586,-2.26E-06
-87.1586,-2.26E-06
-87.1586,-2.26E-06
-87.1586,-2.26E-06
-87.1587,-2.26E-06
-87.1587,-2.26E-06
-87.1587,-2.26E-06
-87.1587,-2.26E-06
-87.1587,-2.26E-06
-87.1588,-2.26E-06
-87.1588,-2.26E-06
-87.1588,-2.26E-06
-87.1588,-2.26E-06
-87.1588,-2.26E-06
-87.1589,-2.26E-06
-87.1589,-2.26E-06
-87.1589,-2.26E-06
-87.1589,-2.26E-06
-87.1589,-2.26E-06
-87.159,-2.26E-06
-87.159,-2.26E-06
-87.159,-2.26E-06
-87.159,-2.26E-06
-87.159,-2.26E-06
-87.1591,-2.26E-06
-87.1591,-2.26E-06
-87.1591,-2.26E-06
-87.1591,-2.26E-06
-87.1591,-2.26E-06
-87.1592,-2.26E-06
-87.1592,-2.26E-06
-87.1592,-2.26E-06
-87.1592,-2.26E-06
-87.1593,-2.26E-06
-87.1593,-2.26E-06
-87.1593,-2.26E-06
-87.1593,-2.26E-06
-87.1593,-2.26E-06
-87.1594,-2.26E-06
-87.1594,-2.26E-06
-87.1594,-2.26E-06
-87.1594,-2.26E-06
-87.1594,-2.26E-06
-87.1595,-2.26E-06
-87.1595,-2.26E-06
-87.1595,-2.26E-06
-87.1595,-2.26E-06
-87.1595,-2.26E-06
-87.1596,-2.26E-06
-87.1596,-2.26E-06
-87.1596,-2.26E-06
-87.1596,-2.26E-06
-87.1596,-2.26E-06
-87.1597,-2.26E-06
-87.1597,-2.26E-06
-87.1597,-2.26E-06
-87.1597,-2.26E-06
-87.1597,-2.26E-06
-87.1598,-2.26E-06
-87.1598,-2.26E-06
-87.1598,-2.26E-06
-87.1598,-2.26E-06
-87.1598,-2.26E-06
-87.1599,-2.26E-06
-87.1599,-2.26E-06
-87.1599,-2.26E-06
-87.1599,-2.26E-06
-87.1599,-2.26E-06
-87.16,-2.26E-06
-87.16,-2.26E-06
-87.16,-2.26E-06
-87.16,-2.26E-06
-87.1601,-2.26E-06
-87.1601,-2.26E-06
-87.1601,-2.26E-06
-87.1601,-2.26E-06
-87.1601,-2.26E-06
-87.1602,-2.26E-06
-87.1602,-2.26E-06
-87.1602,-2.26E-06
-87.1602,-2.26E-06
-87.1602,-2.26E-06
-87.1603,-2.26E-06
-87.1603,-2.26E-06
-87.1603,-2.26E-06
-87.1603,-2.26E-06
-87.1603,-2.26E-06
-87.1604,-2.26E-06
-87.1604,-2.26E-06
-87.1604,-2.26E-06
-87.1604,-2.26E-06
-87.1604,-2.26E-06
-87.1605,-2.26E-06
-87.1605,-2.26E-06
-87.1605,-2.26E-06
-87.1605,-2.26E-06
-87.1605,-2.26E-06
-87.1606,-2.26E-06
-87.1606,-2.26E-06
-87.1606,-2.26E-06
-87.1606,-2.26E-06
-87.1606,-2.26E-06
-87.1607,-2.26E-06
-87.1607,-2.26E-06
-87.1607,-2.26E-06
-87.1607,-2.26E-06
-87.1607,-2.26E-06
-87.1608,-2.26E-06
-87.1608,-2.26E-06
-87.1608,-2.26E-06
-87.1608,-2.26E-06
-87.1608,-2.26E-06
-87.1609,-2.26E-06
-87.1609,-2.26E-06
-87.1609,-2.26E-06
-87.1609,-2.26E-06
-87.1609,-2.26E-06
-87.161,-2.26E-06
-87.161,-2.26E-06
-87.161,-2.26E-06
-87.161,-2.26E-06
-87.161,-2.26E-06
-87.1611,-2.26E-06
-87.1611,-2.26E-06
-87.1611,-2.26E-06
-87.1611,-2.26E-06
-87.1611,-2.26E-06
-87.1612,-2.26E-06
-87.1612,-2.26E-06
-87.1612,-2.26E-06
-87.1612,-2.26E-06
-87.1613,-2.26E-06
-87.1613,-2.26E-06
-87.1613,-2.26E-06
-87.1613,-2.26E-06
-87.1613,-2.26E-06
-87.1614,-2.26E-06
-87.1614,-2.26E-06
-87.1614,-2.26E-06
-87.1614,-2.26E-06
-87.1614,-2.26E-06
-87.1615,-2.26E-06
-87.1615,-2.26E-06
-87.1615,-2.26E-06
-87.1615,-2.26E-06
-87.1615,-2.26E-06
-87.1616,-2.26E-06
-87.1616,-2.26E-06
-87.1616,-2.26E-06
-87.1616,-2.26E-06
-87.1616,-2.26E-06
-87.1617,-2.26E-06
-87.1617,-2.26E-06
-87.1617,-2.26E-06
-87.1617,-2.26E-06
-87.1617,-2.26E-06
-87.1618,-2.26E-06
-87.1618,-2.26E-06
-87.1618,-2.26E-06
-87.1618,-2.26E-06
-87.1618,-2.26E-06
-87.1619,-2.26E-06
-87.1619,-2.26E-06
-87.1619,-2.26E-06
-87.1619,-2.26E-06
-87.1619,-2.26E-06
-87.162,-2.26E-06
-87.162,-2.26E-06
-87.162,-2.26E-06
-87.162,-2.26E-06
-87.162,-2.26E-06
-87.1621,-2.26E-06
-87.1621,-2.26E-06
-87.1621,-2.26E-06
-87.1621,-2.26E-06
-87.1621,-2.26E-06
-87.1622,-2.26E-06
-87.1622,-2.26E-06
-87.1622,-2.26E-06
-87.1622,-2.26E-06
-87.1622,-2.26E-06
-87.1623,-2.26E-06
-87.1623,-2.26E-06
-87.1623,-2.26E-06
-87.1623,-2.26E-06
-87.1623,-2.26E-06
-87.1624,-2.26E-06
-87.1624,-2.26E-06
-87.1624,-2.26E-06
-87.1624,-2.25E-06
-87.1624,-2.25E-06
-87.1625,-2.25E-06
-87.1625,-2.25E-06
-87.1625,-2.25E-06
-87.1625,-2.25E-06
-87.1625,-2.25E-06
-87.1626,-2.25E-06
-87.1626,-2.25E-06
-87.1626,-2.25E-06
-87.1626,-2.25E-06
-87.1626,-2.25E-06
-87.1627,-2.25E-06
-87.1627,-2.25E-06
-87.1627,-2.25E-06
-87.1627,-2.25E-06
-87.1627,-2.25E-06
-87.1628,-2.25E-06
-87.1628,-2.25E-06
-87.1628,-2.25E-06
-87.1628,-2.25E-06
-87.1628,-2.25E-06
-87.1629,-2.25E-06
-87.1629,-2.25E-06
-87.1629,-2.25E-06
-87.1629,-2.25E-06
-87.1629,-2.25E-06
-87.163,-2.25E-06
-87.163,-2.25E-06
-87.163,-2.25E-06
-87.163,-2.25E-06
-87.163,-2.25E-06
-87.1631,-2.25E-06
-87.1631,-2.25E-06
-87.1631,-2.25E-06
-87.1631,-2.25E-06
-87.1631,-2.25E-06
-87.1632,-2.25E-06
-87.1632,-2.25E-06
-87.1632,-2.25E-06
-87.1632,-2.25E-06
-87.1632,-2.25E-06
-87.1633,-2.25E-06
-87.1633,-2.25E-06
-87.1633,-2.25E-06
-87.1633,-2.25E-06
-87.1633,-2.25E-06
-87.1634,-2.25E-06
-87.1634,-2.25E-06
-87.1634,-2.25E-06
-87.1634,-2.25E-06
-87.1634,-2.25E-06
-87.1635,-2.25E-06
-87.1635,-2.25E-06
-87.1635,-2.25E-06
-87.1635,-2.25E-06
-87.1635,-2.25E-06
-87.1636,-2.25E-06
-87.1636,-2.25E-06
-87.1636,-2.25E-06
-87.1636,-2.25E-06
-87.1636,-2.25E-06
-87.1637,-2.25E-06
-87.1637,-2.25E-06
-87.1637,-2.25E-06
-87.1637,-2.25E-06
-87.1637,-2.25E-06
-87.1638,-2.25E-06
-87.1638,-2.25E-06
-87.1638,-2.25E-06
-87.1638,-2.25E-06
-87.1638,-2.25E-06
-87.1639,-2.25E-06
-87.1639,-2.25E-06
-87.1639,-2.25E-06
-87.1639,-2.25E-06
-87.1639,-2.25E-06
-87.164,-2.25E-06
-87.164,-2.25E-06
-87.164,-2.25E-06
-87.164,-2.25E-06
-87.164,-2.25E-06
-87.1641,-2.25E-06
-87.1641,-2.25E-06
-87.1641,-2.25E-06
-87.1641,-2.25E-06
-87.1641,-2.25E-06
-87.1642,-2.25E-06
-87.1642,-2.25E-06
-87.1642,-2.25E-06
-87.1642,-2.25E-06
-87.1642,-2.25E-06
-87.1643,-2.25E-06
-87.1643,-2.25E-06
-87.1643,-2.25E-06
-87.1643,-2.25E-06
-87.1643,-2.25E-06
-87.1644,-2.25E-06
-87.1644,-2.25E-06
-87.1644,-2.25E-06
-87.1644,-2.25E-06
-87.1644,-2.25E-06
-87.1645,-2.25E-06
-87.1645,-2.25E-06
-87.1645,-2.25E-06
-87.1645,-2.25E-06
-87.1645,-2.25E-06
-87.1646,-2.25E-06
-87.1646,-2.25E-06
-87.1646,-2.25E-06
-87.1646,-2.25E-06
-87.1646,-2.25E-06
-87.1647,-2.25E-06
-87.1647,-2.25E-06
-87.1647,-2.25E-06
-87.1647,-2.25E-06
-87.1647,-2.25E-06
-87.1648,-2.25E-06
-87.1648,-2.25E-06
-87.1648,-2.25E-06
-87.1648,-2.25E-06
-87.1648,-2.25E-06
-87.1649,-2.25E-06
-87.1649,-2.25E-06
-87.1649,-2.25E-06
-87.1649,-2.25E-06
-87.1649,-2.25E-06
-87.165,-2.25E-06
-87.165,-2.25E-06
-87.165,-2.25E-06
-87.165,-2.25E-06
-87.165,-2.25E-06
-87.1651,-2.25E-06
-87.1651,-2.25E-06
-87.1651,-2.25E-06
-87.1651,-2.25E-06
-87.1651,-2.25E-06
-87.1652,-2.25E-06
-87.1652,-2.25E-06
-87.1652,-2.25E-06
-87.1652,-2.25E-06
-87.1652,-2.25E-06
-87.1653,-2.25E-06
-87.1653,-2.25E-06
-87.1653,-2.25E-06
-87.1653,-2.25E-06
-87.1653,-2.25E-06
-87.1654,-2.25E-06
-87.1654,-2.25E-06
-87.1654,-2.25E-06
-87.1654,-2.25E-06
-87.1654,-2.25E-06
-87.1655,-2.25E-06
-87.1655,-2.25E-06
-87.1655,-2.25E-06
-87.1655,-2.25E-06
-87.1655,-2.25E-06
-87.1655,-2.25E-06
-87.1656,-2.25E-06
-87.1656,-2.25E-06
-87.1656,-2.25E-06
-87.1656,-2.25E-06
-87.1656,-2.25E-06
-87.1657,-2.25E-06
-87.1657,-2.25E-06
-87.1657,-2.25E-06
-87.1657,-2.25E-06
-87.1657,-2.25E-06
-87.1658,-2.25E-06
-87.1658,-2.25E-06
-87.1658,-2.25E-06
-87.1658,-2.25E-06
-87.1658,-2.25E-06
-87.1659,-2.25E-06
-87.1659,-2.25E-06
-87.1659,-2.25E-06
-87.1659,-2.25E-06
-87.1659,-2.25E-06
-87.166,-2.25E-06
-87.166,-2.25E-06
-87.166,-2.25E-06
-87.166,-2.25E-06
-87.166,-2.25E-06
-87.1661,-2.25E-06
-87.1661,-2.25E-06
-87.1661,-2.25E-06
-87.1661,-2.25E-06
-87.1661,-2.25E-06
-87.1662,-2.25E-06
-87.1662,-2.25E-06
-87.1662,-2.25E-06
-87.1662,-2.25E-06
-87.1662,-2.25E-06
-87.1663,-2.25E-06
-87.1663,-2.25E-06
-87.1663,-2.25E-06
-87.1663,-2.25E-06
-87.1663,-2.25E-06
-87.1664,-2.25E-06
-87.1664,-2.25E-06
-87.1664,-2.25E-06
-87.1664,-2.25E-06
-87.1664,-2.25E-06
-87.1665,-2.25E-06
-87.1665,-2.25E-06
-87.1665,-2.25E-06
-87.1665,-2.25E-06
-87.1665,-2.25E-06
-87.1666,-2.25E-06
-87.1666,-2.25E-06
-87.1666,-2.25E-06
-87.1666,-2.25E-06
-87.1666,-2.25E-06
-87.1667,-2.25E-06
-87.1667,-2.25E-06
-87.1667,-2.25E-06
-87.1667,-2.25E-06
-87.1667,-2.25E-06
-87.1667,-2.25E-06
-87.1668,-2.25E-06
-87.1668,-2.25E-06
-87.1668,-2.25E-06
-87.1668,-2.25E-06
-87.1668,-2.25E-06
-87.1669,-2.25E-06
-87.1669,-2.25E-06
-87.1669,-2.25E-06
-87.1669,-2.25E-06
-87.1669,-2.25E-06
-87.167,-2.25E-06
-87.167,-2.25E-06
-87.167,-2.25E-06
-87.167,-2.25E-06
-87.167,-2.25E-06
-87.1671,-2.25E-06
-87.1671,-2.25E-06
-87.1671,-2.25E-06
-87.1671,-2.25E-06
-87.1671,-2.25E-06
-87.1672,-2.25E-06
-87.1672,-2.25E-06
-87.1672,-2.25E-06
-87.1672,-2.25E-06
-87.1672,-2.25E-06
-87.1673,-2.25E-06
-87.1673,-2.25E-06
-87.1673,-2.25E-06
-87.1673,-2.25E-06
-87.1673,-2.25E-06
-87.1674,-2.25E-06
-87.1674,-2.25E-06
-87.1674,-2.25E-06
-87.1674,-2.25E-06
-87.1674,-2.25E-06
-87.1675,-2.25E-06
-87.1675,-2.25E-06
-87.1675,-2.25E-06
-87.1675,-2.25E-06
-87.1675,-2.25E-06
-87.1675,-2.25E-06
-87.1676,-2.25E-06
-87.1676,-2.25E-06
-87.1676,-2.25E-06
-87.1676,-2.25E-06
-87.1676,-2.25E-06
-87.1677,-2.25E-06
-87.1677,-2.25E-06
-87.1677,-2.25E-06
-87.1677,-2.25E-06
-87.1677,-2.25E-06
-87.1678,-2.25E-06
-87.1678,-2.25E-06
-87.1678,-2.25E-06
-87.1678,-2.25E-06
-87.1678,-2.25E-06
-87.1679,-2.25E-06
-87.1679,-2.25E-06
-87.1679,-2.25E-06
-87.1679,-2.25E-06
-87.1679,-2.25E-06
-87.168,-2.25E-06
-87.168,-2.25E-06
-87.168,-2.25E-06
-87.168,-2.25E-06
-87.168,-2.25E-06
-87.1681,-2.25E-06
-87.1681,-2.25E-06
-87.1681,-2.25E-06
-87.1681,-2.25E-06
-87.1681,-2.25E-06
-87.1682,-2.25E-06
-87.1682,-2.25E-06
-87.1682,-2.25E-06
-87.1682,-2.25E-06
-87.1682,-2.25E-06
-87.1682,-2.25E-06
-87.1683,-2.25E-06
-87.1683,-2.25E-06
-87.1683,-2.25E-06
-87.1683,-2.25E-06
-87.1683,-2.25E-06
-87.1684,-2.25E-06
-87.1684,-2.25E-06
-87.1684,-2.25E-06
-87.1684,-2.25E-06
-87.1684,-2.25E-06
-87.1685,-2.25E-06
-87.1685,-2.25E-06
-87.1685,-2.25E-06
-87.1685,-2.25E-06
-87.1685,-2.25E-06
-87.1686,-2.25E-06
-87.1686,-2.25E-06
-87.1686,-2.25E-06
-87.1686,-2.25E-06
-87.1686,-2.25E-06
-87.1687,-2.25E-06
-87.1687,-2.25E-06
-87.1687,-2.25E-06
-87.1687,-2.25E-06
-87.1687,-2.25E-06
-87.1688,-2.25E-06
-87.1688,-2.25E-06
-87.1688,-2.25E-06
-87.1688,-2.25E-06
-87.1688,-2.25E-06
-87.1688,-2.25E-06
-87.1689,-2.25E-06
-87.1689,-2.25E-06
-87.1689,-2.25E-06
-87.1689,-2.25E-06
-87.1689,-2.25E-06
-87.169,-2.25E-06
-87.169,-2.25E-06
-87.169,-2.25E-06
-87.169,-2.25E-06
-87.169,-2.25E-06
-87.1691,-2.25E-06
-87.1691,-2.25E-06
-87.1691,-2.25E-06
-87.1691,-2.25E-06
-87.1691,-2.25E-06
-87.1692,-2.25E-06
-87.1692,-2.25E-06
-87.1692,-2.25E-06
-87.1692,-2.25E-06
-87.1692,-2.25E-06
-87.1693,-2.25E-06
-87.1693,-2.25E-06
-87.1693,-2.25E-06
-87.1693,-2.25E-06
-87.1693,-2.25E-06
-87.1693,-2.25E-06
-87.1694,-2.25E-06
-87.1694,-2.25E-06
-87.1694,-2.25E-06
-87.1694,-2.25E-06
-87.1694,-2.25E-06
-87.1695,-2.25E-06
-87.1695,-2.25E-06
-87.1695,-2.25E-06
-87.1695,-2.25E-06
-87.1695,-2.25E-06
-87.1696,-2.25E-06
-87.1696,-2.25E-06
-87.1696,-2.25E-06
-87.1696,-2.25E-06
-87.1696,-2.25E-06
-87.1697,-2.25E-06
-87.1697,-2.25E-06
-87.1697,-2.25E-06
-87.1697,-2.25E-06
-87.1697,-2.25E-06
-87.1698,-2.25E-06
-87.1698,-2.25E-06
-87.1698,-2.25E-06
-87.1698,-2.25E-06
-87.1698,-2.25E-06
-87.1698,-2.25E-06
-87.1699,-2.25E-06
-87.1699,-2.25E-06
-87.1699,-2.25E-06
-87.1699,-2.25E-06
-87.1699,-2.25E-06
-87.17,-2.25E-06
-87.17,-2.25E-06
-87.17,-2.25E-06
-87.17,-2.25E-06
-87.17,-2.25E-06
-87.1701,-2.25E-06
-87.1701,-2.25E-06
-87.1701,-2.25E-06
-87.1701,-2.25E-06
-87.1701,-2.25E-06
-87.1702,-2.25E-06
-87.1702,-2.25E-06
-87.1702,-2.25E-06
-87.1702,-2.25E-06
-87.1702,-2.25E-06
-87.1702,-2.25E-06
-87.1703,-2.25E-06
-87.1703,-2.25E-06
-87.1703,-2.25E-06
-87.1703,-2.25E-06
-87.1703,-2.25E-06
-87.1704,-2.25E-06
-87.1704,-2.25E-06
-87.1704,-2.25E-06
-87.1704,-2.25E-06
-87.1704,-2.25E-06
-87.1705,-2.25E-06
-87.1705,-2.25E-06
-87.1705,-2.25E-06
-87.1705,-2.25E-06
-87.1705,-2.25E-06
-87.1706,-2.25E-06
-87.1706,-2.25E-06
-87.1706,-2.25E-06
-87.1706,-2.25E-06
-87.1706,-2.25E-06
-87.1707,-2.25E-06
-87.1707,-2.25E-06
-87.1707,-2.25E-06
-87.1707,-2.25E-06
-87.1707,-2.25E-06
-87.1707,-2.25E-06
-87.1708,-2.25E-06
-87.1708,-2.25E-06
-87.1708,-2.25E-06
-87.1708,-2.25E-06
-87.1708,-2.25E-06
-87.1709,-2.25E-06
-87.1709,-2.25E-06
-87.1709,-2.25E-06
-87.1709,-2.25E-06
-87.1709,-2.25E-06
-87.171,-2.25E-06
-87.171,-2.25E-06
-87.171,-2.25E-06
-87.171,-2.25E-06
-87.171,-2.25E-06
-87.1711,-2.25E-06
-87.1711,-2.25E-06
-87.1711,-2.25E-06
-87.1711,-2.25E-06
-87.1711,-2.25E-06
-87.1711,-2.25E-06
-87.1712,-2.25E-06
-87.1712,-2.25E-06
-87.1712,-2.25E-06
-87.1712,-2.25E-06
-87.1712,-2.25E-06
-87.1713,-2.25E-06
-87.1713,-2.25E-06
-87.1713,-2.25E-06
-87.1713,-2.25E-06
-87.1713,-2.25E-06
-87.1714,-2.25E-06
-87.1714,-2.25E-06
-87.1714,-2.25E-06
-87.1714,-2.25E-06
-87.1714,-2.25E-06
-87.1714,-2.24E-06
-87.1715,-2.24E-06
-87.1715,-2.24E-06
-87.1715,-2.24E-06
-87.1715,-2.24E-06
-87.1715,-2.24E-06
-87.1716,-2.24E-06
-87.1716,-2.24E-06
-87.1716,-2.24E-06
-87.1716,-2.24E-06
-87.1716,-2.24E-06
-87.1717,-2.24E-06
-87.1717,-2.24E-06
-87.1717,-2.24E-06
-87.1717,-2.24E-06
-87.1717,-2.24E-06
-87.1718,-2.24E-06
-87.1718,-2.24E-06
-87.1718,-2.24E-06
-87.1718,-2.24E-06
-87.1718,-2.24E-06
-87.1718,-2.24E-06
-87.1719,-2.24E-06
-87.1719,-2.24E-06
-87.1719,-2.24E-06
-87.1719,-2.24E-06
-87.1719,-2.24E-06
-87.172,-2.24E-06
-87.172,-2.24E-06
-87.172,-2.24E-06
-87.172,-2.24E-06
-87.172,-2.24E-06
-87.1721,-2.24E-06
-87.1721,-2.24E-06
-87.1721,-2.24E-06
-87.1721,-2.24E-06
-87.1721,-2.24E-06
-87.1721,-2.24E-06
-87.1722,-2.24E-06
-87.1722,-2.24E-06
-87.1722,-2.24E-06
-87.1722,-2.24E-06
-87.1722,-2.24E-06
-87.1723,-2.24E-06
-87.1723,-2.24E-06
-87.1723,-2.24E-06
-87.1723,-2.24E-06
-87.1723,-2.24E-06
-87.1724,-2.24E-06
-87.1724,-2.24E-06
-87.1724,-2.24E-06
-87.1724,-2.24E-06
-87.1724,-2.24E-06
-87.1725,-2.24E-06
-87.1725,-2.24E-06
-87.1725,-2.24E-06
-87.1725,-2.24E-06
-87.1725,-2.24E-06
-87.1725,-2.24E-06
-87.1726,-2.24E-06
-87.1726,-2.24E-06
-87.1726,-2.24E-06
-87.1726,-2.24E-06
-87.1726,-2.24E-06
-87.1727,-2.24E-06
-87.1727,-2.24E-06
-87.1727,-2.24E-06
-87.1727,-2.24E-06
-87.1727,-2.24E-06
-87.1728,-2.24E-06
-87.1728,-2.24E-06
-87.1728,-2.24E-06
-87.1728,-2.24E-06
-87.1728,-2.24E-06
-87.1728,-2.24E-06
-87.1729,-2.24E-06
-87.1729,-2.24E-06
-87.1729,-2.24E-06
-87.1729,-2.24E-06
-87.1729,-2.24E-06
-87.173,-2.24E-06
-87.173,-2.24E-06
-87.173,-2.24E-06
-87.173,-2.24E-06
-87.173,-2.24E-06
-87.1731,-2.24E-06
-87.1731,-2.24E-06
-87.1731,-2.24E-06
-87.1731,-2.24E-06
-87.1731,-2.24E-06
-87.1731,-2.24E-06
-87.1732,-2.24E-06
-87.1732,-2.24E-06
-87.1732,-2.24E-06
-87.1732,-2.24E-06
-87.1732,-2.24E-06
-87.1733,-2.24E-06
-87.1733,-2.24E-06
-87.1733,-2.24E-06
-87.1733,-2.24E-06
-87.1733,-2.24E-06
-87.1734,-2.24E-06
-87.1734,-2.24E-06
-87.1734,-2.24E-06
-87.1734,-2.24E-06
-87.1734,-2.24E-06
-87.1734,-2.24E-06
-87.1735,-2.24E-06
-87.1735,-2.24E-06
-87.1735,-2.24E-06
-87.1735,-2.24E-06
-87.1735,-2.24E-06
-87.1736,-2.24E-06
-87.1736,-2.24E-06
-87.1736,-2.24E-06
-87.1736,-2.24E-06
-87.1736,-2.24E-06
-87.1737,-2.24E-06
-87.1737,-2.24E-06
-87.1737,-2.24E-06
-87.1737,-2.24E-06
-87.1737,-2.24E-06
-87.1737,-2.24E-06
-87.1738,-2.24E-06
-87.1738,-2.24E-06
-87.1738,-2.24E-06
-87.1738,-2.24E-06
-87.1738,-2.24E-06
-87.1739,-2.24E-06
-87.1739,-2.24E-06
-87.1739,-2.24E-06
-87.1739,-2.24E-06
-87.1739,-2.24E-06
-87.174,-2.24E-06
-87.174,-2.24E-06
-87.174,-2.24E-06
-87.174,-2.24E-06
-87.174,-2.24E-06
-87.174,-2.24E-06
-87.1741,-2.24E-06
-87.1741,-2.24E-06
-87.1741,-2.24E-06
-87.1741,-2.24E-06
-87.1741,-2.24E-06
-87.1742,-2.24E-06
-87.1742,-2.24E-06
-87.1742,-2.24E-06
-87.1742,-2.24E-06
-87.1742,-2.24E-06
-87.1742,-2.24E-06
-87.1743,-2.24E-06
-87.1743,-2.24E-06
-87.1743,-2.24E-06
-87.1743,-2.24E-06
-87.1743,-2.24E-06
-87.1744,-2.24E-06
-87.1744,-2.24E-06
-87.1744,-2.24E-06
-87.1744,-2.24E-06
-87.1744,-2.24E-06
-87.1745,-2.24E-06
-87.1745,-2.24E-06
-87.1745,-2.24E-06
-87.1745,-2.24E-06
-87.1745,-2.24E-06
-87.1742,-2.24E-06
-87.0243,-2.34E-06
-86.8747,-2.51E-06
-86.7255,-2.71E-06
-86.5765,-2.91E-06
-86.4278,-3.13E-06
-86.2794,-3.37E-06
-86.1313,-3.62E-06
-85.9835,-3.90E-06
-85.8359,-4.19E-06
-85.6885,-4.51E-06
-85.5414,-4.84E-06
-85.3946,-5.21E-06
-85.248,-5.59E-06
-85.1017,-6.01E-06
-84.9556,-6.46E-06
-84.8098,-6.93E-06
-84.6641,-7.45E-06
-84.5188,-7.99E-06
-84.3736,-8.58E-06
-84.2287,-9.21E-06
-84.084,-9.89E-06
-83.9395,-1.06E-05
-83.7952,-1.14E-05
-83.6511,-1.22E-05
-83.5073,-1.31E-05
-83.3636,-1.40E-05
-83.2202,-1.51E-05
-83.077,-1.61E-05
-82.9339,-1.73E-05
-82.7911,-1.86E-05
-82.6484,-1.99E-05
-82.506,-2.13E-05
-82.3637,-2.28E-05
-82.2216,-2.45E-05
-82.0797,-2.62E-05
-81.938,-2.81E-05
-81.7965,-3.00E-05
-81.6551,-3.22E-05
-81.5139,-3.44E-05
-81.3729,-3.69E-05
-81.232,-3.95E-05
-81.0913,-4.22E-05
-80.9508,-4.52E-05
-80.8104,-4.83E-05
-80.6702,-5.17E-05
-80.5301,-5.53E-05
-80.3902,-5.92E-05
-80.2504,-6.33E-05
-80.1108,-6.77E-05
-79.9714,-7.24E-05
-79.832,-7.74E-05
-79.6928,-8.27E-05
-79.5538,-8.84E-05
-79.4149,-9.44E-05
-79.2761,-0.000100926
-79.1375,-0.000107837
-78.9989,-0.000115208
-78.8605,-0.000123069
-78.7223,-0.000131451
-78.5841,-0.000140389
-78.4461,-0.000149921
-78.3082,-0.000160084
-78.1704,-0.000170917
-78.0327,-0.000182463
-77.8951,-0.000194767
-77.7577,-0.000207881
-77.6203,-0.00022186
-77.4831,-0.000236755
-77.3459,-0.000252626
-77.2089,-0.000269532
-77.0719,-0.000287541
-76.9351,-0.000306726
-76.7983,-0.000327164
-76.6617,-0.00034893
-76.5251,-0.00037211
-76.3886,-0.000396791
-76.2522,-0.000423066
-76.1159,-0.000451045
-75.9796,-0.000480833
-75.8435,-0.000512541
-75.7074,-0.000546288
-75.5714,-0.0005822
-75.4355,-0.000620412
-75.2996,-0.000661082
-75.1639,-0.000704361
-75.0282,-0.00075041
-74.8925,-0.000799403
-74.7569,-0.000851525
-74.6214,-0.000906971
-74.486,-0.000965946
-74.3506,-0.00102867
-74.2153,-0.00109537
-74.08,-0.00116629
-73.9448,-0.00124169
-73.8096,-0.00132184
-73.6745,-0.00140704
-73.5395,-0.00149759
-73.4044,-0.00159382
-73.2695,-0.00169609
-73.1346,-0.00180477
-72.9997,-0.00192025
-72.8649,-0.00204295
-72.7301,-0.00217331
-72.5953,-0.00231181
-72.4606,-0.00245894
-72.3259,-0.00261524
-72.1913,-0.00278127
-72.0567,-0.00295761
-71.9221,-0.0031449
-71.7876,-0.00334383
-71.653,-0.00355508
-71.5186,-0.00377941
-71.3841,-0.00401761
-71.2496,-0.00427051
-71.1152,-0.004539
-70.9808,-0.004824
-70.8465,-0.00512651
-70.7121,-0.00544754
-70.5778,-0.00578819
-70.4434,-0.00614961
-70.3091,-0.00653302
-70.1748,-0.0069397
-70.0405,-0.00737101
-69.9062,-0.00782837
-69.772,-0.00831328
-69.6377,-0.00882735
-69.5035,-0.00937237
-69.3692,-0.00995011
-69.2349,-0.0105625
-69.1007,-0.0112115
-68.9664,-0.0118995
-68.8322,-0.0126289
-68.6979,-0.0134021
-68.5637,-0.0142218
-68.4294,-0.0150909
-68.2951,-0.0160126
-68.1609,-0.01699
-68.0266,-0.0180267
-67.8923,-0.0191258
-67.7579,-0.0202905
-67.6236,-0.0215244
-67.4893,-0.0228313
-67.3549,-0.0242148
-67.2205,-0.025679
-67.0861,-0.0272293
-66.9516,-0.0288702
-66.8172,-0.030607
-66.6827,-0.0324455
-66.5482,-0.0343919
-66.4136,-0.0364519
-66.279,-0.0386323
-66.1444,-0.0409401
-66.0098,-0.0433826
-65.8751,-0.0459671
-65.7403,-0.048702
-65.6056,-0.0515955
-65.4707,-0.0546566
-65.3359,-0.0578945
-65.2009,-0.061319
-65.066,-0.0649408
-64.9309,-0.0687709
-64.7958,-0.0728207
-64.6607,-0.0771027
-64.5255,-0.0816301
-64.3902,-0.0864164
-64.2548,-0.0914761
-64.1194,-0.0968245
-63.9839,-0.102478
-63.8483,-0.108452
-63.7126,-0.114766
-63.5768,-0.121439
-63.441,-0.128488
-63.305,-0.135937
-63.1689,-0.143805
-63.0328,-0.152117
-62.8965,-0.160897
-62.7601,-0.170171
-62.6235,-0.179965
-62.4869,-0.190308
-62.3501,-0.20123
-62.2132,-0.212764
-62.0761,-0.224942
-61.9388,-0.2378
-61.8014,-0.251375
-61.6639,-0.265706
-61.5261,-0.280835
-61.3882,-0.296804
-61.25,-0.31366
-61.1117,-0.33145
-60.9731,-0.350227
-60.8343,-0.370043
-60.6953,-0.390956
-60.556,-0.413026
-60.4165,-0.436315
-60.2767,-0.460891
-60.1366,-0.486824
-59.9962,-0.51419
-59.8555,-0.543067
-59.7144,-0.573538
-59.573,-0.605691
-59.4312,-0.639619
-59.2891,-0.67542
-59.1465,-0.713199
-59.0035,-0.753065
-58.8601,-0.795135
-58.7162,-0.839532
-58.5718,-0.886388
-58.4268,-0.935839
-58.2814,-0.988036
-58.1353,-1.04313
-57.9887,-1.1013
-57.8414,-1.1627
-57.6934,-1.22754
-57.5447,-1.29601
-57.3953,-1.36831
-57.2451,-1.44469
-57.0941,-1.52538
-56.9422,-1.61063
-56.7893,-1.70072
-56.6355,-1.79594
-56.4807,-1.89661
-56.3248,-2.00305
-56.1678,-2.11563
-56.0096,-2.23472
-55.8501,-2.36074
-55.6892,-2.49415
-55.5269,-2.6354
-55.3632,-2.78502
-55.1978,-2.94356
-55.0308,-3.1116
-54.8619,-3.28978
-54.6912,-3.47881
-54.5185,-3.67943
-54.3437,-3.89244
-54.1667,-4.11875
-53.9872,-4.35929
-53.8052,-4.6151
-53.6206,-4.88731
-53.433,-5.17716
-53.2425,-5.486
-53.0487,-5.8153
-52.8514,-6.16667
-52.6504,-6.54189
-52.4456,-6.94288
-52.2365,-7.37182
-52.0229,-7.83105
-51.8045,-8.32318
-51.5809,-8.85108
-51.3518,-9.41794
-51.1167,-10.0273
-50.8753,-10.6832
-50.627,-11.3898
-50.3713,-12.1523
-50.1076,-12.9759
-49.8353,-13.8668
-49.5536,-14.832
-49.2618,-15.8791
-48.959,-17.0169
-48.6442,-18.2553
-48.3165,-19.6052
-47.9745,-21.0795
-47.6171,-22.6923
-47.2426,-24.4599
-46.8496,-26.4006
-46.436,-28.5356
-46,-30.8887
-45.5392,-33.4874
-45.0509,-36.3627
-44.5322,-39.5498
-43.9798,-43.0885
-43.3899,-47.0239
-42.7584,-51.4065
-42.0805,-56.2922
-41.3508,-61.7414
-40.5634,-67.8178
-39.7117,-74.5628
-38.7889,-82.0339
-37.787,-90.3684
-36.697,-99.6488
-35.5088,-109.952
-34.2121,-121.342
-32.7957,-133.857
-31.2482,-147.494
-29.5588,-162.192
-27.7174,-177.808
-25.7161,-194.09
-23.5501,-210.658
-21.219,-226.991
-18.7286,-242.433
-16.0915,-256.226
-13.3282,-267.581
-10.4668,-275.775
-7.54208,-280.258
-4.59265,-280.749
-1.65861,-277.273
1.22173,-270.151
4.01449,-259.926
6.69193,-247.274
9.23336,-232.911
11.6251,-217.515
13.7128,-202.255
15.6472,-186.981
17.43,-172.065
19.0662,-157.772
20.563,-144.275
21.9289,-131.674
23.1731,-120.013
24.3051,-109.294
25.3341,-99.491
26.269,-90.5586
27.1185,-82.4409
27.8901,-75.0769
28.5913,-68.4041
29.2285,-62.3608
29.8078,-56.8885
30.3346,-51.9323
30.8138,-47.4416
31.2499,-43.3704
31.6468,-39.6766
32.008,-36.3227
32.3369,-33.2746
32.6362,-30.502
32.9088,-27.9776
33.1568,-25.6771
33.3825,-23.5788
33.5878,-21.6632
33.7744,-19.913
33.9439,-18.3126
34.0976,-16.8481
34.237,-15.5069
34.3632,-14.2778
34.4773,-13.1507
34.5802,-12.1165
34.6729,-11.1671
34.7561,-10.2949
34.8306,-9.49336
34.8971,-8.75636
34.9562,-8.07841
35.0085,-7.45452
35.0544,-6.88016
35.0946,-6.35122
35.1293,-5.86394
35.159,-5.41489
35.1842,-5.00097
35.205,-4.61932
35.2219,-4.26734
35.2351,-3.94265
35.2449,-3.64306
35.2516,-3.36659
35.2553,-3.1114
35.2562,-2.87581
35.2547,-2.65829
35.2508,-2.45741
35.2446,-2.27187
35.2365,-2.10049
35.2264,-1.94215
35.2146,-1.79586
35.2011,-1.66068
35.1861,-1.53575
35.1696,-1.42029
35.1517,-1.31357
35.1326,-1.21492
35.1124,-1.12372
35.091,-1.03942
35.0686,-0.961467
35.0452,-0.889393
35.0208,-0.822748
34.9957,-0.761119
34.9697,-0.704127
34.943,-0.65142
34.9155,-0.602673
34.8874,-0.557588
34.8587,-0.515887
34.8293,-0.477316
34.7994,-0.441637
34.7689,-0.408634
34.7379,-0.378104
34.7065,-0.349862
34.6746,-0.323734
34.6422,-0.299563
34.6095,-0.277201
34.5763,-0.256511
34.5428,-0.237372
34.5089,-0.219665
34.4747,-0.203281
34.4401,-0.188123
34.4053,-0.174102
34.3701,-0.161129
34.3347,-0.149123
34.2989,-0.138015
34.263,-0.127739
34.2267,-0.118229
34.1902,-0.109424
34.1535,-0.10128
34.1166,-0.093742
34.0794,-0.0867644
34.0421,-0.080305
34.0045,-0.0743281
33.9667,-0.068796
33.9288,-0.0636754
33.8906,-0.0589364
33.8523,-0.054551
33.8138,-0.0504923
33.7752,-0.0467354
33.7364,-0.0432597
33.6974,-0.0400432
33.6583,-0.0370659
33.619,-0.0343099
33.5796,-0.0317602
33.54,-0.0294002
33.5003,-0.0272152
33.4605,-0.0251926
33.4205,-0.0233209
33.3805,-0.0215882
33.3403,-0.0199838
33.2999,-0.018499
33.2595,-0.0171246
33.2189,-0.0158523
33.1783,-0.0146746
33.1375,-0.0135852
33.0967,-0.0125773
33.0557,-0.0116447
33.0146,-0.0107814
32.9734,-0.00998193
32.9322,-0.00924249
32.8908,-0.0085604
32.8494,-0.00792968
32.8078,-0.007346
32.7662,-0.00680509
32.7245,-0.0063026
32.6828,-0.00583871
32.6409,-0.00541153
32.599,-0.00501613
32.557,-0.0046496
32.5149,-0.00430906
32.4727,-0.00399156
32.4305,-0.00369892
32.3883,-0.00342859
32.3459,-0.00317786
32.3035,-0.00294508
32.261,-0.00272866
32.2185,-0.00252706
32.176,-0.00234093
32.1333,-0.00216834
32.0906,-0.00200824
32.0479,-0.00185975
32.0051,-0.00172208
31.9623,-0.00159446
31.9194,-0.00147632
31.8765,-0.00136694
31.8335,-0.0012657
31.7905,-0.00117199
31.7475,-0.00108523
31.7044,-0.00100496
31.6613,-0.000931032
31.6182,-0.000862721
31.575,-0.00079954
31.5318,-0.000740994
31.4886,-0.00068657
31.4453,-0.000636174
31.402,-0.000589955
31.3587,-0.000547165
31.3154,-0.000507475
31.2721,-0.00047056
31.2287,-0.00043609
31.1853,-0.00040414
31.1419,-0.000374661
31.0985,-0.000347274
31.0551,-0.000321817
31.0116,-0.000298148
30.9682,-0.000276138
30.9247,-0.000255682
30.8813,-0.00023668
30.8378,-0.000219046
30.7943,-0.000202704
30.7508,-0.000187592
30.7074,-0.000173659
30.6639,-0.000160706
30.6204,-0.000148724
30.5769,-0.000137656
30.5335,-0.000127437
30.49,-0.000117999
30.4465,-0.000109277
30.4031,-0.000101284
30.3596,-9.39E-05
30.3162,-8.71E-05
30.2728,-8.08E-05
30.2294,-7.49E-05
30.186,-6.95E-05
30.1426,-6.45E-05
30.0993,-5.99E-05
30.0559,-5.56E-05
30.0126,-5.16E-05
29.9693,-4.79E-05
29.926,-4.44E-05
29.8828,-4.11E-05
29.8396,-3.81E-05
29.7963,-3.53E-05
29.7532,-3.27E-05
29.71,-3.03E-05
29.6669,-2.80E-05
29.6238,-2.59E-05
29.5807,-2.39E-05
29.5377,-2.21E-05
29.4947,-2.04E-05
29.4517,-1.89E-05
29.4088,-1.75E-05
29.3659,-1.62E-05
29.3231,-1.50E-05
29.2802,-1.39E-05
29.2374,-1.28E-05
29.1947,-1.19E-05
29.152,-1.10E-05
29.1093,-1.03E-05
29.0667,-9.53E-06
29.0242,-8.86E-06
28.9816,-8.24E-06
28.9391,-7.64E-06
28.8967,-7.11E-06
28.8543,-6.61E-06
28.812,-6.15E-06
28.7697,-5.71E-06
28.7274,-5.30E-06
28.6852,-4.91E-06
28.6431,-4.55E-06
28.601,-4.21E-06
28.559,-3.90E-06
28.517,-3.60E-06
28.4751,-3.33E-06
28.4332,-3.07E-06
28.3914,-2.82E-06
28.3496,-2.57E-06
28.3079,-2.34E-06
28.2662,-2.12E-06
28.2247,-1.91E-06
28.1831,-1.72E-06
28.1417,-1.56E-06
28.1003,-1.42E-06
28.0589,-1.29E-06
28.0176,-1.14E-06
27.9764,-9.93E-07
27.9353,-8.56E-07
27.8942,-7.30E-07
27.8531,-6.17E-07
27.8122,-5.17E-07
27.7713,-4.36E-07
27.7305,-3.74E-07
27.6897,-3.33E-07
27.649,-2.66E-07
27.6084,-2.07E-07
27.5678,-1.55E-07
27.5273,-1.11E-07
27.4869,-7.45E-08
27.4466,-4.58E-08
27.4063,-2.52E-08
27.3661,-1.28E-08
27.326,-9.07E-09
27.2859,-3.27E-09
27.2459,-8.48E-10
27.206,-1.71E-09
27.1662,-5.07E-09
27.1264,-1.01E-08
27.0867,-1.57E-08
27.0471,-2.10E-08
27.0076,-2.47E-08
26.9681,-2.56E-08
26.9287,-3.19E-08
26.8894,-4.01E-08
26.8502,-4.77E-08
26.811,-5.44E-08
26.7719,-5.98E-08
26.733,-6.35E-08
26.694,-6.54E-08
26.6552,-6.50E-08
26.6164,-6.21E-08
26.5778,-5.89E-08
26.5392,-5.54E-08
26.5007,-5.08E-08
26.4622,-4.53E-08
26.4239,-3.92E-08
26.3856,-3.30E-08
26.3474,-2.71E-08
26.3093,-2.20E-08
26.2713,-1.84E-08
26.2333,-1.37E-08
26.1955,-6.28E-09
26.1577,8.98E-10
26.12,7.61E-09
26.0824,1.36E-08
26.0449,1.86E-08
26.0074,2.24E-08
25.9701,2.45E-08
25.9328,2.48E-08
25.8956,2.43E-08
25.8585,2.48E-08
25.8215,2.45E-08
25.7846,2.35E-08
25.7478,2.19E-08
25.711,1.99E-08
25.6743,1.76E-08
25.6377,1.53E-08
25.6013,1.33E-08
25.5648,1.13E-08
25.5285,7.18E-09
25.4923,2.92E-09
25.4561,-1.32E-09
25.4201,-5.37E-09
25.3841,-9.01E-09
25.3482,-1.20E-08
25.3124,-1.41E-08
25.2767,-1.50E-08
25.2411,-1.48E-08
25.2056,-1.64E-08
25.1702,-1.76E-08
25.1348,-1.83E-08
25.0995,-1.87E-08
25.0644,-1.86E-08
25.0293,-1.82E-08
24.9943,-1.74E-08
24.9594,-1.64E-08
24.9246,-1.51E-08
24.8898,-1.33E-08
24.8552,-1.11E-08
24.8206,-8.86E-09
24.7862,-6.54E-09
24.7518,-4.30E-09
24.7175,-2.26E-09
24.6833,-5.83E-10
24.6492,5.64E-10
24.6152,9.92E-10
24.5813,2.25E-09
24.5475,3.69E-09
24.5137,4.94E-09
24.4801,5.96E-09
24.4465,6.72E-09
24.4131,7.21E-09
24.3797,7.40E-09
24.3464,7.28E-09
24.3132,6.84E-09
24.2801,6.26E-09
24.2471,5.57E-09
24.2141,4.72E-09
24.1813,3.77E-09
24.1485,2.75E-09
24.1159,1.76E-09
24.0833,8.54E-10
24.0508,1.35E-10
24.0184,-2.98E-10
23.9861,-9.01E-10
23.9539,-1.90E-09
23.9218,-2.85E-09
23.8898,-3.70E-09
23.8578,-4.43E-09
23.826,-5.00E-09
23.7942,-5.39E-09
23.7625,-5.55E-09
23.731,-5.45E-09
23.6995,-5.24E-09
23.6681,-5.13E-09
23.6368,-4.91E-09
23.6055,-4.60E-09
23.5744,-4.22E-09
23.5434,-3.79E-09
23.5124,-3.35E-09
23.4815,-2.94E-09
23.4508,-2.60E-09
23.4201,-2.29E-09
23.3895,-1.66E-09
23.359,-1.04E-09
23.3285,-4.33E-10
23.2982,1.28E-10
23.268,6.19E-10
23.2378,1.01E-09
23.2077,1.27E-09
23.1778,1.37E-09
23.1479,1.30E-09
23.1181,1.45E-09
23.0884,1.53E-09
23.0587,1.55E-09
23.0292,1.51E-09
22.9997,1.42E-09
22.9704,1.29E-09
22.9411,1.14E-09
22.9119,9.70E-10
22.8828,8.11E-10
22.8538,5.14E-10
22.8249,1.87E-10
22.796,-1.51E-10
22.7673,-4.84E-10
22.7386,-7.96E-10
22.7101,-1.07E-09
22.6816,-1.28E-09
22.6532,-1.40E-09
22.6248,-1.42E-09
22.5966,-1.54E-09
22.5685,-1.69E-09
22.5404,-1.80E-09
22.5124,-1.87E-09
22.4845,-1.91E-09
22.4567,-1.92E-09
22.429,-1.89E-09
22.4014,-1.83E-09
22.3738,-1.73E-09
22.3464,-1.61E-09
22.319,-1.46E-09
22.2917,-1.30E-09
22.2645,-1.12E-09
22.2373,-9.46E-10
22.2103,-7.80E-10
22.1833,-6.36E-10
22.1565,-5.28E-10
22.1297,-4.70E-10
22.103,-3.90E-10
22.0763,-2.51E-10
22.0498,-1.24E-10
22.0233,-1.00E-11
21.997,8.73E-11
21.9707,1.66E-10
21.9445,2.23E-10
21.9183,2.58E-10
21.8923,2.67E-10
21.8663,2.61E-10
21.8404,2.51E-10
21.8146,2.27E-10
21.7889,1.92E-10
21.7633,1.49E-10
21.7377,1.02E-10
21.7123,5.64E-11
21.6869,1.72E-11
21.6616,-8.78E-12
21.6363,-3.04E-11
21.6112,-9.48E-11
21.5861,-1.59E-10
21.5611,-2.19E-10
21.5362,-2.75E-10
21.5114,-3.21E-10
21.4866,-3.57E-10
21.4619,-3.78E-10
21.4373,-3.81E-10
21.4128,-3.68E-10
21.3884,-4.01E-10
21.364,-4.32E-10
21.3397,-4.61E-10
21.3155,-4.88E-10
21.2914,-5.13E-10
21.2674,-5.35E-10
21.2434,-5.55E-10
21.2195,-5.70E-10
21.1957,-5.81E-10
21.172,-5.87E-10
21.1483,-5.87E-10
21.1247,-5.80E-10
21.1012,-5.64E-10
21.0778,-5.38E-10
21.0544,-5.14E-10
21.0312,-5.22E-10
21.008,-5.30E-10
20.9848,-5.38E-10
20.9618,-5.47E-10
20.9388,-5.56E-10
20.9159,-5.64E-10
20.8931,-5.72E-10
20.8703,-5.77E-10
20.8477,-5.80E-10
20.8251,-5.80E-10
20.8025,-5.74E-10
20.7801,-5.63E-10
20.7577,-5.45E-10
20.7354,-5.18E-10
20.7132,-5.02E-10
20.691,-5.12E-10
20.6689,-5.22E-10
20.6469,-5.33E-10
20.625,-5.45E-10
20.6031,-5.56E-10
20.5813,-5.66E-10
20.5596,-5.74E-10
20.5379,-5.81E-10
20.5163,-5.84E-10
20.4948,-5.83E-10
20.4734,-5.77E-10
20.452,-5.64E-10
20.4307,-5.44E-10
20.4095,-5.16E-10
20.3884,-5.02E-10
20.3673,-5.02E-10
20.3463,-5.01E-10
20.3253,-4.99E-10
20.3044,-4.96E-10
20.2836,-4.92E-10
20.2629,-4.86E-10
20.2422,-4.79E-10
20.2216,-4.71E-10
20.2011,-4.60E-10
20.1807,-4.46E-10
20.1603,-4.30E-10
20.1399,-4.11E-10
20.1197,-3.89E-10
20.0995,-3.63E-10
20.0794,-3.44E-10
20.0593,-3.27E-10
20.0394,-3.09E-10
20.0194,-2.91E-10
19.9996,-2.72E-10
19.9798,-2.53E-10
19.9601,-2.35E-10
19.9404,-2.16E-10
19.9209,-1.98E-10
19.9013,-1.81E-10
19.8819,-1.64E-10
19.8625,-1.49E-10
19.8432,-1.35E-10
19.8239,-1.22E-10
19.8047,-1.12E-10
19.7856,-9.68E-11
19.7666,-8.16E-11
19.7476,-6.71E-11
19.7286,-5.34E-11
19.7098,-4.04E-11
19.691,-2.84E-11
19.6722,-1.75E-11
19.6536,-7.66E-12
19.6349,9.19E-13
19.6164,8.14E-12
19.5979,1.39E-11
19.5795,1.81E-11
19.5611,2.06E-11
19.5428,2.13E-11
19.5246,2.06E-11
19.5064,2.24E-11
19.4883,2.33E-11
19.4703,2.35E-11
19.4523,2.30E-11
19.4343,2.18E-11
19.4165,2.02E-11
19.3987,1.81E-11
19.3809,1.57E-11
19.3632,1.31E-11
19.3456,1.05E-11
19.3281,7.88E-12
19.3106,5.52E-12
19.2931,3.57E-12
19.2757,2.21E-12
19.2584,3.74E-13
19.2412,-3.99E-12
19.224,-8.40E-12
19.2068,-1.28E-11
19.1897,-1.71E-11
19.1727,-2.12E-11
19.1557,-2.50E-11
19.1388,-2.85E-11
19.122,-3.15E-11
19.1052,-3.41E-11
19.0884,-3.59E-11
19.0718,-3.71E-11
19.0551,-3.74E-11
19.0386,-3.68E-11
19.0221,-3.52E-11
19.0056,-3.40E-11
18.9892,-3.40E-11
18.9729,-3.36E-11
18.9566,-3.29E-11
18.9404,-3.20E-11
18.9242,-3.07E-11
18.9081,-2.92E-11
18.892,-2.75E-11
18.876,-2.56E-11
18.8601,-2.36E-11
18.8442,-2.15E-11
18.8284,-1.95E-11
18.8126,-1.75E-11
18.7969,-1.57E-11
18.7812,-1.41E-11
18.7656,-1.16E-11
18.75,-8.51E-12
18.7345,-5.34E-12
18.719,-2.17E-12
18.7036,9.39E-13
18.6883,3.95E-12
18.673,6.80E-12
18.6578,9.44E-12
18.6426,1.18E-11
18.6274,1.38E-11
18.6124,1.54E-11
18.5973,1.65E-11
18.5823,1.71E-11
18.5674,1.70E-11
18.5525,1.62E-11
18.5377,1.67E-11
18.5229,1.74E-11
18.5082,1.79E-11
18.4936,1.82E-11
18.4789,1.83E-11
18.4644,1.83E-11
18.4499,1.80E-11
18.4354,1.76E-11
18.421,1.70E-11
18.4066,1.62E-11
18.3923,1.54E-11
18.378,1.44E-11
18.3638,1.34E-11
18.3497,1.23E-11
18.3356,1.13E-11
18.3215,9.68E-12
18.3075,8.00E-12
18.2935,6.27E-12
18.2796,4.51E-12
18.2657,2.74E-12
18.2519,1.00E-12
18.2381,-6.69E-13
18.2244,-2.24E-12
18.2107,-3.67E-12
18.1971,-4.92E-12
18.1835,-5.94E-12
18.17,-6.68E-12
18.1565,-7.10E-12
18.1431,-7.13E-12
18.1297,-6.99E-12
18.1163,-7.81E-12
18.103,-8.53E-12
18.0898,-9.14E-12
18.0766,-9.65E-12
18.0634,-1.00E-11
18.0503,-1.03E-11
18.0373,-1.05E-11
18.0242,-1.05E-11
18.0113,-1.04E-11
17.9983,-1.02E-11
17.9855,-9.91E-12
17.9726,-9.49E-12
17.9598,-8.95E-12
17.9471,-8.32E-12
17.9344,-7.60E-12
17.9217,-6.83E-12
17.9091,-5.99E-12
17.8966,-5.11E-12
17.884,-4.19E-12
17.8716,-3.25E-12
17.8591,-2.31E-12
17.8467,-1.39E-12
17.8344,-5.13E-13
17.8221,2.98E-13
17.8098,1.02E-12
17.7976,1.62E-12
17.7854,2.08E-12
17.7733,2.35E-12
17.7612,2.42E-12
17.7492,2.71E-12
17.7372,3.31E-12
17.7252,3.88E-12
17.7133,4.39E-12
17.7014,4.84E-12
17.6896,5.23E-12
17.6778,5.55E-12
17.6661,5.79E-12
17.6544,5.96E-12
17.6427,6.04E-12
17.6311,6.04E-12
17.6195,5.95E-12
17.608,5.76E-12
17.5965,5.48E-12
17.585,5.09E-12
17.5736,4.74E-12
17.5622,4.40E-12
17.5509,4.01E-12
17.5396,3.59E-12
17.5283,3.13E-12
17.5171,2.66E-12
17.5059,2.18E-12
17.4948,1.70E-12
17.4837,1.23E-12
17.4726,7.92E-13
17.4616,3.92E-13
17.4506,4.98E-14
17.4397,-2.19E-13
17.4288,-3.97E-13
17.4179,-4.64E-13
17.4071,-1.15E-12
17.3963,-1.97E-12
17.3856,-2.84E-12
17.3748,-3.74E-12
17.3642,-4.66E-12
17.3535,-5.61E-12
17.343,-6.57E-12
17.3324,-7.52E-12
17.3219,-8.47E-12
17.3114,-9.40E-12
17.3009,-1.03E-11
17.2905,-1.11E-11
17.2802,-1.19E-11
17.2698,-1.26E-11
17.2595,-1.32E-11
17.2493,-1.37E-11
17.2391,-1.40E-11
17.2289,-1.42E-11
17.2187,-1.41E-11
17.2086,-1.39E-11
17.1985,-1.34E-11
17.1885,-1.27E-11
17.1785,-1.23E-11
17.1685,-1.30E-11
17.1586,-1.36E-11
17.1487,-1.42E-11
17.1388,-1.48E-11
17.129,-1.54E-11
17.1192,-1.60E-11
17.1095,-1.65E-11
17.0997,-1.70E-11
17.09,-1.74E-11
17.0804,-1.78E-11
17.0708,-1.81E-11
17.0612,-1.83E-11
17.0516,-1.85E-11
17.0421,-1.85E-11
17.0326,-1.84E-11
17.0232,-1.83E-11
17.0138,-1.79E-11
17.0044,-1.75E-11
16.9951,-1.68E-11
16.9858,-1.60E-11
16.9765,-1.50E-11
16.9672,-1.37E-11
16.958,-1.35E-11
16.9488,-1.33E-11
16.9397,-1.31E-11
16.9306,-1.29E-11
16.9215,-1.27E-11
16.9125,-1.24E-11
16.9034,-1.22E-11
16.8945,-1.19E-11
16.8855,-1.16E-11
16.8766,-1.13E-11
16.8677,-1.10E-11
16.8589,-1.07E-11
16.85,-1.04E-11
16.8412,-1.00E-11
16.8325,-9.69E-12
16.8238,-9.31E-12
16.8151,-8.92E-12
16.8064,-8.52E-12
16.7978,-8.11E-12
16.7892,-7.67E-12
16.7806,-7.23E-12
16.7721,-6.76E-12
16.7635,-6.33E-12
16.7551,-5.97E-12
16.7466,-5.60E-12
16.7382,-5.24E-12
16.7298,-4.89E-12
16.7215,-4.55E-12
16.7131,-4.21E-12
16.7048,-3.89E-12
16.6966,-3.57E-12
16.6883,-3.26E-12
16.6801,-2.97E-12
16.672,-2.69E-12
16.6638,-2.42E-12
16.6557,-2.17E-12
16.6476,-1.93E-12
16.6395,-1.71E-12
16.6315,-1.50E-12
16.6235,-1.31E-12
16.6155,-1.15E-12
16.6076,-9.97E-13
16.5997,-8.68E-13
16.5918,-7.60E-13
16.5839,-6.73E-13
16.5761,-5.56E-13
16.5683,-4.51E-13
16.5605,-3.58E-13
16.5528,-2.78E-13
16.5451,-2.10E-13
16.5374,-1.54E-13
16.5297,-1.08E-13
16.5221,-7.31E-14
16.5145,-4.78E-14
16.5069,-3.16E-14
16.4994,-2.36E-14
16.4919,-2.29E-14
16.4844,-2.86E-14
16.4769,-3.96E-14
16.4695,-5.49E-14
16.462,-7.32E-14
16.4547,-9.32E-14
16.4473,-1.14E-13
16.44,-1.33E-13
16.4327,-1.50E-13
16.4254,-1.63E-13
16.4181,-1.70E-13
16.4109,-2.05E-13
16.4037,-2.78E-13
16.3965,-3.55E-13
16.3894,-4.34E-13
16.3823,-5.14E-13
16.3752,-5.94E-13
16.3681,-6.75E-13
16.3611,-7.53E-13
16.354,-8.30E-13
16.347,-9.03E-13
16.3401,-9.72E-13
16.3331,-1.03E-12
16.3262,-1.09E-12
16.3193,-1.14E-12
16.3125,-1.18E-12
16.3056,-1.21E-12
16.2988,-1.23E-12
16.292,-1.23E-12
16.2852,-1.22E-12
16.2785,-1.19E-12
16.2718,-1.15E-12
16.2651,-1.09E-12
16.2584,-1.01E-12
16.2518,-1.01E-12
16.2452,-1.01E-12
16.2386,-1.00E-12
16.232,-9.90E-13
16.2255,-9.74E-13
16.2189,-9.54E-13
16.2124,-9.30E-13
16.206,-9.02E-13
16.1995,-8.70E-13
16.1931,-8.34E-13
16.1867,-7.96E-13
16.1803,-7.54E-13
16.1739,-7.10E-13
16.1676,-6.63E-13
16.1613,-6.15E-13
16.155,-5.65E-13
16.1487,-5.15E-13
16.1425,-4.64E-13
16.1363,-4.13E-13
16.1301,-3.63E-13
16.1239,-3.15E-13
16.1178,-2.70E-13
16.1116,-2.12E-13
16.1055,-1.42E-13
16.0994,-7.14E-14
16.0934,-3.60E-16
16.0873,7.04E-14
16.0813,1.41E-13
16.0753,2.09E-13
16.0694,2.76E-13
16.0634,3.41E-13
16.0575,4.03E-13
16.0516,4.61E-13
16.0457,5.14E-13
16.0398,5.63E-13
16.034,6.06E-13
16.0282,6.43E-13
16.0224,6.72E-13
16.0166,6.94E-13
16.0108,7.06E-13
16.0051,7.09E-13
15.9994,7.02E-13
15.9937,6.82E-13
15.988,6.51E-13
15.9824,6.09E-13
15.9767,6.19E-13
15.9711,6.26E-13
15.9655,6.30E-13
15.96,6.31E-13
15.9544,6.29E-13
15.9489,6.24E-13
15.9434,6.16E-13
15.9379,6.05E-13
15.9325,5.92E-13
15.927,5.76E-13
15.9216,5.57E-13
15.9162,5.36E-13
15.9108,5.12E-13
15.9054,4.87E-13
15.9001,4.59E-13
15.8948,4.30E-13
15.8895,4.00E-13
15.8842,3.68E-13
15.8789,3.35E-13
15.8737,3.02E-13
15.8684,2.68E-13
15.8632,2.35E-13
15.858,1.96E-13
15.8529,1.54E-13
15.8477,1.11E-13
15.8426,6.71E-14
15.8375,2.36E-14
15.8324,-1.96E-14
15.8273,-6.23E-14
15.8223,-1.04E-13
15.8172,-1.44E-13
15.8122,-1.83E-13
15.8072,-2.20E-13
15.8022,-2.54E-13
15.7973,-2.86E-13
15.7923,-3.14E-13
15.7874,-3.38E-13
15.7825,-3.59E-13
15.7776,-3.74E-13
15.7727,-3.84E-13
15.7679,-3.89E-13
15.7631,-3.87E-13
15.7583,-3.79E-13
15.7535,-3.63E-13
15.7487,-3.42E-13
15.7439,-3.52E-13
15.7392,-3.59E-13
15.7345,-3.64E-13
15.7297,-3.68E-13
15.7251,-3.69E-13
15.7204,-3.69E-13
15.7157,-3.67E-13
15.7111,-3.63E-13
15.7065,-3.57E-13
15.7019,-3.50E-13
15.6973,-3.41E-13
15.6927,-3.30E-13
15.6882,-3.18E-13
15.6836,-3.04E-13
15.6791,-2.89E-13
15.6746,-2.72E-13
15.6701,-2.55E-13
15.6657,-2.36E-13
15.6612,-2.17E-13
15.6568,-1.97E-13
15.6524,-1.76E-13
15.648,-1.55E-13
15.6436,-1.31E-13
15.6392,-1.06E-13
15.6349,-8.06E-14
15.6306,-5.47E-14
15.6262,-2.86E-14
15.6219,-2.62E-15
15.6177,2.31E-14
15.6134,4.84E-14
15.6091,7.29E-14
15.6049,9.66E-14
15.6007,1.19E-13
15.5965,1.40E-13
15.5923,1.60E-13
15.5881,1.77E-13
15.584,1.92E-13
15.5798,2.05E-13
15.5757,2.15E-13
15.5716,2.22E-13
15.5675,2.26E-13
15.5634,2.25E-13
15.5594,2.21E-13
15.5553,2.12E-13
15.5513,2.03E-13
15.5473,2.25E-13
15.5433,2.46E-13
15.5393,2.68E-13
15.5353,2.90E-13
15.5314,3.13E-13
15.5274,3.35E-13
15.5235,3.58E-13
15.5196,3.80E-13
15.5157,4.02E-13
15.5118,4.24E-13
15.508,4.46E-13
15.5041,4.67E-13
15.5003,4.87E-13
15.4965,5.06E-13
15.4926,5.25E-13
15.4889,5.42E-13
15.4851,5.58E-13
15.4813,5.73E-13
15.4776,5.86E-13
15.4738,5.97E-13
15.4701,6.05E-13
15.4664,6.12E-13
15.4627,6.15E-13
15.4591,6.16E-13
15.4554,6.14E-13
15.4517,6.08E-13
15.4481,5.98E-13
15.4445,5.84E-13
15.4409,5.66E-13
15.4373,5.43E-13
15.4337,5.15E-13
15.4302,4.82E-13
15.4266,4.43E-13
15.4231,3.98E-13
15.4195,4.06E-13
15.416,4.15E-13
15.4125,4.24E-13
15.4091,4.33E-13
15.4056,4.42E-13
15.4021,4.52E-13
15.3987,4.61E-13
15.3953,4.71E-13
15.3919,4.80E-13
15.3885,4.89E-13
15.3851,4.98E-13
15.3817,5.07E-13
15.3783,5.16E-13
15.375,5.24E-13
15.3716,5.31E-13
15.3683,5.38E-13
15.365,5.44E-13
15.3617,5.50E-13
15.3584,5.54E-13
15.3552,5.57E-13
15.3519,5.60E-13
15.3487,5.61E-13
15.3454,5.60E-13
15.3422,5.58E-13
15.339,5.54E-13
15.3358,5.48E-13
15.3326,5.40E-13
15.3295,5.30E-13
15.3263,5.17E-13
15.3232,5.02E-13
15.32,4.84E-13
15.3169,4.62E-13
15.3138,4.38E-13
15.3107,4.10E-13
15.3076,4.08E-13
15.3046,4.10E-13
15.3015,4.11E-13
15.2984,4.13E-13
15.2954,4.15E-13
15.2924,4.16E-13
15.2894,4.17E-13
15.2864,4.18E-13
15.2834,4.19E-13
15.2804,4.20E-13
15.2775,4.20E-13
15.2745,4.20E-13
15.2716,4.19E-13
15.2686,4.18E-13
15.2657,4.16E-13
15.2628,4.14E-13
15.2599,4.11E-13
15.2571,4.07E-13
15.2542,4.03E-13
15.2513,3.97E-13
15.2485,3.91E-13
15.2456,3.84E-13
15.2428,3.75E-13
15.24,3.66E-13
15.2372,3.55E-13
15.2344,3.43E-13
15.2316,3.30E-13
15.2289,3.15E-13
15.2261,2.98E-13
15.2234,2.80E-13
15.2206,2.60E-13
15.2179,2.38E-13
15.2152,2.14E-13
15.2125,1.88E-13
15.2098,1.74E-13
15.2071,1.65E-13
15.2045,1.56E-13
15.2018,1.47E-13
15.1992,1.38E-13
15.1965,1.29E-13
15.1939,1.20E-13
15.1913,1.11E-13
15.1887,1.02E-13
15.1861,9.33E-14
15.1835,8.44E-14
15.181,7.56E-14
15.1784,6.69E-14
15.1759,5.83E-14
15.1733,4.97E-14
15.1708,4.13E-14
15.1683,3.31E-14
15.1658,2.49E-14
15.1633,1.70E-14
15.1608,9.16E-15
15.1583,1.55E-15
15.1558,-5.84E-15
15.1534,-1.30E-14
15.1509,-2.00E-14
15.1485,-2.66E-14
15.1461,-3.31E-14
15.1436,-3.92E-14
15.1412,-4.50E-14
15.1388,-5.05E-14
15.1365,-5.57E-14
15.1341,-6.05E-14
15.1317,-6.49E-14
15.1294,-6.89E-14
15.127,-7.25E-14
15.1247,-7.69E-14
15.1224,-8.18E-14
15.12,-8.64E-14
15.1177,-9.08E-14
15.1154,-9.50E-14
15.1131,-9.89E-14
15.1109,-1.03E-13
15.1086,-1.06E-13
15.1063,-1.09E-13
15.1041,-1.12E-13
15.1019,-1.14E-13
15.0996,-1.17E-13
15.0974,-1.19E-13
15.0952,-1.20E-13
15.093,-1.22E-13
15.0908,-1.23E-13
15.0886,-1.23E-13
15.0864,-1.24E-13
15.0843,-1.23E-13
15.0821,-1.23E-13
15.08,-1.22E-13
15.0778,-1.21E-13
15.0757,-1.20E-13
15.0736,-1.18E-13
15.0715,-1.16E-13
15.0694,-1.13E-13
15.0673,-1.10E-13
15.0652,-1.07E-13
15.0631,-1.03E-13
15.0611,-9.90E-14
15.059,-9.44E-14
15.057,-8.93E-14
15.0549,-8.39E-14
15.0529,-7.80E-14
15.0509,-7.29E-14
15.0489,-6.90E-14
15.0469,-6.50E-14
15.0449,-6.09E-14
15.0429,-5.66E-14
15.0409,-5.23E-14
15.0389,-4.79E-14
15.037,-4.34E-14
15.035,-3.89E-14
15.0331,-3.44E-14
15.0312,-2.98E-14
15.0292,-2.53E-14
15.0273,-2.07E-14
15.0254,-1.62E-14
15.0235,-1.18E-14
15.0216,-7.42E-15
15.0197,-3.14E-15
15.0179,1.03E-15
15.016,5.07E-15
15.0141,8.96E-15
15.0123,1.27E-14
15.0104,1.62E-14
15.0086,1.95E-14
15.0068,2.26E-14
15.005,2.54E-14
15.0032,2.79E-14
15.0014,3.01E-14
14.9996,3.20E-14
14.9978,3.35E-14
14.996,3.47E-14
14.9943,3.54E-14
14.9925,3.57E-14
14.9907,3.55E-14
14.989,3.48E-14
14.9873,3.49E-14
14.9855,3.73E-14
14.9838,3.95E-14
14.9821,4.16E-14
14.9804,4.35E-14
14.9787,4.54E-14
14.977,4.70E-14
14.9753,4.86E-14
14.9737,5.00E-14
14.972,5.13E-14
14.9703,5.24E-14
14.9687,5.33E-14
14.967,5.41E-14
14.9654,5.47E-14
14.9638,5.52E-14
14.9622,5.54E-14
14.9606,5.55E-14
14.959,5.54E-14
14.9574,5.52E-14
14.9558,5.47E-14
14.9542,5.41E-14
14.9526,5.32E-14
14.951,5.22E-14
14.9495,5.10E-14
14.9479,4.96E-14
14.9464,4.79E-14
14.9449,4.61E-14
14.9433,4.41E-14
14.9418,4.18E-14
14.9403,3.94E-14
14.9388,3.67E-14
14.9373,3.39E-14
14.9358,3.08E-14
14.9343,2.75E-14
14.9328,2.43E-14
14.9313,2.18E-14
14.9299,1.93E-14
14.9284,1.68E-14
14.927,1.42E-14
14.9255,1.15E-14
14.9241,8.83E-15
14.9227,6.12E-15
14.9212,3.40E-15
14.9198,6.77E-16
14.9184,-2.04E-15
14.917,-4.74E-15
14.9156,-7.42E-15
14.9142,-1.00E-14
14.9129,-1.26E-14
14.9115,-1.51E-14
14.9101,-1.76E-14
14.9088,-1.99E-14
14.9074,-2.22E-14
14.9061,-2.43E-14
14.9047,-2.63E-14
14.9034,-2.82E-14
14.9021,-2.98E-14
14.9007,-3.13E-14
14.8994,-3.27E-14
14.8981,-3.38E-14
14.8968,-3.47E-14
14.8955,-3.53E-14
14.8942,-3.57E-14
14.893,-3.58E-14
14.8917,-3.56E-14
14.8904,-3.51E-14
14.8892,-3.42E-14
14.8879,-3.30E-14
14.8866,-3.17E-14
14.8854,-3.27E-14
14.8842,-3.37E-14
14.8829,-3.46E-14
14.8817,-3.54E-14
14.8805,-3.62E-14
14.8793,-3.69E-14
14.8781,-3.75E-14
14.8769,-3.81E-14
14.8757,-3.85E-14
14.8745,-3.89E-14
14.8733,-3.92E-14
14.8722,-3.94E-14
14.871,-3.96E-14
14.8699,-3.96E-14
14.8687,-3.96E-14
14.8676,-3.95E-14
14.8664,-3.93E-14
14.8653,-3.90E-14
14.8642,-3.86E-14
14.863,-3.81E-14
14.8619,-3.76E-14
14.8608,-3.69E-14
14.8597,-3.62E-14
14.8586,-3.54E-14
14.8575,-3.45E-14
14.8564,-3.35E-14
14.8553,-3.24E-14
14.8543,-3.13E-14
14.8532,-3.00E-14
14.8521,-2.87E-14
14.8511,-2.73E-14
14.85,-2.58E-14
14.849,-2.43E-14
14.848,-2.27E-14
14.8469,-2.13E-14
14.8459,-1.98E-14
14.8449,-1.84E-14
14.8439,-1.69E-14
14.8429,-1.54E-14
14.8419,-1.38E-14
14.8409,-1.23E-14
14.8399,-1.07E-14
14.8389,-9.18E-15
14.8379,-7.62E-15
14.8369,-6.07E-15
14.836,-4.54E-15
14.835,-3.02E-15
14.834,-1.52E-15
14.8331,-5.98E-17
14.8321,1.37E-15
14.8312,2.75E-15
14.8303,4.08E-15
14.8293,5.35E-15
14.8284,6.56E-15
14.8275,7.69E-15
14.8266,8.74E-15
14.8257,9.71E-15
14.8248,1.06E-14
14.8239,1.13E-14
14.823,1.20E-14
14.8221,1.25E-14
14.8212,1.29E-14
14.8203,1.32E-14
14.8195,1.33E-14
14.8186,1.32E-14
14.8177,1.30E-14
14.8169,1.26E-14
14.816,1.20E-14
14.8152,1.24E-14
14.8144,1.31E-14
14.8135,1.36E-14
14.8127,1.42E-14
14.8119,1.47E-14
14.8111,1.51E-14
14.8102,1.55E-14
14.8094,1.59E-14
14.8086,1.62E-14
14.8078,1.65E-14
14.807,1.67E-14
14.8063,1.69E-14
14.8055,1.70E-14
14.8047,1.70E-14
14.8039,1.70E-14
14.8032,1.70E-14
14.8024,1.69E-14
14.8017,1.67E-14
14.8009,1.65E-14
14.8002,1.63E-14
14.7994,1.59E-14
14.7987,1.55E-14
14.798,1.51E-14
14.7972,1.46E-14
14.7965,1.41E-14
14.7958,1.34E-14
14.7951,1.28E-14
14.7944,1.20E-14
14.7937,1.12E-14
14.793,1.04E-14
14.7923,9.50E-15
14.7916,8.53E-15
14.7909,7.51E-15
14.7902,6.44E-15
14.7896,5.52E-15
14.7889,4.68E-15
14.7882,3.83E-15
14.7876,2.96E-15
14.7869,2.08E-15
14.7863,1.19E-15
14.7856,2.92E-16
14.785,-6.05E-16
14.7844,-1.50E-15
14.7837,-2.39E-15
14.7831,-3.28E-15
14.7825,-4.15E-15
14.7819,-5.00E-15
14.7813,-5.84E-15
14.7807,-6.65E-15
14.7801,-7.44E-15
14.7795,-8.20E-15
14.7789,-8.92E-15
14.7783,-9.59E-15
14.7777,-1.02E-14
14.7771,-1.08E-14
14.7766,-1.13E-14
14.776,-1.18E-14
14.7754,-1.22E-14
14.7749,-1.26E-14
14.7743,-1.28E-14
14.7738,-1.30E-14
14.7732,-1.31E-14
14.7727,-1.31E-14
14.7721,-1.30E-14
14.7716,-1.28E-14
14.7711,-1.25E-14
14.7706,-1.21E-14
14.77,-1.15E-14
14.7695,-1.14E-14
14.769,-1.16E-14
14.7685,-1.18E-14
14.768,-1.20E-14
14.7675,-1.21E-14
14.767,-1.22E-14
14.7665,-1.23E-14
14.766,-1.24E-14
14.7656,-1.24E-14
14.7651,-1.24E-14
14.7646,-1.24E-14
14.7641,-1.24E-14
14.7637,-1.23E-14
14.7632,-1.22E-14
14.7628,-1.20E-14
14.7623,-1.18E-14
14.7619,-1.16E-14
14.7614,-1.14E-14
14.761,-1.12E-14
14.7605,-1.09E-14
14.7601,-1.05E-14
14.7597,-1.02E-14
14.7593,-9.81E-15
14.7589,-9.40E-15
14.7584,-8.97E-15
14.758,-8.50E-15
14.7576,-8.01E-15
14.7572,-7.49E-15
14.7568,-6.94E-15
14.7564,-6.37E-15
14.756,-5.77E-15
14.7557,-5.14E-15
14.7553,-4.49E-15
14.7549,-3.81E-15
14.7545,-3.17E-15
14.7542,-2.58E-15
14.7538,-1.98E-15
14.7534,-1.38E-15
14.7531,-7.71E-16
14.7527,-1.63E-16
14.7524,4.44E-16
14.752,1.05E-15
14.7517,1.65E-15
14.7513,2.24E-15
14.751,2.83E-15
14.7507,3.40E-15
14.7504,3.96E-15
14.75,4.51E-15
14.7497,5.03E-15
14.7494,5.54E-15
14.7491,6.02E-15
14.7488,6.48E-15
14.7485,6.91E-15
14.7482,7.30E-15
14.7479,7.66E-15
14.7476,7.99E-15
14.7473,8.27E-15
14.747,8.51E-15
14.7467,8.70E-15
14.7465,8.85E-15
14.7462,8.94E-15
14.7459,8.97E-15
14.7457,8.94E-15
14.7454,8.85E-15
14.7451,8.69E-15
14.7449,8.46E-15
14.7446,8.15E-15
14.7444,7.77E-15
14.7441,7.47E-15
14.7439,7.56E-15
14.7437,7.64E-15
14.7434,7.69E-15
14.7432,7.73E-15
14.743,7.74E-15
14.7428,7.75E-15
14.7425,7.73E-15
14.7423,7.69E-15
14.7421,7.64E-15
14.7419,7.57E-15
14.7417,7.48E-15
14.7415,7.38E-15
14.7413,7.25E-15
14.7411,7.11E-15
14.7409,6.95E-15
14.7407,6.78E-15
14.7405,6.59E-15
14.7404,6.38E-15
14.7402,6.16E-15
14.74,5.93E-15
14.7398,5.67E-15
14.7397,5.41E-15
14.7395,5.13E-15
14.7394,4.83E-15
14.7392,4.53E-15
14.7391,4.21E-15
14.7389,3.88E-15
14.7388,3.54E-15
14.7386,3.19E-15
14.7385,2.83E-15
14.7383,2.46E-15
14.7382,2.09E-15
14.7381,1.71E-15
14.738,1.32E-15
14.7378,9.36E-16
14.7377,5.51E-16
14.7376,1.64E-16
14.7375,-2.24E-16
14.7374,-6.11E-16
14.7373,-9.96E-16
14.7372,-1.38E-15
14.7371,-1.76E-15
14.737,-2.13E-15
14.7369,-2.49E-15
14.7368,-2.85E-15
14.7367,-3.19E-15
14.7366,-3.53E-15
14.7365,-3.85E-15
14.7365,-4.15E-15
14.7364,-4.44E-15
14.7363,-4.72E-15
14.7363,-4.97E-15
14.7362,-5.20E-15
14.7361,-5.41E-15
14.7361,-5.59E-15
14.736,-5.75E-15
14.736,-5.88E-15
14.7359,-5.98E-15
14.7359,-6.04E-15
14.7358,-6.07E-15
14.7358,-6.06E-15
14.7358,-6.02E-15
14.7357,-5.93E-15
14.7357,-5.80E-15
14.7357,-5.63E-15
14.7357,-5.40E-15
14.7356,-5.13E-15
14.7356,-4.82E-15
14.7356,-4.83E-15
14.7356,-4.84E-15
14.7356,-4.83E-15
14.7356,-4.81E-15
14.7356,-4.78E-15
14.7356,-4.74E-15
14.7356,-4.69E-15
14.7356,-4.63E-15
14.7356,-4.55E-15
14.7356,-4.47E-15
14.7356,-4.37E-15
14.7356,-4.27E-15
14.7357,-4.16E-15
14.7357,-4.03E-15
14.7357,-3.90E-15
14.7358,-3.76E-15
14.7358,-3.61E-15
14.7358,-3.46E-15
14.7359,-3.29E-15
14.7359,-3.12E-15
14.7359,-2.94E-15
14.736,-2.76E-15
14.736,-2.57E-15
14.7361,-2.37E-15
14.7362,-2.18E-15
14.7362,-1.97E-15
14.7363,-1.77E-15
14.7363,-1.56E-15
14.7364,-1.35E-15
14.7365,-1.14E-15
14.7366,-9.30E-16
14.7366,-7.20E-16
14.7367,-5.12E-16
14.7368,-3.07E-16
14.7369,-6.77E-17
14.737,1.76E-16
14.7371,4.20E-16
14.7371,6.63E-16
14.7372,9.04E-16
14.7373,1.14E-15
14.7374,1.38E-15
14.7375,1.61E-15
14.7377,1.84E-15
14.7378,2.06E-15
14.7379,2.28E-15
14.738,2.49E-15
14.7381,2.69E-15
14.7382,2.88E-15
14.7383,3.06E-15
14.7385,3.23E-15
14.7386,3.39E-15
14.7387,3.53E-15
14.7389,3.66E-15
14.739,3.78E-15
14.7391,3.88E-15
14.7393,3.96E-15
14.7394,4.02E-15
14.7396,4.07E-15
14.7397,4.09E-15
14.7399,4.09E-15
14.74,4.07E-15
14.7402,4.03E-15
14.7403,3.95E-15
14.7405,3.85E-15
14.7407,3.73E-15
14.7408,3.57E-15
14.741,3.38E-15
14.7412,3.16E-15
14.7414,3.09E-15
14.7415,3.07E-15
14.7417,3.04E-15
14.7419,3.00E-15
14.7421,2.95E-15
14.7423,2.90E-15
14.7425,2.84E-15
14.7426,2.78E-15
14.7428,2.71E-15
14.743,2.63E-15
14.7432,2.55E-15
14.7434,2.46E-15
14.7436,2.37E-15
14.7439,2.27E-15
14.7441,2.16E-15
14.7443,2.06E-15
14.7445,1.94E-15
14.7447,1.83E-15
14.7449,1.71E-15
14.7451,1.59E-15
14.7454,1.47E-15
14.7456,1.34E-15
14.7458,1.21E-15
14.7461,1.08E-15
14.7463,9.56E-16
14.7465,8.28E-16
14.7468,7.00E-16
14.747,5.73E-16
14.7473,4.48E-16
14.7475,3.26E-16
14.7477,2.07E-16
14.748,9.10E-17
14.7483,-2.03E-17
14.7485,-1.27E-16
14.7488,-2.61E-16
14.749,-4.15E-16
14.7493,-5.67E-16
14.7496,-7.19E-16
14.7498,-8.69E-16
14.7501,-1.02E-15
14.7504,-1.16E-15
14.7506,-1.31E-15
14.7509,-1.45E-15
14.7512,-1.58E-15
14.7515,-1.71E-15
14.7517,-1.84E-15
14.752,-1.96E-15
14.7523,-2.08E-15
14.7526,-2.19E-15
14.7529,-2.29E-15
14.7532,-2.38E-15
14.7535,-2.47E-15
14.7538,-2.55E-15
14.7541,-2.61E-15
14.7544,-2.67E-15
14.7547,-2.72E-15
14.755,-2.75E-15
14.7553,-2.78E-15
14.7556,-2.79E-15
14.7559,-2.79E-15
14.7563,-2.77E-15
14.7566,-2.74E-15
14.7569,-2.69E-15
14.7572,-2.63E-15
14.7575,-2.55E-15
14.7579,-2.45E-15
14.7582,-2.34E-15
14.7585,-2.20E-15
14.7589,-2.12E-15
14.7592,-2.09E-15
14.7595,-2.07E-15
14.7599,-2.04E-15
14.7602,-2.01E-15
14.7606,-1.97E-15
14.7609,-1.93E-15
14.7613,-1.88E-15
14.7616,-1.84E-15
14.762,-1.79E-15
14.7623,-1.73E-15
14.7627,-1.67E-15
14.763,-1.62E-15
14.7634,-1.55E-15
14.7637,-1.49E-15
14.7641,-1.43E-15
14.7645,-1.36E-15
14.7648,-1.29E-15
14.7652,-1.23E-15
14.7656,-1.16E-15
14.766,-1.09E-15
14.7663,-1.02E-15
14.7667,-9.53E-16
14.7671,-8.86E-16
14.7675,-8.21E-16
14.7679,-7.58E-16
14.7683,-6.96E-16
14.7686,-6.38E-16
14.769,-5.82E-16
14.7694,-5.30E-16
14.7698,-4.83E-16
14.7702,-4.39E-16
14.7706,-4.01E-16
14.771,-3.69E-16
14.7714,-3.21E-16
14.7718,-2.40E-16
14.7722,-1.59E-16
14.7726,-7.84E-17
14.7731,1.59E-18
14.7735,8.06E-17
14.7739,1.59E-16
14.7743,2.35E-16
14.7747,3.10E-16
14.7751,3.83E-16
14.7756,4.55E-16
14.776,5.24E-16
14.7764,5.90E-16
14.7768,6.54E-16
14.7773,7.14E-16
14.7777,7.72E-16
14.7781,8.25E-16
14.7786,8.75E-16
14.779,9.21E-16
14.7794,9.63E-16
14.7799,1.00E-15
14.7803,1.03E-15
14.7808,1.06E-15
14.7812,1.08E-15
14.7817,1.09E-15
14.7821,1.10E-15
14.7826,1.11E-15
14.783,1.10E-15
14.7835,1.09E-15
14.7839,1.07E-15
14.7844,1.05E-15
14.7848,1.01E-15
14.7853,9.68E-16
14.7858,9.16E-16
14.7862,8.70E-16
14.7867,8.66E-16
14.7872,8.60E-16
14.7876,8.52E-16
14.7881,8.42E-16
14.7886,8.30E-16
14.7891,8.16E-16
14.7896,8.00E-16
14.79,7.82E-16
14.7905,7.63E-16
14.791,7.42E-16
14.7915,7.19E-16
14.792,6.95E-16
14.7925,6.70E-16
14.793,6.44E-16
14.7934,6.17E-16
14.7939,5.89E-16
14.7944,5.60E-16
14.7949,5.30E-16
14.7954,5.01E-16
14.7959,4.71E-16
14.7964,4.41E-16
14.7969,4.11E-16
14.7974,3.82E-16
14.798,3.53E-16
14.7985,3.24E-16
14.799,2.97E-16
14.7995,2.71E-16
14.8,2.46E-16
14.8005,2.23E-16
14.801,2.02E-16
14.8016,1.83E-16
14.8021,1.66E-16
14.8026,1.52E-16
14.8031,1.37E-16
14.8036,9.93E-17
14.8042,6.12E-17
14.8047,2.31E-17
14.8052,-1.47E-17
14.8058,-5.23E-17
14.8063,-8.94E-17
14.8068,-1.26E-16
14.8074,-1.62E-16
14.8079,-1.97E-16
14.8085,-2.31E-16
14.809,-2.65E-16
14.8095,-2.97E-16
14.8101,-3.28E-16
14.8106,-3.57E-16
14.8112,-3.85E-16
14.8117,-4.12E-16
14.8123,-4.36E-16
14.8128,-4.59E-16
14.8134,-4.80E-16
14.8139,-4.98E-16
14.8145,-5.14E-16
14.8151,-5.27E-16
14.8156,-5.38E-16
14.8162,-5.46E-16
14.8168,-5.51E-16
14.8173,-5.53E-16
14.8179,-5.52E-16
14.8185,-5.47E-16
14.819,-5.39E-16
14.8196,-5.26E-16
14.8202,-5.10E-16
14.8207,-4.90E-16
14.8213,-4.65E-16
14.8219,-4.36E-16
14.8225,-4.34E-16
14.8231,-4.31E-16
14.8236,-4.28E-16
14.8242,-4.24E-16
14.8248,-4.18E-16
14.8254,-4.12E-16
14.826,-4.05E-16
14.8266,-3.97E-16
14.8272,-3.88E-16
14.8278,-3.78E-16
14.8283,-3.67E-16
14.8289,-3.56E-16
14.8295,-3.44E-16
14.8301,-3.32E-16
14.8307,-3.19E-16
14.8313,-3.05E-16
14.8319,-2.92E-16
14.8325,-2.77E-16
14.8332,-2.63E-16
14.8338,-2.49E-16
14.8344,-2.34E-16
14.835,-2.19E-16
14.8356,-2.05E-16
14.8362,-1.91E-16
14.8368,-1.77E-16
14.8374,-1.63E-16
14.838,-1.50E-16
14.8387,-1.37E-16
14.8393,-1.25E-16
14.8399,-1.14E-16
14.8405,-1.04E-16
14.8412,-9.52E-17
14.8418,-8.74E-17
14.8424,-8.08E-17
14.843,-6.41E-17
14.8437,-4.51E-17
14.8443,-2.62E-17
14.8449,-7.34E-18
14.8456,1.14E-17
14.8462,3.00E-17
14.8468,4.83E-17
14.8475,6.64E-17
14.8481,8.41E-17
14.8487,1.01E-16
14.8494,1.18E-16
14.85,1.35E-16
14.8507,1.50E-16
14.8513,1.65E-16
14.852,1.80E-16
14.8526,1.93E-16
14.8533,2.06E-16
14.8539,2.18E-16
14.8546,2.29E-16
14.8552,2.38E-16
14.8559,2.47E-16
14.8565,2.54E-16
14.8572,2.60E-16
14.8578,2.65E-16
14.8585,2.68E-16
14.8592,2.70E-16
14.8598,2.70E-16
14.8605,2.68E-16
14.8611,2.65E-16
14.8618,2.60E-16
14.8625,2.52E-16
14.8632,2.43E-16
14.8638,2.32E-16
14.8645,2.18E-16
14.8652,2.14E-16
14.8658,2.13E-16
14.8665,2.12E-16
14.8672,2.10E-16
14.8679,2.08E-16
14.8685,2.06E-16
14.8692,2.03E-16
14.8699,2.00E-16
14.8706,1.96E-16
14.8713,1.91E-16
14.872,1.87E-16
14.8726,1.82E-16
14.8733,1.76E-16
14.874,1.71E-16
14.8747,1.65E-16
14.8754,1.59E-16
14.8761,1.52E-16
14.8768,1.46E-16
14.8775,1.39E-16
14.8782,1.32E-16
14.8789,1.25E-16
14.8796,1.18E-16
14.8803,1.11E-16
14.881,1.04E-16
14.8817,9.71E-17
14.8824,9.04E-17
14.8831,8.38E-17
14.8838,7.75E-17
14.8845,7.15E-17
14.8852,6.58E-17
14.8859,6.05E-17
14.8866,5.56E-17
14.8873,5.13E-17
14.888,4.75E-17
14.8887,4.08E-17
14.8895,3.14E-17
14.8902,2.21E-17
14.8909,1.27E-17
14.8916,3.44E-18
14.8923,-5.80E-18
14.893,-1.49E-17
14.8938,-2.40E-17
14.8945,-3.28E-17
14.8952,-4.15E-17
14.8959,-5.00E-17
14.8967,-5.83E-17
14.8974,-6.62E-17
14.8981,-7.39E-17
14.8988,-8.12E-17
14.8996,-8.82E-17
14.9003,-9.48E-17
14.901,-1.01E-16
14.9018,-1.07E-16
14.9025,-1.12E-16
14.9032,-1.16E-16
14.904,-1.20E-16
14.9047,-1.24E-16
14.9054,-1.26E-16
14.9062,-1.28E-16
14.9069,-1.29E-16
14.9077,-1.30E-16
14.9084,-1.30E-16
14.9091,-1.28E-16
14.9099,-1.26E-16
14.9106,-1.23E-16
14.9114,-1.19E-16
14.9121,-1.14E-16
14.9129,-1.07E-16
14.9136,-1.06E-16
14.9144,-1.13E-16
14.9151,-1.20E-16
14.9159,-1.27E-16
14.9166,-1.34E-16
14.9174,-1.41E-16
14.9181,-1.49E-16
14.9189,-1.56E-16
14.9197,-1.63E-16
14.9204,-1.70E-16
14.9212,-1.77E-16
14.9219,-1.84E-16
14.9227,-1.90E-16
14.9235,-1.97E-16
14.9242,-2.04E-16
14.925,-2.10E-16
14.9258,-2.17E-16
14.9265,-2.23E-16
14.9273,-2.29E-16
14.9281,-2.35E-16
14.9288,-2.40E-16
14.9296,-2.46E-16
14.9304,-2.51E-16
14.9312,-2.56E-16
14.9319,-2.60E-16
14.9327,-2.64E-16
14.9335,-2.68E-16
14.9343,-2.72E-16
14.935,-2.75E-16
14.9358,-2.77E-16
14.9366,-2.80E-16
14.9374,-2.81E-16
14.9381,-2.83E-16
14.9389,-2.83E-16
14.9397,-2.84E-16
14.9405,-2.83E-16
14.9413,-2.82E-16
14.9421,-2.81E-16
14.9429,-2.79E-16
14.9436,-2.76E-16
14.9444,-2.73E-16
14.9452,-2.69E-16
14.946,-2.64E-16
14.9468,-2.58E-16
14.9476,-2.52E-16
14.9484,-2.44E-16
14.9492,-2.36E-16
14.95,-2.27E-16
14.9508,-2.18E-16
14.9516,-2.07E-16
14.9524,-1.95E-16
14.9532,-1.84E-16
14.954,-1.85E-16
14.9548,-1.86E-16
14.9556,-1.88E-16
14.9564,-1.89E-16
14.9572,-1.90E-16
14.958,-1.91E-16
14.9588,-1.92E-16
14.9596,-1.93E-16
14.9604,-1.94E-16
14.9612,-1.95E-16
14.962,-1.96E-16
14.9628,-1.97E-16
14.9636,-1.97E-16
14.9644,-1.98E-16
14.9653,-1.98E-16
14.9661,-1.99E-16
14.9669,-1.99E-16
14.9677,-1.99E-16
14.9685,-1.99E-16
14.9693,-1.99E-16
14.9702,-1.98E-16
14.971,-1.98E-16
14.9718,-1.98E-16
14.9726,-1.97E-16
14.9734,-1.96E-16
14.9742,-1.95E-16
14.9751,-1.94E-16
14.9759,-1.93E-16
14.9767,-1.91E-16
14.9775,-1.89E-16
14.9784,-1.88E-16
14.9792,-1.86E-16
14.98,-1.83E-16
14.9808,-1.81E-16
14.9817,-1.78E-16
14.9825,-1.75E-16
14.9833,-1.72E-16
14.9842,-1.69E-16
14.985,-1.65E-16
14.9858,-1.61E-16
14.9867,-1.57E-16
14.9875,-1.53E-16
14.9883,-1.48E-16
14.9892,-1.43E-16
14.99,-1.38E-16
14.9908,-1.33E-16
14.9917,-1.27E-16
14.9925,-1.21E-16
14.9934,-1.15E-16
14.9942,-1.08E-16
14.995,-1.01E-16
14.9959,-9.75E-17
14.9967,-9.53E-17
14.9976,-9.32E-17
14.9984,-9.10E-17
14.9993,-8.88E-17
15.0001,-8.66E-17
15.001,-8.44E-17
15.0018,-8.23E-17
15.0027,-8.01E-17
15.0035,-7.79E-17
15.0043,-7.58E-17
15.0052,-7.37E-17
15.0061,-7.16E-17
15.0069,-6.95E-17
15.0078,-6.74E-17
15.0086,-6.53E-17
15.0095,-6.33E-17
15.0103,-6.12E-17
15.0112,-5.92E-17
15.012,-5.72E-17
15.0129,-5.53E-17
15.0137,-5.33E-17
15.0146,-5.14E-17
15.0155,-4.95E-17
15.0163,-4.77E-17
15.0172,-4.58E-17
15.018,-4.40E-17
15.0189,-4.22E-17
15.0198,-4.05E-17
15.0206,-3.88E-17
15.0215,-3.71E-17
15.0224,-3.54E-17
15.0232,-3.38E-17
15.0241,-3.23E-17
15.025,-3.07E-17
15.0258,-2.92E-17
15.0267,-2.78E-17
15.0276,-2.64E-17
15.0284,-2.50E-17
15.0293,-2.37E-17
15.0302,-2.24E-17
15.031,-2.11E-17
15.0319,-1.99E-17
15.0328,-1.88E-17
15.0337,-1.77E-17
15.0345,-1.67E-17
15.0354,-1.57E-17
15.0363,-1.47E-17
15.0372,-1.38E-17
15.038,-1.30E-17
15.0389,-1.22E-17
15.0398,-1.13E-17
15.0407,-1.02E-17
15.0416,-9.08E-18
15.0424,-8.00E-18
15.0433,-6.95E-18
15.0442,-5.93E-18
15.0451,-4.94E-18
15.046,-3.98E-18
15.0468,-3.05E-18
15.0477,-2.14E-18
15.0486,-1.27E-18
15.0495,-4.30E-19
15.0504,3.81E-19
15.0513,1.16E-18
15.0522,1.91E-18
15.053,2.63E-18
15.0539,3.32E-18
15.0548,3.98E-18
15.0557,4.60E-18
15.0566,5.19E-18
15.0575,5.76E-18
15.0584,6.29E-18
15.0593,6.78E-18
15.0602,7.25E-18
15.0611,7.68E-18
15.062,8.08E-18
15.0629,8.45E-18
15.0637,8.79E-18
15.0646,9.09E-18
15.0655,9.36E-18
15.0664,9.59E-18
15.0673,9.80E-18
15.0682,9.97E-18
15.0691,1.01E-17
15.07,1.02E-17
15.0709,1.03E-17
15.0718,1.03E-17
15.0727,1.03E-17
15.0736,1.03E-17
15.0745,1.02E-17
15.0754,1.01E-17
15.0763,1.00E-17
15.0772,9.84E-18
15.0781,9.64E-18
15.0791,9.41E-18
15.08,9.14E-18
15.0809,8.84E-18
15.0818,8.51E-18
15.0827,8.14E-18
15.0836,7.74E-18
15.0845,7.31E-18
15.0854,6.84E-18
15.0863,6.69E-18
15.0872,6.52E-18
15.0881,6.35E-18
15.089,6.17E-18
15.09,5.97E-18
15.0909,5.77E-18
15.0918,5.56E-18
15.0927,5.35E-18
15.0936,5.12E-18
15.0945,4.89E-18
15.0954,4.66E-18
15.0964,4.42E-18
15.0973,4.18E-18
15.0982,3.93E-18
15.0991,3.68E-18
15.1,3.43E-18
15.1009,3.17E-18
15.1019,2.92E-18
15.1028,2.66E-18
15.1037,2.40E-18
15.1046,2.15E-18
15.1055,1.90E-18
15.1065,1.65E-18
15.1074,1.40E-18
15.1083,1.16E-18
15.1092,9.17E-19
15.1101,6.83E-19
15.1111,4.54E-19
15.112,2.33E-19
15.1129,1.81E-20
15.1138,-1.88E-19
15.1148,-3.86E-19
15.1157,-5.75E-19
15.1166,-7.54E-19
15.1175,-9.21E-19
15.1185,-1.08E-18
15.1194,-1.22E-18
15.1203,-1.35E-18
15.1213,-1.47E-18
15.1222,-1.57E-18
15.1231,-1.66E-18
15.124,-1.74E-18
15.125,-1.79E-18
15.1259,-1.83E-18
15.1268,-1.85E-18
15.1278,-1.85E-18
15.1287,-1.83E-18
15.1296,-1.80E-18
15.1306,-1.74E-18
15.1315,-1.66E-18
15.1324,-1.56E-18
15.1334,-1.63E-18
15.1343,-1.82E-18
15.1352,-2.00E-18
15.1362,-2.18E-18
15.1371,-2.36E-18
15.1381,-2.53E-18
15.139,-2.70E-18
15.1399,-2.87E-18
15.1409,-3.03E-18
15.1418,-3.19E-18
15.1427,-3.34E-18
15.1437,-3.48E-18
15.1446,-3.62E-18
15.1456,-3.76E-18
15.1465,-3.89E-18
15.1475,-4.01E-18
15.1484,-4.13E-18
15.1493,-4.24E-18
15.1503,-4.35E-18
15.1512,-4.44E-18
15.1522,-4.54E-18
15.1531,-4.62E-18
15.1541,-4.70E-18
15.155,-4.77E-18
15.1559,-4.83E-18
15.1569,-4.88E-18
15.1578,-4.93E-18
15.1588,-4.97E-18
15.1597,-5.00E-18
15.1607,-5.02E-18
15.1616,-5.03E-18
15.1626,-5.04E-18
15.1635,-5.03E-18
15.1645,-5.02E-18
15.1654,-5.00E-18
15.1664,-4.96E-18
15.1673,-4.92E-18
15.1683,-4.87E-18
15.1692,-4.80E-18
15.1702,-4.73E-18
15.1711,-4.65E-18
15.1721,-4.55E-18
15.173,-4.45E-18
15.174,-4.33E-18
15.1749,-4.21E-18
15.1759,-4.07E-18
15.1768,-3.92E-18
15.1778,-3.76E-18
15.1787,-3.59E-18
15.1797,-3.41E-18
15.1807,-3.21E-18
15.1816,-3.04E-18
15.1826,-2.98E-18
15.1835,-2.92E-18
15.1845,-2.86E-18
15.1854,-2.79E-18
15.1864,-2.72E-18
15.1874,-2.66E-18
15.1883,-2.58E-18
15.1893,-2.51E-18
15.1902,-2.44E-18
15.1912,-2.36E-18
15.1922,-2.29E-18
15.1931,-2.21E-18
15.1941,-2.14E-18
15.195,-2.06E-18
15.196,-1.98E-18
15.197,-1.90E-18
15.1979,-1.82E-18
15.1989,-1.74E-18
15.1998,-1.66E-18
15.2008,-1.58E-18
15.2018,-1.51E-18
15.2027,-1.43E-18
15.2037,-1.35E-18
15.2047,-1.27E-18
15.2056,-1.20E-18
15.2066,-1.12E-18
15.2076,-1.05E-18
15.2085,-9.75E-19
15.2095,-9.04E-19
15.2105,-8.35E-19
15.2114,-7.67E-19
15.2124,-7.02E-19
15.2134,-6.38E-19
15.2143,-5.77E-19
15.2153,-5.18E-19
15.2163,-4.61E-19
15.2172,-4.07E-19
15.2182,-3.57E-19
15.2192,-3.09E-19
15.2201,-2.64E-19
15.2211,-2.23E-19
15.2221,-1.85E-19
15.223,-1.51E-19
15.224,-1.21E-19
15.225,-9.49E-20
15.226,-7.29E-20
15.2269,-5.53E-20
15.2279,-4.23E-20
15.2289,-3.39E-20
15.2298,-3.04E-20
15.2308,-3.19E-20
15.2318,3.75E-20
15.2328,1.15E-19
15.2337,1.93E-19
15.2347,2.71E-19
15.2357,3.49E-19
15.2367,4.26E-19
15.2376,5.03E-19
15.2386,5.80E-19
15.2396,6.56E-19
15.2406,7.32E-19
15.2415,8.08E-19
15.2425,8.83E-19
15.2435,9.57E-19
15.2445,1.03E-18
15.2454,1.10E-18
15.2464,1.18E-18
15.2474,1.25E-18
15.2484,1.32E-18
15.2493,1.39E-18
15.2503,1.46E-18
15.2513,1.52E-18
15.2523,1.59E-18
15.2533,1.65E-18
15.2542,1.72E-18
15.2552,1.78E-18
15.2562,1.84E-18
15.2572,1.90E-18
15.2581,1.96E-18
15.2591,2.02E-18
15.2601,2.07E-18
15.2611,2.12E-18
15.2621,2.18E-18
15.2631,2.23E-18
15.264,2.27E-18
15.265,2.32E-18
15.266,2.36E-18
15.267,2.41E-18
15.268,2.45E-18
15.2689,2.48E-18
15.2699,2.52E-18
15.2709,2.55E-18
15.2719,2.58E-18
15.2729,2.61E-18
15.2739,2.63E-18
15.2748,2.66E-18
15.2758,2.68E-18
15.2768,2.69E-18
15.2778,2.71E-18
15.2788,2.72E-18
15.2798,2.73E-18
15.2808,2.73E-18
15.2817,2.73E-18
15.2827,2.73E-18
15.2837,2.73E-18
15.2847,2.72E-18
15.2857,2.71E-18
15.2867,2.69E-18
15.2877,2.67E-18
15.2886,2.65E-18
15.2896,2.63E-18
15.2906,2.60E-18
15.2916,2.56E-18
15.2926,2.52E-18
15.2936,2.48E-18
15.2946,2.44E-18
15.2956,2.39E-18
15.2965,2.33E-18
15.2975,2.27E-18
15.2985,2.21E-18
15.2995,2.14E-18
15.3005,2.07E-18
15.3015,1.99E-18
15.3025,1.91E-18
15.3035,1.82E-18
15.3045,1.73E-18
15.3055,1.63E-18
15.3064,1.53E-18
15.3074,1.47E-18
15.3084,1.45E-18
15.3094,1.44E-18
15.3104,1.42E-18
15.3114,1.41E-18
15.3124,1.39E-18
15.3134,1.38E-18
15.3144,1.36E-18
15.3154,1.34E-18
15.3164,1.32E-18
15.3173,1.30E-18
15.3183,1.29E-18
15.3193,1.27E-18
15.3203,1.25E-18
15.3213,1.23E-18
15.3223,1.21E-18
15.3233,1.19E-18
15.3243,1.16E-18
15.3253,1.14E-18
15.3263,1.12E-18
15.3273,1.10E-18
15.3283,1.08E-18
15.3293,1.06E-18
15.3303,1.03E-18
15.3313,1.01E-18
15.3323,9.88E-19
15.3332,9.65E-19
15.3342,9.42E-19
15.3352,9.19E-19
15.3362,8.96E-19
15.3372,8.73E-19
15.3382,8.50E-19
15.3392,8.26E-19
15.3402,8.03E-19
15.3412,7.80E-19
15.3422,7.57E-19
15.3432,7.34E-19
15.3442,7.11E-19
15.3452,6.88E-19
15.3462,6.65E-19
15.3472,6.43E-19
15.3482,6.21E-19
15.3492,5.98E-19
15.3502,5.77E-19
15.3512,5.55E-19
15.3522,5.34E-19
15.3532,5.13E-19
15.3542,4.92E-19
15.3552,4.72E-19
15.3562,4.52E-19
15.3572,4.32E-19
15.3582,4.13E-19
15.3592,3.94E-19
15.3602,3.76E-19
15.3612,3.58E-19
15.3622,3.41E-19
15.3632,3.24E-19
15.3641,3.08E-19
15.3651,2.92E-19
15.3661,2.78E-19
15.3671,2.63E-19
15.3681,2.49E-19
15.3691,2.36E-19
15.3701,2.24E-19
15.3711,2.12E-19
15.3721,2.02E-19
15.3731,1.91E-19
15.3741,1.82E-19
15.3751,1.74E-19
15.3761,1.66E-19
15.3771,1.59E-19
15.3781,1.53E-19
15.3791,1.48E-19
15.3801,1.44E-19
15.3811,1.41E-19
15.3821,1.39E-19
15.3831,1.38E-19
15.3841,1.35E-19
15.3851,1.19E-19
15.3861,1.02E-19
15.3871,8.60E-20
15.3881,7.01E-20
15.3892,5.45E-20
15.3902,3.91E-20
15.3912,2.39E-20
15.3922,9.07E-21
15.3932,-5.51E-21
15.3942,-1.98E-20
15.3952,-3.38E-20
15.3962,-4.75E-20
15.3972,-6.10E-20
15.3982,-7.41E-20
15.3992,-8.69E-20
15.4002,-9.94E-20
15.4012,-1.12E-19
15.4022,-1.23E-19
15.4032,-1.35E-19
15.4042,-1.46E-19
15.4052,-1.57E-19
15.4062,-1.68E-19
15.4072,-1.78E-19
15.4082,-1.88E-19
15.4092,-1.97E-19
15.4102,-2.06E-19
15.4112,-2.15E-19
15.4122,-2.24E-19
15.4132,-2.32E-19
15.4142,-2.39E-19
15.4152,-2.47E-19
15.4162,-2.54E-19
15.4172,-2.60E-19
15.4182,-2.67E-19
15.4192,-2.72E-19
15.4202,-2.78E-19
15.4212,-2.83E-19
15.4222,-2.88E-19
15.4232,-2.92E-19
15.4242,-2.96E-19
15.4252,-3.00E-19
15.4262,-3.03E-19
15.4272,-3.06E-19
15.4282,-3.08E-19
15.4292,-3.10E-19
15.4302,-3.12E-19
15.4313,-3.13E-19
15.4323,-3.14E-19
15.4333,-3.14E-19
15.4343,-3.14E-19
15.4353,-3.14E-19
15.4363,-3.13E-19
15.4373,-3.12E-19
15.4383,-3.11E-19
15.4393,-3.09E-19
15.4403,-3.06E-19
15.4413,-3.04E-19
15.4423,-3.01E-19
15.4433,-2.97E-19
15.4443,-2.93E-19
15.4453,-2.89E-19
15.4463,-2.85E-19
15.4473,-2.80E-19
15.4483,-2.74E-19
15.4493,-2.69E-19
15.4503,-2.63E-19
15.4513,-2.56E-19
15.4523,-2.49E-19
15.4533,-2.42E-19
15.4543,-2.34E-19
15.4553,-2.26E-19
15.4563,-2.18E-19
15.4573,-2.09E-19
15.4583,-2.00E-19
15.4594,-1.91E-19
15.4604,-1.81E-19
15.4614,-1.71E-19
15.4624,-1.63E-19
15.4634,-1.56E-19
15.4644,-1.49E-19
15.4654,-1.42E-19
15.4664,-1.34E-19
15.4674,-1.27E-19
15.4684,-1.19E-19
15.4694,-1.11E-19
15.4704,-1.03E-19
15.4714,-9.47E-20
15.4724,-8.65E-20
15.4734,-7.81E-20
15.4744,-6.97E-20
15.4754,-6.12E-20
15.4764,-5.27E-20
15.4774,-4.41E-20
15.4784,-3.54E-20
15.4794,-2.67E-20
15.4804,-1.80E-20
15.4814,-9.23E-21
15.4824,-4.80E-22
15.4834,8.27E-21
15.4844,1.70E-20
15.4854,2.57E-20
15.4865,3.44E-20
15.4875,4.30E-20
15.4885,5.16E-20
15.4895,6.02E-20
15.4905,6.86E-20
15.4915,7.70E-20
15.4925,8.52E-20
15.4935,9.34E-20
15.4945,1.01E-19
15.4955,1.09E-19
15.4965,1.17E-19
15.4975,1.25E-19
15.4985,1.32E-19
15.4995,1.39E-19
15.5005,1.47E-19
15.5015,1.53E-19
15.5025,1.60E-19
15.5035,1.67E-19
15.5045,1.73E-19
15.5055,1.79E-19
15.5065,1.84E-19
15.5075,1.90E-19
15.5085,1.95E-19
15.5095,2.00E-19
15.5105,2.04E-19
15.5115,2.09E-19
15.5125,2.12E-19
15.5135,2.16E-19
15.5145,2.19E-19
15.5155,2.22E-19
15.5165,2.24E-19
15.5175,2.26E-19
15.5185,2.28E-19
15.5195,2.29E-19
15.5205,2.29E-19
15.5216,2.29E-19
15.5226,2.29E-19
15.5236,2.28E-19
15.5246,2.27E-19
15.5256,2.25E-19
15.5266,2.23E-19
15.5276,2.20E-19
15.5286,2.17E-19
15.5296,2.12E-19
15.5306,2.08E-19
15.5316,2.03E-19
15.5326,1.97E-19
15.5336,1.90E-19
15.5346,1.83E-19
15.5356,1.75E-19
15.5366,1.67E-19
15.5376,1.57E-19
15.5386,1.47E-19
15.5396,1.42E-19
15.5406,1.45E-19
15.5416,1.48E-19
15.5426,1.51E-19
15.5436,1.54E-19
15.5446,1.57E-19
15.5456,1.60E-19
15.5466,1.63E-19
15.5476,1.66E-19
15.5486,1.68E-19
15.5496,1.71E-19
15.5506,1.73E-19
15.5516,1.75E-19
15.5526,1.78E-19
15.5536,1.80E-19
15.5546,1.82E-19
15.5556,1.84E-19
15.5566,1.86E-19
15.5576,1.87E-19
15.5586,1.89E-19
15.5596,1.91E-19
15.5606,1.92E-19
15.5616,1.94E-19
15.5626,1.95E-19
15.5636,1.96E-19
15.5646,1.97E-19
15.5656,1.98E-19
15.5666,1.99E-19
15.5676,2.00E-19
15.5686,2.00E-19
15.5696,2.01E-19
15.5706,2.01E-19
15.5715,2.02E-19
15.5725,2.02E-19
15.5735,2.02E-19
15.5745,2.02E-19
15.5755,2.02E-19
15.5765,2.02E-19
15.5775,2.01E-19
15.5785,2.01E-19
15.5795,2.00E-19
15.5805,2.00E-19
15.5815,1.99E-19
15.5825,1.98E-19
15.5835,1.97E-19
15.5845,1.96E-19
15.5855,1.95E-19
15.5865,1.93E-19
15.5875,1.92E-19
15.5885,1.90E-19
15.5895,1.88E-19
15.5905,1.87E-19
15.5915,1.85E-19
15.5925,1.82E-19
15.5935,1.80E-19
15.5945,1.78E-19
15.5955,1.76E-19
15.5965,1.73E-19
15.5974,1.70E-19
15.5984,1.67E-19
15.5994,1.65E-19
15.6004,1.61E-19
15.6014,1.58E-19
15.6024,1.55E-19
15.6034,1.52E-19
15.6044,1.48E-19
15.6054,1.44E-19
15.6064,1.41E-19
15.6074,1.37E-19
15.6084,1.33E-19
15.6094,1.29E-19
15.6104,1.24E-19
15.6114,1.20E-19
15.6124,1.16E-19
15.6133,1.11E-19
15.6143,1.06E-19
15.6153,1.01E-19
15.6163,9.64E-20
15.6173,9.31E-20
15.6183,8.98E-20
15.6193,8.65E-20
15.6203,8.31E-20
15.6213,7.98E-20
15.6223,7.64E-20
15.6233,7.30E-20
15.6243,6.96E-20
15.6252,6.61E-20
15.6262,6.27E-20
15.6272,5.92E-20
15.6282,5.57E-20
15.6292,5.23E-20
15.6302,4.88E-20
15.6312,4.53E-20
15.6322,4.18E-20
15.6332,3.84E-20
15.6341,3.49E-20
15.6351,3.15E-20
15.6361,2.81E-20
15.6371,2.46E-20
15.6381,2.12E-20
15.6391,1.79E-20
15.6401,1.45E-20
15.6411,1.12E-20
15.6421,7.94E-21
15.643,4.69E-21
15.644,1.48E-21
15.645,-1.69E-21
15.646,-4.82E-21
15.647,-7.90E-21
15.648,-1.09E-20
15.649,-1.39E-20
15.65,-1.68E-20
15.6509,-1.97E-20
15.6519,-2.25E-20
15.6529,-2.52E-20
15.6539,-2.79E-20
15.6549,-3.05E-20
15.6559,-3.30E-20
15.6569,-3.54E-20
15.6578,-3.78E-20
15.6588,-4.00E-20
15.6598,-4.22E-20
15.6608,-4.43E-20
15.6618,-4.63E-20
15.6628,-4.81E-20
15.6637,-4.99E-20
15.6647,-5.16E-20
15.6657,-5.31E-20
15.6667,-5.46E-20
15.6677,-5.59E-20
15.6687,-5.71E-20
15.6696,-5.82E-20
15.6706,-5.91E-20
15.6716,-6.00E-20
15.6726,-6.06E-20
15.6736,-6.12E-20
15.6746,-6.16E-20
15.6755,-6.18E-20
15.6765,-6.19E-20
15.6775,-6.18E-20
15.6785,-6.16E-20
15.6795,-6.12E-20
15.6804,-6.06E-20
15.6814,-5.99E-20
15.6824,-5.90E-20
15.6834,-5.79E-20
15.6844,-5.66E-20
15.6853,-5.52E-20
15.6863,-5.35E-20
15.6873,-5.17E-20
15.6883,-4.96E-20
15.6893,-4.74E-20
15.6902,-4.49E-20
15.6912,-4.22E-20
15.6922,-3.93E-20
15.6932,-3.88E-20
15.6941,-3.97E-20
15.6951,-4.06E-20
15.6961,-4.14E-20
15.6971,-4.22E-20
15.6981,-4.30E-20
15.699,-4.37E-20
15.7,-4.44E-20
15.701,-4.51E-20
15.702,-4.57E-20
15.7029,-4.64E-20
15.7039,-4.69E-20
15.7049,-4.75E-20
15.7059,-4.80E-20
15.7068,-4.85E-20
15.7078,-4.90E-20
15.7088,-4.94E-20
15.7098,-4.98E-20
15.7107,-5.01E-20
15.7117,-5.05E-20
15.7127,-5.08E-20
15.7137,-5.10E-20
15.7146,-5.13E-20
15.7156,-5.15E-20
15.7166,-5.16E-20
15.7175,-5.18E-20
15.7185,-5.19E-20
15.7195,-5.20E-20
15.7205,-5.20E-20
15.7214,-5.20E-20
15.7224,-5.20E-20
15.7234,-5.20E-20
15.7243,-5.19E-20
15.7253,-5.18E-20
15.7263,-5.17E-20
15.7273,-5.15E-20
15.7282,-5.13E-20
15.7292,-5.11E-20
15.7302,-5.09E-20
15.7311,-5.06E-20
15.7321,-5.03E-20
15.7331,-5.00E-20
15.734,-4.96E-20
15.735,-4.92E-20
15.736,-4.88E-20
15.7369,-4.84E-20
15.7379,-4.79E-20
15.7389,-4.74E-20
15.7398,-4.69E-20
15.7408,-4.64E-20
15.7418,-4.58E-20
15.7427,-4.53E-20
15.7437,-4.46E-20
15.7447,-4.40E-20
15.7456,-4.34E-20
15.7466,-4.27E-20
15.7476,-4.20E-20
15.7485,-4.13E-20
15.7495,-4.05E-20
15.7505,-3.98E-20
15.7514,-3.90E-20
15.7524,-3.82E-20
15.7534,-3.74E-20
15.7543,-3.65E-20
15.7553,-3.57E-20
15.7562,-3.48E-20
15.7572,-3.39E-20
15.7582,-3.30E-20
15.7591,-3.21E-20
15.7601,-3.11E-20
15.7611,-3.02E-20
15.762,-2.92E-20
15.763,-2.83E-20
15.7639,-2.73E-20
15.7649,-2.63E-20
15.7659,-2.52E-20
15.7668,-2.42E-20
15.7678,-2.32E-20
15.7687,-2.22E-20
15.7697,-2.12E-20
15.7707,-2.01E-20
15.7716,-1.91E-20
15.7726,-1.81E-20
15.7735,-1.70E-20
15.7745,-1.60E-20
15.7754,-1.49E-20
15.7764,-1.39E-20
15.7774,-1.28E-20
15.7783,-1.18E-20
15.7793,-1.07E-20
15.7802,-9.64E-21
15.7812,-8.59E-21
15.7821,-7.54E-21
15.7831,-6.50E-21
15.784,-5.46E-21
15.785,-4.42E-21
15.786,-3.39E-21
15.7869,-2.36E-21
15.7879,-1.35E-21
15.7888,-3.39E-22
15.7898,6.59E-22
15.7907,1.65E-21
15.7917,2.63E-21
15.7926,3.59E-21
15.7936,4.54E-21
15.7945,5.48E-21
15.7955,6.41E-21
15.7964,7.31E-21
15.7974,8.21E-21
15.7983,9.08E-21
15.7993,9.94E-21
15.8002,1.08E-20
15.8012,1.16E-20
15.8021,1.24E-20
15.8031,1.32E-20
15.804,1.39E-20
15.805,1.46E-20
15.8059,1.53E-20
15.8069,1.60E-20
15.8078,1.67E-20
15.8088,1.73E-20
15.8097,1.79E-20
15.8107,1.84E-20
15.8116,1.89E-20
15.8126,1.94E-20
15.8135,1.99E-20
15.8144,2.03E-20
15.8154,2.07E-20
15.8163,2.11E-20
15.8173,2.14E-20
15.8182,2.17E-20
15.8192,2.19E-20
15.8201,2.21E-20
15.8211,2.23E-20
15.822,2.24E-20
15.8229,2.25E-20
15.8239,2.25E-20
15.8248,2.25E-20
15.8258,2.24E-20
15.8267,2.23E-20
15.8277,2.21E-20
15.8286,2.19E-20
15.8295,2.16E-20
15.8305,2.13E-20
15.8314,2.09E-20
15.8324,2.05E-20
15.8333,2.00E-20
15.8342,1.95E-20
15.8352,1.89E-20
15.8361,1.82E-20
15.837,1.75E-20
15.838,1.67E-20
15.8389,1.58E-20
15.8399,1.49E-20
15.8408,1.39E-20
15.8417,1.46E-20
15.8427,1.54E-20
15.8436,1.63E-20
15.8445,1.72E-20
15.8455,1.81E-20
15.8464,1.90E-20
15.8473,1.99E-20
15.8483,2.08E-20
15.8492,2.17E-20
15.8501,2.27E-20
15.8511,2.36E-20
15.852,2.45E-20
15.8529,2.55E-20
15.8539,2.64E-20
15.8548,2.74E-20
15.8557,2.83E-20
15.8567,2.93E-20
15.8576,3.02E-20
15.8585,3.12E-20
15.8595,3.21E-20
15.8604,3.31E-20
15.8613,3.41E-20
15.8623,3.50E-20
15.8632,3.60E-20
15.8641,3.70E-20
15.865,3.80E-20
15.866,3.89E-20
15.8669,3.99E-20
15.8678,4.09E-20
15.8687,4.18E-20
15.8697,4.28E-20
15.8706,4.37E-20
15.8715,4.47E-20
15.8724,4.56E-20
15.8734,4.66E-20
15.8743,4.75E-20
15.8752,4.85E-20
15.8761,4.94E-20
15.8771,5.03E-20
15.878,5.12E-20
15.8789,5.21E-20
15.8798,5.30E-20
15.8808,5.39E-20
15.8817,5.48E-20
15.8826,5.57E-20
15.8835,5.66E-20
15.8844,5.74E-20
15.8854,5.82E-20
15.8863,5.91E-20
15.8872,5.99E-20
15.8881,6.07E-20
15.889,6.15E-20
15.89,6.22E-20
15.8909,6.30E-20
15.8918,6.37E-20
15.8927,6.45E-20
15.8936,6.52E-20
15.8946,6.58E-20
15.8955,6.65E-20
15.8964,6.72E-20
15.8973,6.78E-20
15.8982,6.84E-20
15.8991,6.90E-20
15.9001,6.95E-20
15.901,7.01E-20
15.9019,7.06E-20
15.9028,7.11E-20
15.9037,7.15E-20
15.9046,7.20E-20
15.9055,7.24E-20
15.9064,7.27E-20
15.9074,7.31E-20
15.9083,7.34E-20
15.9092,7.37E-20
15.9101,7.39E-20
15.911,7.42E-20
15.9119,7.44E-20
15.9128,7.45E-20
15.9137,7.46E-20
15.9146,7.47E-20
15.9155,7.48E-20
15.9165,7.48E-20
15.9174,7.48E-20
15.9183,7.47E-20
15.9192,7.46E-20
15.9201,7.45E-20
15.921,7.43E-20
15.9219,7.40E-20
15.9228,7.38E-20
15.9237,7.35E-20
15.9246,7.31E-20
15.9255,7.27E-20
15.9264,7.22E-20
15.9273,7.17E-20
15.9282,7.12E-20
15.9291,7.06E-20
15.93,6.99E-20
15.9309,6.92E-20
15.9318,6.84E-20
15.9327,6.76E-20
15.9336,6.67E-20
15.9345,6.58E-20
15.9354,6.48E-20
15.9363,6.38E-20
15.9372,6.27E-20
15.9381,6.15E-20
15.939,6.03E-20
15.9399,5.90E-20
15.9408,5.77E-20
15.9417,5.63E-20
15.9426,5.48E-20
15.9435,5.33E-20
15.9444,5.16E-20
15.9453,5.00E-20
15.9462,4.82E-20
15.9471,4.64E-20
15.948,4.45E-20
15.9489,4.25E-20
15.9498,4.05E-20
15.9507,3.84E-20
15.9516,3.85E-20
15.9525,3.89E-20
15.9534,3.94E-20
15.9543,3.98E-20
15.9551,4.03E-20
15.956,4.07E-20
15.9569,4.12E-20
15.9578,4.17E-20
15.9587,4.21E-20
15.9596,4.26E-20
15.9605,4.31E-20
15.9614,4.35E-20
15.9623,4.40E-20
15.9632,4.44E-20
15.964,4.49E-20
15.9649,4.54E-20
15.9658,4.58E-20
15.9667,4.63E-20
15.9676,4.67E-20
15.9685,4.72E-20
15.9694,4.76E-20
15.9702,4.81E-20
15.9711,4.85E-20
15.972,4.90E-20
15.9729,4.94E-20
15.9738,4.99E-20
15.9747,5.03E-20
15.9755,5.07E-20
15.9764,5.11E-20
15.9773,5.16E-20
15.9782,5.20E-20
15.9791,5.24E-20
15.98,5.28E-20
15.9808,5.32E-20
15.9817,5.36E-20
15.9826,5.40E-20
15.9835,5.44E-20
15.9843,5.47E-20
15.9852,5.51E-20
15.9861,5.55E-20
15.987,5.58E-20
15.9879,5.61E-20
15.9887,5.65E-20
15.9896,5.68E-20
15.9905,5.71E-20
15.9914,5.74E-20
15.9922,5.77E-20
15.9931,5.80E-20
15.994,5.83E-20
15.9949,5.85E-20
15.9957,5.88E-20
15.9966,5.90E-20
15.9975,5.92E-20
15.9983,5.94E-20
15.9992,5.96E-20
16.0001,5.98E-20
16.001,6.00E-20
16.0018,6.01E-20
16.0027,6.03E-20
16.0036,6.04E-20
16.0044,6.05E-20
16.0053,6.06E-20
16.0062,6.07E-20
16.007,6.07E-20
16.0079,6.08E-20
16.0088,6.08E-20
16.0096,6.08E-20
16.0105,6.08E-20
16.0114,6.07E-20
16.0122,6.07E-20
16.0131,6.06E-20
16.014,6.05E-20
16.0148,6.04E-20
16.0157,6.03E-20
16.0165,6.01E-20
16.0174,6.00E-20
16.0183,5.97E-20
16.0191,5.95E-20
16.02,5.93E-20
16.0208,5.90E-20
16.0217,5.87E-20
16.0226,5.84E-20
16.0234,5.80E-20
16.0243,5.77E-20
16.0251,5.73E-20
16.026,5.68E-20
16.0269,5.64E-20
16.0277,5.59E-20
16.0286,5.54E-20
16.0294,5.49E-20
16.0303,5.43E-20
16.0311,5.37E-20
16.032,5.31E-20
16.0328,5.24E-20
16.0337,5.17E-20
16.0346,5.10E-20
16.0354,5.03E-20
16.0363,4.95E-20
16.0371,4.86E-20
16.038,4.78E-20
16.0388,4.69E-20
16.0397,4.60E-20
16.0405,4.50E-20
16.0414,4.40E-20
16.0422,4.30E-20
16.0431,4.19E-20
16.0439,4.08E-20
16.0448,3.97E-20
16.0456,3.85E-20
16.0464,3.73E-20
16.0473,3.60E-20
16.0481,3.47E-20
16.049,3.34E-20
16.0498,3.20E-20
16.0507,3.06E-20
16.0515,2.91E-20
16.0524,2.76E-20
16.0532,2.61E-20
16.054,2.45E-20
16.0549,2.29E-20
16.0557,2.25E-20
16.0566,2.25E-20
16.0574,2.24E-20
16.0583,2.23E-20
16.0591,2.23E-20
16.0599,2.22E-20
16.0608,2.21E-20
16.0616,2.21E-20
16.0624,2.20E-20
16.0633,2.20E-20
16.0641,2.19E-20
16.065,2.19E-20
16.0658,2.18E-20
16.0666,2.18E-20
16.0675,2.17E-20
16.0683,2.16E-20
16.0691,2.16E-20
16.07,2.15E-20
16.0708,2.15E-20
16.0716,2.15E-20
16.0725,2.14E-20
16.0733,2.14E-20
16.0741,2.13E-20
16.075,2.13E-20
16.0758,2.12E-20
16.0766,2.12E-20
16.0775,2.11E-20
16.0783,2.11E-20
16.0791,2.10E-20
16.0799,2.10E-20
16.0808,2.10E-20
16.0816,2.09E-20
16.0824,2.09E-20
16.0832,2.08E-20
16.0841,2.08E-20
16.0849,2.08E-20
16.0857,2.07E-20
16.0865,2.07E-20
16.0874,2.06E-20
16.0882,2.06E-20
16.089,2.05E-20
16.0898,2.05E-20
16.0907,2.05E-20
16.0915,2.04E-20
16.0923,2.04E-20
16.0931,2.03E-20
16.0939,2.03E-20
16.0948,2.02E-20
16.0956,2.02E-20
16.0964,2.01E-20
16.0972,2.01E-20
16.098,2.00E-20
16.0989,2.00E-20
16.0997,1.99E-20
16.1005,1.99E-20
16.1013,1.98E-20
16.1021,1.98E-20
16.1029,1.97E-20
16.1037,1.97E-20
16.1046,1.96E-20
16.1054,1.96E-20
16.1062,1.95E-20
16.107,1.94E-20
16.1078,1.94E-20
16.1086,1.93E-20
16.1094,1.92E-20
16.1102,1.92E-20
16.111,1.91E-20
16.1119,1.90E-20
16.1127,1.90E-20
16.1135,1.89E-20
16.1143,1.88E-20
16.1151,1.87E-20
16.1159,1.86E-20
16.1167,1.85E-20
16.1175,1.85E-20
16.1183,1.84E-20
16.1191,1.83E-20
16.1199,1.82E-20
16.1207,1.81E-20
16.1215,1.80E-20
16.1223,1.79E-20
16.1231,1.78E-20
16.1239,1.76E-20
16.1247,1.75E-20
16.1255,1.74E-20
16.1263,1.73E-20
16.1271,1.72E-20
16.1279,1.70E-20
16.1287,1.69E-20
16.1295,1.68E-20
16.1303,1.66E-20
16.1311,1.65E-20
16.1319,1.63E-20
16.1327,1.62E-20
16.1335,1.60E-20
16.1343,1.59E-20
16.1351,1.57E-20
16.1359,1.55E-20
16.1367,1.54E-20
16.1375,1.52E-20
16.1383,1.50E-20
16.1391,1.48E-20
16.1399,1.46E-20
16.1407,1.44E-20
16.1414,1.42E-20
16.1422,1.40E-20
16.143,1.38E-20
16.1438,1.36E-20
16.1446,1.34E-20
16.1454,1.31E-20
16.1462,1.29E-20
16.147,1.27E-20
16.1477,1.24E-20
16.1485,1.22E-20
16.1493,1.19E-20
16.1501,1.17E-20
16.1509,1.14E-20
16.1517,1.11E-20
16.1525,1.08E-20
16.1532,1.07E-20
16.154,1.07E-20
16.1548,1.07E-20
16.1556,1.06E-20
16.1564,1.06E-20
16.1571,1.05E-20
16.1579,1.05E-20
16.1587,1.04E-20
16.1595,1.04E-20
16.1603,1.04E-20
16.161,1.03E-20
16.1618,1.03E-20
16.1626,1.02E-20
16.1634,1.02E-20
16.1641,1.01E-20
16.1649,1.01E-20
16.1657,1.01E-20
16.1665,1.00E-20
16.1672,9.99E-21
16.168,9.95E-21
16.1688,9.91E-21
16.1696,9.87E-21
16.1703,9.83E-21
16.1711,9.79E-21
16.1719,9.75E-21
16.1726,9.71E-21
16.1734,9.67E-21
16.1742,9.63E-21
16.1749,9.59E-21
16.1757,9.56E-21
16.1765,9.52E-21
16.1772,9.48E-21
16.178,9.44E-21
16.1788,9.40E-21
16.1795,9.36E-21
16.1803,9.32E-21
16.1811,9.28E-21
16.1818,9.24E-21
16.1826,9.20E-21
16.1834,9.16E-21
16.1841,9.12E-21
16.1849,9.08E-21
16.1856,9.04E-21
16.1864,8.99E-21
16.1872,8.95E-21
16.1879,8.91E-21
16.1887,8.87E-21
16.1894,8.82E-21
16.1902,8.78E-21
16.1909,8.74E-21
16.1917,8.69E-21
16.1925,8.65E-21
16.1932,8.60E-21
16.194,8.55E-21
16.1947,8.51E-21
16.1955,8.46E-21
16.1962,8.41E-21
16.197,8.36E-21
16.1977,8.31E-21
16.1985,8.26E-21
16.1992,8.21E-21
16.2,8.16E-21
16.2007,8.11E-21
16.2015,8.05E-21
16.2022,8.00E-21
16.203,7.95E-21
16.2037,7.89E-21
16.2045,7.83E-21
16.2052,7.78E-21
16.206,7.72E-21
16.2067,7.66E-21
16.2075,7.60E-21
16.2082,7.54E-21
16.2089,7.47E-21
16.2097,7.41E-21
16.2104,7.35E-21
16.2112,7.28E-21
16.2119,7.21E-21
16.2126,7.14E-21
16.2134,7.07E-21
16.2141,7.00E-21
16.2149,6.93E-21
16.2156,6.86E-21
16.2163,6.79E-21
16.2171,6.71E-21
16.2178,6.63E-21
16.2186,6.55E-21
16.2193,6.47E-21
16.22,6.39E-21
16.2208,6.31E-21
16.2215,6.23E-21
16.2222,6.14E-21
16.223,6.05E-21
16.2237,5.96E-21
16.2244,5.87E-21
16.2252,5.78E-21
16.2259,5.69E-21
16.2266,5.59E-21
16.2273,5.49E-21
16.2281,5.40E-21
16.2288,5.30E-21
16.2295,5.19E-21
16.2303,5.09E-21
16.231,4.98E-21
16.2317,4.87E-21
16.2324,4.77E-21
16.2332,4.65E-21
16.2339,4.54E-21
16.2346,4.42E-21
16.2353,4.31E-21
16.2361,4.19E-21
16.2368,4.07E-21
16.2375,3.94E-21
16.2382,3.82E-21
16.2389,3.69E-21
16.2397,3.56E-21
16.2404,3.43E-21
16.2411,3.29E-21
16.2418,3.16E-21
16.2425,3.02E-21
16.2432,2.95E-21
16.244,2.90E-21
16.2447,2.85E-21
16.2454,2.80E-21
16.2461,2.75E-21
16.2468,2.70E-21
16.2475,2.66E-21
16.2483,2.61E-21
16.249,2.56E-21
16.2497,2.52E-21
16.2504,2.47E-21
16.2511,2.42E-21
16.2518,2.38E-21
16.2525,2.33E-21
16.2532,2.29E-21
16.2539,2.24E-21
16.2546,2.20E-21
16.2553,2.15E-21
16.2561,2.11E-21
16.2568,2.07E-21
16.2575,2.02E-21
16.2582,1.98E-21
16.2589,1.94E-21
16.2596,1.90E-21
16.2603,1.86E-21
16.261,1.82E-21
16.2617,1.78E-21
16.2624,1.74E-21
16.2631,1.70E-21
16.2638,1.66E-21
16.2645,1.62E-21
16.2652,1.58E-21
16.2659,1.54E-21
16.2666,1.50E-21
16.2673,1.47E-21
16.268,1.43E-21
16.2687,1.39E-21
16.2694,1.36E-21
16.2701,1.32E-21
16.2708,1.29E-21
16.2715,1.25E-21
16.2721,1.22E-21
16.2728,1.19E-21
16.2735,1.15E-21
16.2742,1.12E-21
16.2749,1.09E-21
16.2756,1.06E-21
16.2763,1.02E-21
16.277,9.93E-22
16.2777,9.62E-22
16.2784,9.32E-22
16.279,9.03E-22
16.2797,8.74E-22
16.2804,8.46E-22
16.2811,8.18E-22
16.2818,7.90E-22
16.2825,7.63E-22
16.2832,7.37E-22
16.2838,7.11E-22
16.2845,6.85E-22
16.2852,6.60E-22
16.2859,6.36E-22
16.2866,6.12E-22
16.2872,5.89E-22
16.2879,5.66E-22
16.2886,5.44E-22
16.2893,5.22E-22
16.29,5.01E-22
16.2906,4.80E-22
16.2913,4.60E-22
16.292,4.41E-22
16.2927,4.22E-22
16.2933,4.03E-22
16.294,3.85E-22
16.2947,3.68E-22
16.2954,3.51E-22
16.296,3.35E-22
16.2967,3.20E-22
16.2974,3.05E-22
16.298,2.90E-22
16.2987,2.77E-22
16.2994,2.64E-22
16.3,2.51E-22
16.3007,2.39E-22
16.3014,2.28E-22
16.3021,2.17E-22
16.3027,2.07E-22
16.3034,1.98E-22
16.304,1.89E-22
16.3047,1.81E-22
16.3054,1.73E-22
16.306,1.66E-22
16.3067,1.60E-22
16.3074,1.54E-22
16.308,1.49E-22
16.3087,1.45E-22
16.3093,1.41E-22
16.31,1.38E-22
16.3107,1.36E-22
16.3113,1.34E-22
16.312,1.33E-22
16.3126,1.33E-22
16.3133,1.34E-22
16.3139,1.35E-22
16.3146,1.37E-22
16.3153,1.39E-22
16.3159,1.42E-22
16.3166,1.46E-22
16.3172,1.51E-22
16.3179,1.56E-22
16.3185,1.62E-22
16.3192,1.69E-22
16.3198,1.77E-22
16.3205,1.85E-22
16.3211,1.94E-22
16.3218,2.04E-22
16.3224,2.14E-22
16.3231,2.25E-22
16.3237,2.37E-22
16.3244,2.50E-22
16.325,2.48E-22
16.3256,2.41E-22
16.3263,2.34E-22
16.3269,2.28E-22
16.3276,2.22E-22
16.3282,2.15E-22
16.3289,2.09E-22
16.3295,2.03E-22
16.3301,1.98E-22
16.3308,1.92E-22
16.3314,1.87E-22
16.3321,1.82E-22
16.3327,1.76E-22
16.3333,1.72E-22
16.334,1.67E-22
16.3346,1.62E-22
16.3352,1.58E-22
16.3359,1.53E-22
16.3365,1.49E-22
16.3371,1.45E-22
16.3378,1.41E-22
16.3384,1.37E-22
16.339,1.33E-22
16.3397,1.30E-22
16.3403,1.26E-22
16.3409,1.23E-22
16.3416,1.19E-22
16.3422,1.16E-22
16.3428,1.13E-22
16.3434,1.10E-22
16.3441,1.07E-22
16.3447,1.05E-22
16.3453,1.02E-22
16.3459,9.95E-23
16.3466,9.70E-23
16.3472,9.47E-23
16.3478,9.24E-23
16.3484,9.02E-23
16.3491,8.81E-23
16.3497,8.61E-23
16.3503,8.41E-23
16.3509,8.22E-23
16.3515,8.04E-23
16.3522,7.87E-23
16.3528,7.70E-23
16.3534,7.54E-23
16.354,7.39E-23
16.3546,7.24E-23
16.3552,7.10E-23
16.3558,6.96E-23
16.3565,6.83E-23
16.3571,6.71E-23
16.3577,6.58E-23
16.3583,6.47E-23
16.3589,6.35E-23
16.3595,6.24E-23
16.3601,6.14E-23
16.3607,6.03E-23
16.3613,5.93E-23
16.362,5.84E-23
16.3626,5.74E-23
16.3632,5.65E-23
16.3638,5.56E-23
16.3644,5.47E-23
16.365,5.39E-23
16.3656,5.30E-23
16.3662,5.22E-23
16.3668,5.13E-23
16.3674,5.05E-23
16.368,4.97E-23
16.3686,4.89E-23
16.3692,4.80E-23
16.3698,4.72E-23
16.3704,4.63E-23
16.371,4.55E-23
16.3716,4.46E-23
16.3722,4.37E-23
16.3728,4.28E-23
16.3734,4.19E-23
16.374,4.10E-23
16.3746,4.00E-23
16.3752,3.90E-23
16.3758,3.79E-23
16.3764,3.69E-23
16.3769,3.58E-23
16.3775,3.46E-23
16.3781,3.34E-23
16.3787,3.22E-23
16.3793,3.09E-23
16.3799,2.96E-23
16.3805,2.82E-23
16.3811,2.67E-23
16.3817,2.53E-23
16.3822,2.37E-23
16.3828,2.21E-23
16.3834,2.04E-23
16.384,1.86E-23
16.3846,1.68E-23
16.3852,1.49E-23
16.3857,1.30E-23
16.3863,1.09E-23
16.3869,8.78E-24
16.3875,6.57E-24
16.3881,4.28E-24
16.3886,1.89E-24
16.3892,-5.80E-25
16.3898,-3.15E-24
16.3904,-5.81E-24
16.3909,-8.57E-24
16.3915,-1.14E-23
16.3921,-1.44E-23
16.3927,-1.75E-23
16.3932,-2.06E-23
16.3938,-2.39E-23
16.3944,-2.73E-23
16.395,-3.09E-23
16.3955,-3.45E-23
16.3961,-3.82E-23
16.3967,-4.21E-23
16.3972,-4.61E-23
16.3978,-4.64E-23
16.3984,-4.54E-23
16.3989,-4.43E-23
16.3995,-4.32E-23
16.4001,-4.22E-23
16.4006,-4.11E-23
16.4012,-3.99E-23
16.4018,-3.88E-23
16.4023,-3.77E-23
16.4029,-3.65E-23
16.4035,-3.53E-23
16.404,-3.41E-23
16.4046,-3.30E-23
16.4051,-3.18E-23
16.4057,-3.05E-23
16.4062,-2.93E-23
16.4068,-2.81E-23
16.4074,-2.69E-23
16.4079,-2.56E-23
16.4085,-2.44E-23
16.409,-2.32E-23
16.4096,-2.19E-23
16.4101,-2.07E-23
16.4107,-1.94E-23
16.4112,-1.81E-23
16.4118,-1.69E-23
16.4123,-1.56E-23
16.4129,-1.44E-23
16.4134,-1.31E-23
16.414,-1.19E-23
16.4145,-1.06E-23
16.4151,-9.36E-24
16.4156,-8.11E-24
16.4162,-6.87E-24
16.4167,-5.63E-24
16.4173,-4.40E-24
16.4178,-3.17E-24
16.4184,-1.95E-24
16.4189,-7.31E-25
16.4194,4.78E-25
16.42,1.68E-24
16.4205,2.87E-24
16.4211,4.06E-24
16.4216,5.23E-24
16.4221,6.40E-24
16.4227,7.55E-24
16.4232,8.70E-24
16.4238,9.83E-24
16.4243,1.09E-23
16.4248,1.21E-23
16.4254,1.32E-23
16.4259,1.42E-23
16.4264,1.53E-23
16.427,1.64E-23
16.4275,1.74E-23
16.428,1.84E-23
16.4286,1.94E-23
16.4291,2.04E-23
16.4296,2.14E-23
16.4301,2.24E-23
16.4307,2.33E-23
16.4312,2.42E-23
16.4317,2.51E-23
16.4322,2.60E-23
16.4328,2.69E-23
16.4333,2.77E-23
16.4338,2.86E-23
16.4343,2.94E-23
16.4349,3.02E-23
16.4354,3.09E-23
16.4359,3.17E-23
16.4364,3.24E-23
16.4369,3.31E-23
16.4375,3.38E-23
16.438,3.44E-23
16.4385,3.51E-23
16.439,3.57E-23
16.4395,3.63E-23
16.44,3.68E-23
16.4406,3.74E-23
16.4411,3.79E-23
16.4416,3.83E-23
16.4421,3.88E-23
16.4426,3.92E-23
16.4431,3.97E-23
16.4436,4.00E-23
16.4441,4.04E-23
16.4447,4.07E-23
16.4452,4.10E-23
16.4457,4.13E-23
16.4462,4.15E-23
16.4467,4.18E-23
16.4472,4.19E-23
16.4477,4.21E-23
16.4482,4.22E-23
16.4487,4.23E-23
16.4492,4.24E-23
16.4497,4.25E-23
16.4502,4.25E-23
16.4507,4.25E-23
16.4512,4.24E-23
16.4517,4.23E-23
16.4522,4.22E-23
16.4527,4.21E-23
16.4532,4.19E-23
16.4537,4.17E-23
16.4542,4.15E-23
16.4547,4.12E-23
16.4552,4.09E-23
16.4557,4.06E-23
16.4562,4.02E-23
16.4567,3.98E-23
16.4572,3.94E-23
16.4576,3.89E-23
16.4581,3.84E-23
16.4586,3.79E-23
16.4591,3.73E-23
16.4596,3.67E-23
16.4601,3.61E-23
16.4606,3.54E-23
16.4611,3.53E-23
16.4615,3.53E-23
16.462,3.53E-23
16.4625,3.53E-23
16.463,3.53E-23
16.4635,3.53E-23
16.464,3.52E-23
16.4644,3.52E-23
16.4649,3.51E-23
16.4654,3.50E-23
16.4659,3.49E-23
16.4664,3.48E-23
16.4668,3.47E-23
16.4673,3.46E-23
16.4678,3.45E-23
16.4683,3.43E-23
16.4687,3.42E-23
16.4692,3.40E-23
16.4697,3.38E-23
16.4702,3.36E-23
16.4706,3.34E-23
16.4711,3.32E-23
16.4716,3.30E-23
16.472,3.28E-23
16.4725,3.25E-23
16.473,3.23E-23
16.4734,3.20E-23
16.4739,3.17E-23
16.4744,3.14E-23
16.4748,3.12E-23
16.4753,3.09E-23
16.4758,3.06E-23
16.4762,3.02E-23
16.4767,2.99E-23
16.4772,2.96E-23
16.4776,2.93E-23
16.4781,2.89E-23
16.4785,2.86E-23
16.479,2.82E-23
16.4795,2.78E-23
16.4799,2.75E-23
16.4804,2.71E-23
16.4808,2.67E-23
16.4813,2.63E-23
16.4817,2.59E-23
16.4822,2.55E-23
16.4827,2.51E-23
16.4831,2.47E-23
16.4836,2.43E-23
16.484,2.39E-23
16.4845,2.35E-23
16.4849,2.30E-23
16.4854,2.26E-23
16.4858,2.22E-23
16.4863,2.17E-23
16.4867,2.13E-23
16.4871,2.09E-23
16.4876,2.04E-23
16.488,2.00E-23
16.4885,1.95E-23
16.4889,1.91E-23
16.4894,1.86E-23
16.4898,1.82E-23
16.4902,1.77E-23
16.4907,1.73E-23
16.4911,1.69E-23
16.4916,1.64E-23
16.492,1.60E-23
16.4924,1.55E-23
16.4929,1.51E-23
16.4933,1.46E-23
16.4938,1.42E-23
16.4942,1.37E-23
16.4946,1.33E-23
16.4951,1.29E-23
16.4955,1.25E-23
16.4959,1.20E-23
16.4963,1.16E-23
16.4968,1.12E-23
16.4972,1.08E-23
16.4976,1.04E-23
16.4981,9.97E-24
16.4985,9.57E-24
16.4989,9.18E-24
16.4993,8.80E-24
16.4998,8.42E-24
16.5002,8.05E-24
16.5006,7.69E-24
16.501,7.33E-24
16.5015,6.98E-24
16.5019,6.64E-24
16.5023,6.31E-24
16.5027,5.99E-24
16.5031,5.68E-24
16.5036,5.37E-24
16.504,5.08E-24
16.5044,4.80E-24
16.5048,4.52E-24
16.5052,4.26E-24
16.5056,4.01E-24
16.5061,3.77E-24
16.5065,3.55E-24
16.5069,3.33E-24
16.5073,3.13E-24
16.5077,2.94E-24
16.5081,2.77E-24
16.5085,2.61E-24
16.5089,2.46E-24
16.5093,2.33E-24
16.5098,2.21E-24
16.5102,2.11E-24
16.5106,2.02E-24
16.511,1.95E-24
16.5114,1.90E-24
16.5118,1.86E-24
16.5122,1.84E-24
16.5126,1.84E-24
16.513,1.85E-24
16.5134,1.88E-24
16.5138,1.93E-24
16.5142,1.56E-24
16.5146,9.94E-25
16.515,4.29E-25
16.5154,-1.34E-25
16.5158,-6.96E-25
16.5162,-1.26E-24
16.5166,-1.82E-24
16.517,-2.37E-24
16.5174,-2.93E-24
16.5178,-3.48E-24
16.5181,-4.03E-24
16.5185,-4.58E-24
16.5189,-5.12E-24
16.5193,-5.67E-24
16.5197,-6.21E-24
16.5201,-6.74E-24
16.5205,-7.27E-24
16.5209,-7.80E-24
16.5213,-8.33E-24
16.5216,-8.85E-24
16.522,-9.37E-24
16.5224,-9.88E-24
16.5228,-1.04E-23
16.5232,-1.09E-23
16.5236,-1.14E-23
16.5239,-1.19E-23
16.5243,-1.24E-23
16.5247,-1.29E-23
16.5251,-1.33E-23
16.5255,-1.38E-23
16.5258,-1.43E-23
16.5262,-1.48E-23
16.5266,-1.52E-23
16.527,-1.57E-23
16.5273,-1.61E-23
16.5277,-1.65E-23
16.5281,-1.70E-23
16.5285,-1.74E-23
16.5288,-1.78E-23
16.5292,-1.82E-23
16.5296,-1.86E-23
16.5299,-1.90E-23
16.5303,-1.94E-23
16.5307,-1.98E-23
16.531,-2.02E-23
16.5314,-2.05E-23
16.5318,-2.09E-23
16.5321,-2.12E-23
16.5325,-2.16E-23
16.5329,-2.19E-23
16.5332,-2.22E-23
16.5336,-2.25E-23
16.534,-2.28E-23
16.5343,-2.31E-23
16.5347,-2.34E-23
16.535,-2.37E-23
16.5354,-2.39E-23
16.5357,-2.42E-23
16.5361,-2.44E-23
16.5365,-2.47E-23
16.5368,-2.49E-23
16.5372,-2.51E-23
16.5375,-2.53E-23
16.5379,-2.55E-23
16.5382,-2.57E-23
16.5386,-2.58E-23
16.5389,-2.60E-23
16.5393,-2.61E-23
16.5396,-2.63E-23
16.54,-2.64E-23
16.5403,-2.65E-23
16.5407,-2.66E-23
16.541,-2.67E-23
16.5414,-2.67E-23
16.5417,-2.68E-23
16.542,-2.68E-23
16.5424,-2.69E-23
16.5427,-2.69E-23
16.5431,-2.69E-23
16.5434,-2.69E-23
16.5438,-2.69E-23
16.5441,-2.68E-23
16.5444,-2.68E-23
16.5448,-2.67E-23
16.5451,-2.66E-23
16.5454,-2.65E-23
16.5458,-2.64E-23
16.5461,-2.63E-23
16.5464,-2.61E-23
16.5468,-2.60E-23
16.5471,-2.58E-23
16.5474,-2.56E-23
16.5478,-2.54E-23
16.5481,-2.52E-23
16.5484,-2.50E-23
16.5488,-2.47E-23
16.5491,-2.45E-23
16.5494,-2.42E-23
16.5497,-2.39E-23
16.5501,-2.36E-23
16.5504,-2.32E-23
16.5507,-2.29E-23
16.551,-2.25E-23
16.5514,-2.21E-23
16.5517,-2.17E-23
16.552,-2.13E-23
16.5523,-2.09E-23
16.5526,-2.04E-23
16.553,-1.99E-23
16.5533,-1.94E-23
16.5536,-1.89E-23
16.5539,-1.84E-23
16.5542,-1.79E-23
16.5545,-1.73E-23
16.5549,-1.67E-23
16.5552,-1.61E-23
16.5555,-1.55E-23
16.5558,-1.48E-23
16.5561,-1.42E-23
16.5564,-1.35E-23
16.5567,-1.32E-23
16.557,-1.31E-23
16.5573,-1.30E-23
16.5576,-1.29E-23
16.5579,-1.27E-23
16.5583,-1.26E-23
16.5586,-1.25E-23
16.5589,-1.24E-23
16.5592,-1.22E-23
16.5595,-1.21E-23
16.5598,-1.20E-23
16.5601,-1.18E-23
16.5604,-1.17E-23
16.5607,-1.16E-23
16.561,-1.14E-23
16.5613,-1.13E-23
16.5616,-1.11E-23
16.5619,-1.10E-23
16.5622,-1.08E-23
16.5624,-1.07E-23
16.5627,-1.05E-23
16.563,-1.04E-23
16.5633,-1.02E-23
16.5636,-1.01E-23
16.5639,-9.93E-24
16.5642,-9.77E-24
16.5645,-9.61E-24
16.5648,-9.45E-24
16.5651,-9.29E-24
16.5654,-9.13E-24
16.5656,-8.96E-24
16.5659,-8.80E-24
16.5662,-8.64E-24
16.5665,-8.47E-24
16.5668,-8.31E-24
16.5671,-8.14E-24
16.5673,-7.97E-24
16.5676,-7.81E-24
16.5679,-7.64E-24
16.5682,-7.47E-24
16.5685,-7.31E-24
16.5687,-7.14E-24
16.569,-6.97E-24
16.5693,-6.81E-24
16.5696,-6.64E-24
16.5698,-6.47E-24
16.5701,-6.31E-24
16.5704,-6.14E-24
16.5707,-5.98E-24
16.5709,-5.81E-24
16.5712,-5.65E-24
16.5715,-5.49E-24
16.5717,-5.33E-24
16.572,-5.17E-24
16.5723,-5.01E-24
16.5725,-4.85E-24
16.5728,-4.69E-24
16.5731,-4.54E-24
16.5733,-4.38E-24
16.5736,-4.23E-24
16.5739,-4.08E-24
16.5741,-3.93E-24
16.5744,-3.79E-24
16.5746,-3.64E-24
16.5749,-3.50E-24
16.5752,-3.36E-24
16.5754,-3.22E-24
16.5757,-3.08E-24
16.5759,-2.95E-24
16.5762,-2.81E-24
16.5764,-2.69E-24
16.5767,-2.56E-24
16.577,-2.43E-24
16.5772,-2.31E-24
16.5775,-2.20E-24
16.5777,-2.08E-24
16.578,-1.97E-24
16.5782,-1.86E-24
16.5785,-1.75E-24
16.5787,-1.65E-24
16.579,-1.55E-24
16.5792,-1.46E-24
16.5794,-1.37E-24
16.5797,-1.28E-24
16.5799,-1.20E-24
16.5802,-1.12E-24
16.5804,-1.04E-24
16.5807,-9.72E-25
16.5809,-9.05E-25
16.5811,-8.42E-25
16.5814,-7.84E-25
16.5816,-7.31E-25
16.5819,-6.82E-25
16.5821,-6.38E-25
16.5823,-5.98E-25
16.5826,-5.64E-25
16.5828,-5.35E-25
16.583,-5.11E-25
16.5833,-4.93E-25
16.5835,-4.79E-25
16.5837,-4.71E-25
16.584,-4.69E-25
16.5842,-4.73E-25
16.5844,-4.82E-25
16.5847,-4.97E-25
16.5849,-5.18E-25
16.5851,-5.45E-25
16.5853,-5.78E-25
16.5856,-6.18E-25
16.5858,-6.64E-25
16.586,-7.16E-25
16.5862,-7.75E-25
16.5864,-8.41E-25
16.5867,-9.14E-25
16.5869,-9.93E-25
16.5871,-1.08E-24
16.5873,-1.17E-24
16.5875,-1.27E-24
16.5878,-1.38E-24
16.588,-1.50E-24
16.5882,-1.46E-24
16.5884,-1.34E-24
16.5886,-1.22E-24
16.5888,-1.10E-24
16.589,-9.80E-25
16.5893,-8.61E-25
16.5895,-7.44E-25
16.5897,-6.27E-25
16.5899,-5.10E-25
16.5901,-3.95E-25
16.5903,-2.80E-25
16.5905,-1.66E-25
16.5907,-5.24E-26
16.5909,6.00E-26
16.5911,1.72E-25
16.5913,2.82E-25
16.5915,3.92E-25
16.5917,5.01E-25
16.5919,6.09E-25
16.5921,7.16E-25
16.5923,8.21E-25
16.5925,9.26E-25
16.5927,1.03E-24
16.5929,1.13E-24
16.5931,1.23E-24
16.5933,1.34E-24
16.5935,1.43E-24
16.5937,1.53E-24
16.5939,1.63E-24
16.5941,1.73E-24
16.5943,1.82E-24
16.5945,1.91E-24
16.5947,2.01E-24
16.5949,2.10E-24
16.595,2.19E-24
16.5952,2.27E-24
16.5954,2.36E-24
16.5956,2.45E-24
16.5958,2.53E-24
16.596,2.61E-24
16.5962,2.69E-24
16.5963,2.77E-24
16.5965,2.85E-24
16.5967,2.93E-24
16.5969,3.00E-24
16.5971,3.08E-24
16.5972,3.15E-24
16.5974,3.22E-24
16.5976,3.29E-24
16.5978,3.36E-24
16.598,3.42E-24
16.5981,3.49E-24
16.5983,3.55E-24
16.5985,3.61E-24
16.5986,3.67E-24
16.5988,3.72E-24
16.599,3.78E-24
16.5992,3.83E-24
16.5993,3.88E-24
16.5995,3.93E-24
16.5997,3.98E-24
16.5998,4.03E-24
16.6,4.07E-24
16.6002,4.11E-24
16.6003,4.15E-24
16.6005,4.19E-24
16.6007,4.23E-24
16.6008,4.26E-24
16.601,4.29E-24
16.6011,4.32E-24
16.6013,4.35E-24
16.6015,4.37E-24
16.6016,4.40E-24
16.6018,4.42E-24
16.6019,4.44E-24
16.6021,4.46E-24
16.6022,4.47E-24
16.6024,4.48E-24
16.6025,4.49E-24
16.6027,4.50E-24
16.6028,4.51E-24
16.603,4.51E-24
16.6031,4.51E-24
16.6033,4.51E-24
16.6034,4.51E-24
16.6036,4.50E-24
16.6037,4.50E-24
16.6039,4.49E-24
16.604,4.47E-24
16.6042,4.46E-24
16.6043,4.44E-24
16.6045,4.42E-24
16.6046,4.40E-24
16.6047,4.37E-24
16.6049,4.34E-24
16.605,4.31E-24
16.6052,4.28E-24
16.6053,4.25E-24
16.6054,4.21E-24
16.6056,4.17E-24
16.6057,4.12E-24
16.6058,4.08E-24
16.606,4.03E-24
16.6061,3.98E-24
16.6062,3.93E-24
16.6064,3.87E-24
16.6065,3.81E-24
16.6066,3.75E-24
16.6068,3.68E-24
16.6069,3.61E-24
16.607,3.54E-24
16.6071,3.47E-24
16.6073,3.39E-24
16.6074,3.32E-24
16.6075,3.23E-24
16.6076,3.15E-24
16.6078,3.06E-24
16.6079,2.97E-24
16.608,2.88E-24
16.6081,2.78E-24
16.6082,2.73E-24
16.6083,2.72E-24
16.6085,2.70E-24
16.6086,2.68E-24
16.6087,2.66E-24
16.6088,2.64E-24
16.6089,2.62E-24
16.609,2.59E-24
16.6092,2.57E-24
16.6093,2.55E-24
16.6094,2.53E-24
16.6095,2.50E-24
16.6096,2.48E-24
16.6097,2.46E-24
16.6098,2.43E-24
16.6099,2.40E-24
16.61,2.38E-24
16.6101,2.35E-24
16.6102,2.33E-24
16.6103,2.30E-24
16.6104,2.27E-24
16.6105,2.24E-24
16.6106,2.22E-24
16.6107,2.19E-24
16.6108,2.16E-24
16.6109,2.13E-24
16.611,2.10E-24
16.6111,2.07E-24
16.6112,2.04E-24
16.6113,2.01E-24
16.6114,1.98E-24
16.6115,1.95E-24
16.6116,1.92E-24
16.6117,1.89E-24
16.6118,1.86E-24
16.6119,1.82E-24
16.612,1.79E-24
16.612,1.76E-24
16.6121,1.73E-24
16.6122,1.70E-24
16.6123,1.66E-24
16.6124,1.63E-24
16.6125,1.60E-24
16.6126,1.57E-24
16.6126,1.54E-24
16.6127,1.50E-24
16.6128,1.47E-24
16.6129,1.44E-24
16.613,1.41E-24
16.613,1.37E-24
16.6131,1.34E-24
16.6132,1.31E-24
16.6133,1.28E-24
16.6133,1.25E-24
16.6134,1.21E-24
16.6135,1.18E-24
16.6136,1.15E-24
16.6136,1.12E-24
16.6137,1.09E-24
16.6138,1.06E-24
16.6138,1.03E-24
16.6139,9.95E-25
16.614,9.65E-25
16.6141,9.35E-25
16.6141,9.05E-25
16.6142,8.75E-25
16.6142,8.46E-25
16.6143,8.17E-25
16.6144,7.89E-25
16.6144,7.61E-25
16.6145,7.33E-25
16.6146,7.05E-25
16.6146,6.78E-25
16.6147,6.52E-25
16.6147,6.26E-25
16.6148,6.00E-25
16.6148,5.75E-25
16.6149,5.50E-25
16.615,5.26E-25
16.615,5.03E-25
16.6151,4.80E-25
16.6151,4.57E-25
16.6152,4.35E-25
16.6152,4.14E-25
16.6153,3.93E-25
16.6153,3.73E-25
16.6154,3.53E-25
16.6154,3.35E-25
16.6155,3.17E-25
16.6155,2.99E-25
16.6155,2.83E-25
16.6156,2.67E-25
16.6156,2.52E-25
16.6157,2.37E-25
16.6157,2.24E-25
16.6157,2.11E-25
16.6158,1.99E-25
16.6158,1.88E-25
16.6159,1.77E-25
16.6159,1.68E-25
16.6159,1.59E-25
16.616,1.52E-25
16.616,1.45E-25
16.616,1.39E-25
16.6161,1.35E-25
16.6161,1.31E-25
16.6161,1.28E-25
16.6162,1.26E-25
16.6162,1.26E-25
16.6162,1.26E-25
16.6163,1.27E-25
16.6163,1.30E-25
16.6163,1.33E-25
16.6163,1.38E-25
16.6164,1.44E-25
16.6164,1.51E-25
16.6164,1.59E-25
16.6164,1.68E-25
16.6164,1.79E-25
16.6165,1.91E-25
16.6165,1.80E-25
16.6165,1.55E-25
16.6165,1.29E-25
16.6165,1.04E-25
16.6166,7.91E-26
16.6166,5.42E-26
16.6166,2.95E-26
16.6166,4.97E-27
16.6166,-1.94E-26
16.6166,-4.36E-26
16.6166,-6.75E-26
16.6166,-9.13E-26
16.6166,-1.15E-25
16.6167,-1.38E-25
16.6167,-1.61E-25
16.6167,-1.84E-25
16.6167,-2.07E-25
16.6167,-2.30E-25
16.6167,-2.52E-25
16.6167,-2.74E-25
16.6167,-2.96E-25
16.6167,-3.17E-25
16.6167,-3.39E-25
16.6167,-3.60E-25
16.6167,-3.81E-25
16.6167,-4.01E-25
16.6167,-4.22E-25
16.6167,-4.42E-25
16.6167,-4.61E-25
16.6167,-4.81E-25
16.6167,-5.00E-25
16.6167,-5.19E-25
16.6167,-5.38E-25
16.6166,-5.56E-25
16.6166,-5.74E-25
16.6166,-5.92E-25
16.6166,-6.09E-25
16.6166,-6.26E-25
16.6166,-6.43E-25
16.6166,-6.59E-25
16.6166,-6.75E-25
16.6165,-6.91E-25
16.6165,-7.07E-25
16.6165,-7.22E-25
16.6165,-7.37E-25
16.6165,-7.51E-25
16.6165,-7.65E-25
16.6164,-7.79E-25
16.6164,-7.92E-25
16.6164,-8.05E-25
16.6164,-8.18E-25
16.6163,-8.30E-25
16.6163,-8.42E-25
16.6163,-8.53E-25
16.6163,-8.64E-25
16.6162,-8.75E-25
16.6162,-8.85E-25
16.6162,-8.95E-25
16.6162,-9.05E-25
16.6161,-9.14E-25
16.6161,-9.22E-25
16.6161,-9.31E-25
16.616,-9.38E-25
16.616,-9.46E-25
16.616,-9.53E-25
16.6159,-9.59E-25
16.6159,-9.65E-25
16.6159,-9.71E-25
16.6158,-9.76E-25
16.6158,-9.81E-25
16.6157,-9.86E-25
16.6157,-9.89E-25
16.6157,-9.93E-25
16.6156,-9.96E-25
16.6156,-9.98E-25
16.6155,-1.00E-24
16.6155,-1.00E-24
16.6154,-1.00E-24
16.6154,-1.00E-24
16.6153,-1.00E-24
16.6153,-1.00E-24
16.6152,-1.00E-24
16.6152,-1.00E-24
16.6151,-1.00E-24
16.6151,-9.97E-25
16.615,-9.95E-25
16.615,-9.91E-25
16.6149,-9.87E-25
16.6149,-9.83E-25
16.6148,-9.78E-25
16.6148,-9.73E-25
16.6147,-9.67E-25
16.6146,-9.61E-25
16.6146,-9.54E-25
16.6145,-9.46E-25
16.6145,-9.38E-25
16.6144,-9.30E-25
16.6143,-9.21E-25
16.6143,-9.11E-25
16.6142,-9.01E-25
16.6141,-8.90E-25
16.6141,-8.79E-25
16.614,-8.67E-25
16.6139,-8.55E-25
16.6139,-8.42E-25
16.6138,-8.28E-25
16.6137,-8.14E-25
16.6137,-8.00E-25
16.6136,-7.84E-25
16.6135,-7.69E-25
16.6134,-7.52E-25
16.6134,-7.35E-25
16.6133,-7.18E-25
16.6132,-7.00E-25
16.6131,-6.81E-25
16.6131,-6.62E-25
16.613,-6.42E-25
16.6129,-6.21E-25
16.6128,-6.00E-25
16.6127,-5.78E-25
16.6127,-5.66E-25
16.6126,-5.60E-25
16.6125,-5.54E-25
16.6124,-5.48E-25
16.6123,-5.42E-25
16.6122,-5.36E-25
16.6121,-5.30E-25
16.6121,-5.23E-25
16.612,-5.17E-25
16.6119,-5.10E-25
16.6118,-5.03E-25
16.6117,-4.96E-25
16.6116,-4.89E-25
16.6115,-4.82E-25
16.6114,-4.75E-25
16.6113,-4.68E-25
16.6112,-4.61E-25
16.6111,-4.53E-25
16.611,-4.46E-25
16.6109,-4.38E-25
16.6108,-4.31E-25
16.6107,-4.23E-25
16.6106,-4.15E-25
16.6105,-4.08E-25
16.6104,-4.00E-25
16.6103,-3.92E-25
16.6102,-3.84E-25
16.6101,-3.76E-25
16.61,-3.68E-25
16.6099,-3.60E-25
16.6098,-3.52E-25
16.6097,-3.44E-25
16.6096,-3.36E-25
16.6094,-3.28E-25
16.6093,-3.20E-25
16.6092,-3.12E-25
16.6091,-3.04E-25
16.609,-2.96E-25
16.6089,-2.87E-25
16.6088,-2.79E-25
16.6086,-2.71E-25
16.6085,-2.63E-25
16.6084,-2.55E-25
16.6083,-2.47E-25
16.6082,-2.39E-25
16.6081,-2.31E-25
16.6079,-2.23E-25
16.6078,-2.15E-25
16.6077,-2.07E-25
16.6076,-1.99E-25
16.6074,-1.91E-25
16.6073,-1.83E-25
16.6072,-1.76E-25
16.6071,-1.68E-25
16.6069,-1.60E-25
16.6068,-1.53E-25
16.6067,-1.45E-25
16.6065,-1.38E-25
16.6064,-1.30E-25
16.6063,-1.23E-25
16.6061,-1.16E-25
16.606,-1.09E-25
16.6059,-1.02E-25
16.6057,-9.49E-26
16.6056,-8.82E-26
16.6054,-8.15E-26
16.6053,-7.49E-26
16.6052,-6.84E-26
16.605,-6.21E-26
16.6049,-5.59E-26
16.6047,-4.98E-26
16.6046,-4.38E-26
16.6045,-3.80E-26
16.6043,-3.23E-26
16.6042,-2.68E-26
16.604,-2.14E-26
16.6039,-1.61E-26
16.6037,-1.10E-26
16.6036,-6.11E-27
16.6034,-1.35E-27
16.6033,3.24E-27
16.6031,7.66E-27
16.603,1.19E-26
16.6028,1.60E-26
16.6027,1.98E-26
16.6025,2.35E-26
16.6023,2.70E-26
16.6022,3.03E-26
16.602,3.34E-26
16.6019,3.62E-26
16.6017,3.89E-26
16.6015,4.14E-26
16.6014,4.36E-26
16.6012,4.56E-26
16.6011,4.73E-26
16.6009,4.89E-26
16.6007,5.02E-26
16.6006,5.12E-26
16.6004,5.21E-26
16.6002,5.26E-26
16.6001,5.29E-26
16.5999,5.30E-26
16.5997,5.27E-26
16.5995,5.22E-26
16.5994,5.15E-26
16.5992,5.04E-26
16.599,4.91E-26
16.5988,4.75E-26
16.5987,4.56E-26
16.5985,4.34E-26
16.5983,4.09E-26
16.5981,3.81E-26
16.598,3.50E-26
16.5978,3.16E-26
16.5976,2.79E-26
16.5974,2.38E-26
16.5972,1.95E-26
16.5971,1.48E-26
16.5969,9.71E-27
16.5967,4.33E-27
16.5965,4.64E-27
16.5963,9.58E-27
16.5961,1.45E-26
16.5959,1.94E-26
16.5957,2.42E-26
16.5955,2.90E-26
16.5954,3.37E-26
16.5952,3.84E-26
16.595,4.31E-26
16.5948,4.77E-26
16.5946,5.23E-26
16.5944,5.68E-26
16.5942,6.13E-26
16.594,6.57E-26
16.5938,7.01E-26
16.5936,7.44E-26
16.5934,7.87E-26
16.5932,8.29E-26
16.593,8.71E-26
16.5928,9.13E-26
16.5926,9.53E-26
16.5924,9.93E-26
16.5922,1.03E-25
16.592,1.07E-25
16.5918,1.11E-25
16.5916,1.15E-25
16.5913,1.19E-25
16.5911,1.22E-25
16.5909,1.26E-25
16.5907,1.29E-25
16.5905,1.33E-25
16.5903,1.36E-25
16.5901,1.40E-25
16.5899,1.43E-25
16.5896,1.46E-25
16.5894,1.50E-25
16.5892,1.53E-25
16.589,1.56E-25
16.5888,1.59E-25
16.5885,1.62E-25
16.5883,1.65E-25
16.5881,1.67E-25
16.5879,1.70E-25
16.5877,1.73E-25
16.5874,1.75E-25
16.5872,1.78E-25
16.587,1.80E-25
16.5868,1.83E-25
16.5865,1.85E-25
16.5863,1.87E-25
16.5861,1.89E-25
16.5858,1.91E-25
16.5856,1.93E-25
16.5854,1.95E-25
16.5851,1.97E-25
16.5849,1.99E-25
16.5847,2.01E-25
16.5844,2.02E-25
16.5842,2.04E-25
16.584,2.05E-25
16.5837,2.07E-25
16.5835,2.08E-25
16.5832,2.09E-25
16.583,2.10E-25
16.5828,2.11E-25
16.5825,2.12E-25
16.5823,2.13E-25
16.582,2.14E-25
16.5818,2.15E-25
16.5815,2.15E-25
16.5813,2.16E-25
16.581,2.16E-25
16.5808,2.17E-25
16.5805,2.17E-25
16.5803,2.17E-25
16.58,2.17E-25
16.5798,2.17E-25
16.5795,2.17E-25
16.5793,2.17E-25
16.579,2.17E-25
16.5788,2.17E-25
16.5785,2.16E-25
16.5782,2.16E-25
16.578,2.15E-25
16.5777,2.15E-25
16.5775,2.14E-25
16.5772,2.13E-25
16.5769,2.12E-25
16.5767,2.11E-25
16.5764,2.10E-25
16.5762,2.09E-25
16.5759,2.07E-25
16.5756,2.06E-25
16.5753,2.04E-25
16.5751,2.03E-25
16.5748,2.01E-25
16.5745,1.99E-25
16.5743,1.98E-25
16.574,1.96E-25
16.5737,1.93E-25
16.5735,1.91E-25
16.5732,1.89E-25
16.5729,1.87E-25
16.5726,1.84E-25
16.5723,1.82E-25
16.5721,1.79E-25
16.5718,1.76E-25
16.5715,1.73E-25
16.5712,1.70E-25
16.5709,1.67E-25
16.5707,1.64E-25
16.5704,1.61E-25
16.5701,1.58E-25
16.5698,1.54E-25
16.5695,1.51E-25
16.5692,1.47E-25
16.5689,1.43E-25
16.5687,1.39E-25
16.5684,1.35E-25
16.5681,1.31E-25
16.5678,1.29E-25
16.5675,1.27E-25
16.5672,1.26E-25
16.5669,1.24E-25
16.5666,1.22E-25
16.5663,1.21E-25
16.566,1.19E-25
16.5657,1.18E-25
16.5654,1.16E-25
16.5651,1.14E-25
16.5648,1.12E-25
16.5645,1.11E-25
16.5642,1.09E-25
16.5639,1.07E-25
16.5636,1.05E-25
16.5633,1.04E-25
16.563,1.02E-25
16.5627,9.99E-26
16.5624,9.80E-26
16.5621,9.62E-26
16.5618,9.43E-26
16.5615,9.24E-26
16.5611,9.05E-26
16.5608,8.86E-26
16.5605,8.67E-26
16.5602,8.48E-26
16.5599,8.28E-26
16.5596,8.09E-26
16.5593,7.90E-26
16.5589,7.70E-26
16.5586,7.51E-26
16.5583,7.31E-26
16.558,7.11E-26
16.5577,6.92E-26
16.5573,6.72E-26
16.557,6.53E-26
16.5567,6.33E-26
16.5564,6.14E-26
16.5561,5.94E-26
16.5557,5.74E-26
16.5554,5.55E-26
16.5551,5.35E-26
16.5547,5.16E-26
16.5544,4.97E-26
16.5541,4.78E-26
16.5538,4.58E-26
16.5534,4.39E-26
16.5531,4.20E-26
16.5528,4.01E-26
16.5524,3.83E-26
16.5521,3.64E-26
16.5517,3.45E-26
16.5514,3.27E-26
16.5511,3.09E-26
16.5507,2.91E-26
16.5504,2.73E-26
16.55,2.55E-26
16.5497,2.38E-26
16.5494,2.20E-26
16.549,2.03E-26
16.5487,1.86E-26
16.5483,1.69E-26
16.548,1.53E-26
16.5476,1.37E-26
16.5473,1.21E-26
16.5469,1.05E-26
16.5466,8.92E-27
16.5462,7.40E-27
16.5459,5.90E-27
16.5455,4.43E-27
16.5452,3.00E-27
16.5448,1.59E-27
16.5445,2.14E-28
16.5441,-1.13E-27
16.5438,-2.44E-27
16.5434,-3.71E-27
16.543,-4.95E-27
16.5427,-6.16E-27
16.5423,-7.32E-27
16.542,-8.45E-27
16.5416,-9.54E-27
16.5412,-1.06E-26
16.5409,-1.16E-26
16.5405,-1.26E-26
16.5401,-1.35E-26
16.5398,-1.44E-26
16.5394,-1.52E-26
16.539,-1.60E-26
16.5387,-1.68E-26
16.5383,-1.74E-26
16.5379,-1.81E-26
16.5375,-1.87E-26
16.5372,-1.93E-26
16.5368,-1.98E-26
16.5364,-2.02E-26
16.536,-2.06E-26
16.5357,-2.09E-26
16.5353,-2.12E-26
16.5349,-2.15E-26
16.5345,-2.16E-26
16.5342,-2.18E-26
16.5338,-2.18E-26
16.5334,-2.18E-26
16.533,-2.18E-26
16.5326,-2.16E-26
16.5322,-2.15E-26
16.5319,-2.12E-26
16.5315,-2.09E-26
16.5311,-2.05E-26
16.5307,-2.01E-26
16.5303,-1.96E-26
16.5299,-1.90E-26
16.5295,-1.84E-26
16.5291,-1.77E-26
16.5287,-1.69E-26
16.5283,-1.60E-26
16.5279,-1.51E-26
16.5276,-1.41E-26
16.5272,-1.30E-26
16.5268,-1.19E-26
16.5264,-1.19E-26
16.526,-1.29E-26
16.5256,-1.40E-26
16.5252,-1.51E-26
16.5248,-1.61E-26
16.5244,-1.71E-26
16.524,-1.82E-26
16.5235,-1.92E-26
16.5231,-2.02E-26
16.5227,-2.12E-26
16.5223,-2.22E-26
16.5219,-2.31E-26
16.5215,-2.41E-26
16.5211,-2.50E-26
16.5207,-2.60E-26
16.5203,-2.69E-26
16.5199,-2.78E-26
16.5195,-2.87E-26
16.519,-2.96E-26
16.5186,-3.04E-26
16.5182,-3.13E-26
16.5178,-3.21E-26
16.5174,-3.30E-26
16.517,-3.38E-26
16.5165,-3.46E-26
16.5161,-3.54E-26
16.5157,-3.62E-26
16.5153,-3.69E-26
16.5148,-3.77E-26
16.5144,-3.84E-26
16.514,-3.91E-26
16.5136,-3.98E-26
16.5131,-4.05E-26
16.5127,-4.12E-26
16.5123,-4.19E-26
16.5119,-4.25E-26
16.5114,-4.31E-26
16.511,-4.38E-26
16.5106,-4.44E-26
16.5101,-4.49E-26
16.5097,-4.55E-26
16.5093,-4.61E-26
16.5088,-4.66E-26
16.5084,-4.71E-26
16.508,-4.76E-26
16.5075,-4.81E-26
16.5071,-4.86E-26
16.5066,-4.91E-26
16.5062,-4.95E-26
16.5058,-4.99E-26
16.5053,-5.03E-26
16.5049,-5.07E-26
16.5044,-5.11E-26
16.504,-5.14E-26
16.5035,-5.18E-26
16.5031,-5.21E-26
16.5026,-5.24E-26
16.5022,-5.27E-26
16.5017,-5.30E-26
16.5013,-5.32E-26
16.5008,-5.34E-26
16.5004,-5.37E-26
16.4999,-5.39E-26
16.4995,-5.40E-26
16.499,-5.42E-26
16.4986,-5.43E-26
16.4981,-5.45E-26
16.4976,-5.46E-26
16.4972,-5.47E-26
16.4967,-5.47E-26
16.4963,-5.48E-26
16.4958,-5.48E-26
16.4953,-5.48E-26
16.4949,-5.48E-26
16.4944,-5.48E-26
16.4939,-5.48E-26
16.4935,-5.47E-26
16.493,-5.46E-26
16.4925,-5.45E-26
16.4921,-5.44E-26
16.4916,-5.42E-26
16.4911,-5.41E-26
16.4907,-5.39E-26
16.4902,-5.37E-26
16.4897,-5.35E-26
16.4892,-5.33E-26
16.4888,-5.30E-26
16.4883,-5.27E-26
16.4878,-5.24E-26
16.4873,-5.21E-26
16.4869,-5.18E-26
16.4864,-5.14E-26
16.4859,-5.10E-26
16.4854,-5.06E-26
16.4849,-5.02E-26
16.4844,-4.98E-26
16.484,-4.93E-26
16.4835,-4.88E-26
16.483,-4.83E-26
16.4825,-4.78E-26
16.482,-4.73E-26
16.4815,-4.67E-26
16.481,-4.61E-26
16.4806,-4.55E-26
16.4801,-4.49E-26
16.4796,-4.43E-26
16.4791,-4.36E-26
16.4786,-4.29E-26
16.4781,-4.22E-26
16.4776,-4.15E-26
16.4771,-4.07E-26
16.4766,-4.00E-26
16.4761,-3.92E-26
16.4756,-3.84E-26
16.4751,-3.75E-26
16.4746,-3.67E-26
16.4741,-3.58E-26
16.4736,-3.49E-26
16.4731,-3.40E-26
16.4726,-3.31E-26
16.4721,-3.24E-26
16.4716,-3.19E-26
16.4711,-3.15E-26
16.4706,-3.11E-26
16.47,-3.07E-26
16.4695,-3.02E-26
16.469,-2.98E-26
16.4685,-2.93E-26
16.468,-2.89E-26
16.4675,-2.84E-26
16.467,-2.80E-26
16.4665,-2.75E-26
16.4659,-2.70E-26
16.4654,-2.65E-26
16.4649,-2.61E-26
16.4644,-2.56E-26
16.4639,-2.51E-26
16.4633,-2.46E-26
16.4628,-2.41E-26
16.4623,-2.36E-26
16.4618,-2.32E-26
16.4612,-2.27E-26
16.4607,-2.22E-26
16.4602,-2.17E-26
16.4597,-2.12E-26
16.4591,-2.07E-26
16.4586,-2.02E-26
16.4581,-1.97E-26
16.4575,-1.92E-26
16.457,-1.87E-26
16.4565,-1.82E-26
16.4559,-1.77E-26
16.4554,-1.71E-26
16.4549,-1.66E-26
16.4543,-1.61E-26
16.4538,-1.56E-26
16.4533,-1.51E-26
16.4527,-1.46E-26
16.4522,-1.41E-26
16.4516,-1.36E-26
16.4511,-1.31E-26
16.4506,-1.26E-26
16.45,-1.21E-26
16.4495,-1.17E-26
16.4489,-1.12E-26
16.4484,-1.07E-26
16.4478,-1.02E-26
16.4473,-9.71E-27
16.4467,-9.23E-27
16.4462,-8.75E-27
16.4456,-8.28E-27
16.4451,-7.81E-27
16.4445,-7.35E-27
16.444,-6.89E-27
16.4434,-6.43E-27
16.4429,-5.98E-27
16.4423,-5.53E-27
16.4418,-5.09E-27
16.4412,-4.65E-27
16.4406,-4.22E-27
16.4401,-3.80E-27
16.4395,-3.38E-27
16.439,-2.96E-27
16.4384,-2.55E-27
16.4378,-2.15E-27
16.4373,-1.76E-27
16.4367,-1.37E-27
16.4361,-9.86E-28
16.4356,-6.11E-28
16.435,-2.44E-28
16.4344,1.15E-28
16.4339,4.67E-28
16.4333,8.11E-28
16.4327,1.15E-27
16.4321,1.47E-27
16.4316,1.79E-27
16.431,2.10E-27
16.4304,2.40E-27
16.4298,2.69E-27
16.4293,2.97E-27
16.4287,3.24E-27
16.4281,3.51E-27
16.4275,3.76E-27
16.4269,4.00E-27
16.4264,4.23E-27
16.4258,4.45E-27
16.4252,4.66E-27
16.4246,4.86E-27
16.424,5.04E-27
16.4234,5.22E-27
16.4229,5.38E-27
16.4223,5.53E-27
16.4217,5.67E-27
16.4211,5.80E-27
16.4205,5.91E-27
16.4199,6.01E-27
16.4193,6.10E-27
16.4187,6.17E-27
16.4181,6.23E-27
16.4175,6.28E-27
16.4169,6.31E-27
16.4163,6.33E-27
16.4157,6.33E-27
16.4151,6.32E-27
16.4145,6.29E-27
16.4139,6.25E-27
16.4133,6.20E-27
16.4127,6.12E-27
16.4121,6.04E-27
16.4115,5.93E-27
16.4109,5.81E-27
16.4103,5.68E-27
16.4097,5.52E-27
16.4091,5.35E-27
16.4085,5.17E-27
16.4079,4.96E-27
16.4073,4.74E-27
16.4067,4.50E-27
16.4061,4.25E-27
16.4054,3.97E-27
16.4048,3.94E-27
16.4042,4.19E-27
16.4036,4.44E-27
16.403,4.68E-27
16.4024,4.92E-27
16.4017,5.16E-27
16.4011,5.40E-27
16.4005,5.63E-27
16.3999,5.86E-27
16.3993,6.09E-27
16.3986,6.32E-27
16.398,6.54E-27
16.3974,6.76E-27
16.3968,6.97E-27
16.3961,7.19E-27
16.3955,7.40E-27
16.3949,7.60E-27
16.3942,7.81E-27
16.3936,8.01E-27
16.393,8.20E-27
16.3924,8.40E-27
16.3917,8.59E-27
16.3911,8.77E-27
16.3904,8.96E-27
16.3898,9.14E-27
16.3892,9.32E-27
16.3885,9.49E-27
16.3879,9.66E-27
16.3873,9.82E-27
16.3866,9.99E-27
16.386,1.01E-26
16.3853,1.03E-26
16.3847,1.05E-26
16.384,1.06E-26
16.3834,1.07E-26
16.3828,1.09E-26
16.3821,1.10E-26
16.3815,1.12E-26
16.3808,1.13E-26
16.3802,1.14E-26
16.3795,1.15E-26
16.3789,1.17E-26
16.3782,1.18E-26
16.3776,1.19E-26
16.3769,1.20E-26
16.3762,1.21E-26
16.3756,1.22E-26
16.3749,1.23E-26
16.3743,1.24E-26
16.3736,1.25E-26
16.373,1.26E-26
16.3723,1.26E-26
16.3716,1.27E-26
16.371,1.28E-26
16.3703,1.29E-26
16.3696,1.29E-26
16.369,1.30E-26
16.3683,1.30E-26
16.3677,1.31E-26
16.367,1.31E-26
16.3663,1.32E-26
16.3656,1.32E-26
16.365,1.33E-26
16.3643,1.33E-26
16.3636,1.33E-26
16.363,1.33E-26
16.3623,1.34E-26
16.3616,1.34E-26
16.3609,1.34E-26
16.3603,1.34E-26
16.3596,1.34E-26
16.3589,1.34E-26
16.3582,1.34E-26
16.3575,1.34E-26
16.3569,1.34E-26
16.3562,1.33E-26
16.3555,1.33E-26
16.3548,1.33E-26
16.3541,1.33E-26
16.3534,1.32E-26
16.3528,1.32E-26
16.3521,1.31E-26
16.3514,1.31E-26
16.3507,1.30E-26
16.35,1.30E-26
16.3493,1.29E-26
16.3486,1.29E-26
16.3479,1.28E-26
16.3472,1.27E-26
16.3465,1.26E-26
16.3458,1.26E-26
16.3451,1.25E-26
16.3444,1.24E-26
16.3437,1.23E-26
16.343,1.22E-26
16.3423,1.21E-26
16.3416,1.20E-26
16.3409,1.18E-26
16.3402,1.17E-26
16.3395,1.16E-26
16.3388,1.15E-26
16.3381,1.13E-26
16.3374,1.12E-26
16.3367,1.11E-26
16.336,1.09E-26
16.3353,1.08E-26
16.3346,1.06E-26
16.3339,1.05E-26
16.3332,1.03E-26
16.3324,1.01E-26
16.3317,9.97E-27
16.331,9.79E-27
16.3303,9.61E-27
16.3296,9.43E-27
16.3289,9.24E-27
16.3281,9.05E-27
16.3274,8.85E-27
16.3267,8.65E-27
16.326,8.44E-27
16.3253,8.23E-27
16.3245,8.07E-27
16.3238,7.96E-27
16.3231,7.85E-27
16.3224,7.73E-27
16.3216,7.62E-27
16.3209,7.51E-27
16.3202,7.39E-27
16.3195,7.27E-27
16.3187,7.15E-27
16.318,7.04E-27
16.3173,6.92E-27
16.3165,6.80E-27
16.3158,6.67E-27
16.3151,6.55E-27
16.3143,6.43E-27
16.3136,6.30E-27
16.3128,6.18E-27
16.3121,6.05E-27
16.3114,5.93E-27
16.3106,5.80E-27
16.3099,5.68E-27
16.3091,5.55E-27
16.3084,5.42E-27
16.3077,5.29E-27
16.3069,5.16E-27
16.3062,5.03E-27
16.3054,4.91E-27
16.3047,4.78E-27
16.3039,4.65E-27
16.3032,4.52E-27
16.3024,4.39E-27
16.3017,4.26E-27
16.3009,4.13E-27
16.3002,4.00E-27
16.2994,3.87E-27
16.2987,3.74E-27
16.2979,3.61E-27
16.2971,3.48E-27
16.2964,3.35E-27
16.2956,3.23E-27
16.2949,3.10E-27
16.2941,2.97E-27
16.2934,2.84E-27
16.2926,2.72E-27
16.2918,2.59E-27
16.2911,2.47E-27
16.2903,2.34E-27
16.2895,2.22E-27
16.2888,2.09E-27
16.288,1.97E-27
16.2872,1.85E-27
16.2865,1.73E-27
16.2857,1.61E-27
16.2849,1.49E-27
16.2841,1.38E-27
16.2834,1.26E-27
16.2826,1.14E-27
16.2818,1.03E-27
16.2811,9.17E-28
16.2803,8.06E-28
16.2795,6.96E-28
16.2787,5.87E-28
16.2779,4.80E-28
16.2772,3.74E-28
16.2764,2.70E-28
16.2756,1.67E-28
16.2748,6.62E-29
16.274,-3.31E-29
16.2732,-1.31E-28
16.2725,-2.26E-28
16.2717,-3.20E-28
16.2709,-4.12E-28
16.2701,-5.03E-28
16.2693,-5.91E-28
16.2685,-6.77E-28
16.2677,-7.61E-28
16.2669,-8.43E-28
16.2661,-9.22E-28
16.2653,-1.00E-27
16.2645,-1.07E-27
16.2638,-1.15E-27
16.263,-1.22E-27
16.2622,-1.29E-27
16.2614,-1.35E-27
16.2606,-1.41E-27
16.2598,-1.48E-27
16.259,-1.53E-27
16.2582,-1.59E-27
16.2574,-1.64E-27
16.2566,-1.69E-27
16.2557,-1.74E-27
16.2549,-1.78E-27
16.2541,-1.82E-27
16.2533,-1.86E-27
16.2525,-1.89E-27
16.2517,-1.93E-27
16.2509,-1.95E-27
16.2501,-1.98E-27
16.2493,-2.00E-27
16.2485,-2.02E-27
16.2476,-2.04E-27
16.2468,-2.05E-27
16.246,-2.06E-27
16.2452,-2.06E-27
16.2444,-2.06E-27
16.2436,-2.06E-27
16.2427,-2.06E-27
16.2419,-2.05E-27
16.2411,-2.03E-27
16.2403,-2.02E-27
16.2395,-2.00E-27
16.2386,-1.97E-27
16.2378,-1.94E-27
16.237,-1.91E-27
16.2362,-1.87E-27
16.2353,-1.83E-27
16.2345,-1.79E-27
16.2337,-1.74E-27
16.2328,-1.68E-27
16.232,-1.63E-27
16.2312,-1.62E-27
16.2303,-1.68E-27
16.2295,-1.75E-27
16.2287,-1.81E-27
16.2278,-1.87E-27
16.227,-1.93E-27
16.2262,-1.99E-27
16.2253,-2.05E-27
16.2245,-2.11E-27
16.2236,-2.17E-27
16.2228,-2.22E-27
16.222,-2.28E-27
16.2211,-2.33E-27
16.2203,-2.39E-27
16.2194,-2.44E-27
16.2186,-2.49E-27
16.2177,-2.55E-27
16.2169,-2.60E-27
16.216,-2.65E-27
16.2152,-2.70E-27
16.2143,-2.75E-27
16.2135,-2.79E-27
16.2126,-2.84E-27
16.2118,-2.88E-27
16.2109,-2.93E-27
16.2101,-2.97E-27
16.2092,-3.02E-27
16.2084,-3.06E-27
16.2075,-3.10E-27
16.2067,-3.14E-27
16.2058,-3.18E-27
16.2049,-3.22E-27
16.2041,-3.25E-27
16.2032,-3.29E-27
16.2023,-3.33E-27
16.2015,-3.36E-27
16.2006,-3.39E-27
16.1998,-3.43E-27
16.1989,-3.46E-27
16.198,-3.49E-27
16.1971,-3.52E-27
16.1963,-3.55E-27
16.1954,-3.58E-27
16.1945,-3.60E-27
16.1937,-3.63E-27
16.1928,-3.65E-27
16.1919,-3.68E-27
16.191,-3.70E-27
16.1902,-3.72E-27
16.1893,-3.74E-27
16.1884,-3.76E-27
16.1875,-3.78E-27
16.1867,-3.79E-27
16.1858,-3.81E-27
16.1849,-3.83E-27
16.184,-3.84E-27
16.1831,-3.85E-27
16.1822,-3.87E-27
16.1814,-3.88E-27
16.1805,-3.89E-27
16.1796,-3.90E-27
16.1787,-3.90E-27
16.1778,-3.91E-27
16.1769,-3.92E-27
16.176,-3.92E-27
16.1751,-3.92E-27
16.1742,-3.93E-27
16.1734,-3.93E-27
16.1725,-3.93E-27
16.1716,-3.93E-27
16.1707,-3.92E-27
16.1698,-3.92E-27
16.1689,-3.92E-27
16.168,-3.91E-27
16.1671,-3.90E-27
16.1662,-3.90E-27
16.1653,-3.89E-27
16.1644,-3.88E-27
16.1635,-3.87E-27
16.1626,-3.86E-27
16.1617,-3.84E-27
16.1608,-3.83E-27
16.1599,-3.81E-27
16.1589,-3.80E-27
16.158,-3.78E-27
16.1571,-3.76E-27
16.1562,-3.74E-27
16.1553,-3.72E-27
16.1544,-3.70E-27
16.1535,-3.67E-27
16.1526,-3.65E-27
16.1517,-3.62E-27
16.1507,-3.60E-27
16.1498,-3.57E-27
16.1489,-3.54E-27
16.148,-3.51E-27
16.1471,-3.48E-27
16.1461,-3.45E-27
16.1452,-3.41E-27
16.1443,-3.38E-27
16.1434,-3.34E-27
16.1425,-3.30E-27
16.1415,-3.27E-27
16.1406,-3.23E-27
16.1397,-3.19E-27
16.1387,-3.15E-27
16.1378,-3.10E-27
16.1369,-3.06E-27
16.136,-3.01E-27
16.135,-2.97E-27
16.1341,-2.92E-27
16.1332,-2.87E-27
16.1322,-2.82E-27
16.1313,-2.77E-27
16.1304,-2.72E-27
16.1294,-2.67E-27
16.1285,-2.61E-27
16.1275,-2.56E-27
16.1266,-2.50E-27
16.1257,-2.44E-27
16.1247,-2.40E-27
16.1238,-2.37E-27
16.1228,-2.33E-27
16.1219,-2.30E-27
16.121,-2.27E-27
16.12,-2.23E-27
16.1191,-2.20E-27
16.1181,-2.17E-27
16.1172,-2.13E-27
16.1162,-2.10E-27
16.1153,-2.06E-27
16.1143,-2.03E-27
16.1134,-1.99E-27
16.1124,-1.96E-27
16.1115,-1.92E-27
16.1105,-1.89E-27
16.1095,-1.85E-27
16.1086,-1.82E-27
16.1076,-1.78E-27
16.1067,-1.74E-27
16.1057,-1.71E-27
16.1047,-1.67E-27
16.1038,-1.63E-27
16.1028,-1.60E-27
16.1019,-1.56E-27
16.1009,-1.52E-27
16.0999,-1.49E-27
16.099,-1.45E-27
16.098,-1.41E-27
16.097,-1.37E-27
16.0961,-1.34E-27
16.0951,-1.30E-27
16.0941,-1.26E-27
16.0932,-1.22E-27
16.0922,-1.19E-27
16.0912,-1.15E-27
16.0902,-1.11E-27
16.0893,-1.08E-27
16.0883,-1.04E-27
16.0873,-1.00E-27
16.0863,-9.64E-28
16.0854,-9.27E-28
16.0844,-8.90E-28
16.0834,-8.54E-28
16.0824,-8.17E-28
16.0814,-7.81E-28
16.0804,-7.45E-28
16.0795,-7.09E-28
16.0785,-6.73E-28
16.0775,-6.37E-28
16.0765,-6.02E-28
16.0755,-5.67E-28
16.0745,-5.32E-28
16.0735,-4.97E-28
16.0726,-4.63E-28
16.0716,-4.29E-28
16.0706,-3.95E-28
16.0696,-3.61E-28
16.0686,-3.28E-28
16.0676,-2.95E-28
16.0666,-2.63E-28
16.0656,-2.30E-28
16.0646,-1.99E-28
16.0636,-1.67E-28
16.0626,-1.36E-28
16.0616,-1.05E-28
16.0606,-7.51E-29
16.0596,-4.52E-29
16.0586,-1.59E-29
16.0576,1.31E-29
16.0566,4.16E-29
16.0556,6.96E-29
16.0546,9.70E-29
16.0536,1.24E-28
16.0526,1.51E-28
16.0515,1.76E-28
16.0505,2.02E-28
16.0495,2.27E-28
16.0485,2.51E-28
16.0475,2.75E-28
16.0465,2.98E-28
16.0455,3.20E-28
16.0445,3.42E-28
16.0434,3.63E-28
16.0424,3.84E-28
16.0414,4.04E-28
16.0404,4.23E-28
16.0394,4.41E-28
16.0383,4.59E-28
16.0373,4.76E-28
16.0363,4.93E-28
16.0353,5.08E-28
16.0342,5.23E-28
16.0332,5.37E-28
16.0322,5.51E-28
16.0312,5.63E-28
16.0301,5.75E-28
16.0291,5.86E-28
16.0281,5.96E-28
16.0271,6.05E-28
16.026,6.13E-28
16.025,6.21E-28
16.024,6.27E-28
16.0229,6.33E-28
16.0219,6.38E-28
16.0208,6.42E-28
16.0198,6.45E-28
16.0188,6.47E-28
16.0177,6.48E-28
16.0167,6.48E-28
16.0156,6.47E-28
16.0146,6.45E-28
16.0136,6.42E-28
16.0125,6.38E-28
16.0115,6.32E-28
16.0104,6.26E-28
16.0094,6.19E-28
16.0083,6.11E-28
16.0073,6.01E-28
16.0062,5.91E-28
16.0052,5.91E-28
16.0041,6.11E-28
16.0031,6.30E-28
16.002,6.49E-28
16.001,6.68E-28
15.9999,6.86E-28
15.9989,7.04E-28
15.9978,7.23E-28
15.9968,7.40E-28
15.9957,7.58E-28
15.9946,7.75E-28
15.9936,7.92E-28
15.9925,8.09E-28
15.9915,8.26E-28
15.9904,8.42E-28
15.9893,8.58E-28
15.9883,8.74E-28
15.9872,8.89E-28
15.9861,9.04E-28
15.9851,9.19E-28
15.984,9.34E-28
15.9829,9.48E-28
15.9819,9.63E-28
15.9808,9.76E-28
15.9797,9.90E-28
15.9786,1.00E-27
15.9776,1.02E-27
15.9765,1.03E-27
15.9754,1.04E-27
15.9743,1.05E-27
15.9733,1.07E-27
15.9722,1.08E-27
15.9711,1.09E-27
15.97,1.10E-27
15.9689,1.11E-27
15.9679,1.12E-27
15.9668,1.13E-27
15.9657,1.14E-27
15.9646,1.15E-27
15.9635,1.16E-27
15.9624,1.17E-27
15.9614,1.18E-27
15.9603,1.18E-27
15.9592,1.19E-27
15.9581,1.20E-27
15.957,1.21E-27
15.9559,1.21E-27
15.9548,1.22E-27
15.9537,1.23E-27
15.9526,1.23E-27
15.9515,1.24E-27
15.9504,1.24E-27
15.9493,1.25E-27
15.9482,1.25E-27
15.9471,1.26E-27
15.946,1.26E-27
15.9449,1.27E-27
15.9438,1.27E-27
15.9427,1.27E-27
15.9416,1.27E-27
15.9405,1.28E-27
15.9394,1.28E-27
15.9383,1.28E-27
15.9372,1.28E-27
15.9361,1.28E-27
15.935,1.28E-27
15.9339,1.28E-27
15.9328,1.28E-27
15.9317,1.28E-27
15.9305,1.28E-27
15.9294,1.28E-27
15.9283,1.28E-27
15.9272,1.28E-27
15.9261,1.27E-27
15.925,1.27E-27
15.9239,1.27E-27
15.9227,1.27E-27
15.9216,1.26E-27
15.9205,1.26E-27
15.9194,1.25E-27
15.9182,1.25E-27
15.9171,1.24E-27
15.916,1.24E-27
15.9149,1.23E-27
15.9138,1.23E-27
15.9126,1.22E-27
15.9115,1.21E-27
15.9104,1.20E-27
15.9092,1.20E-27
15.9081,1.19E-27
15.907,1.18E-27
15.9058,1.17E-27
15.9047,1.16E-27
15.9036,1.15E-27
15.9024,1.14E-27
15.9013,1.13E-27
15.9002,1.12E-27
15.899,1.11E-27
15.8979,1.10E-27
15.8968,1.09E-27
15.8956,1.08E-27
15.8945,1.06E-27
15.8933,1.05E-27
15.8922,1.04E-27
15.891,1.02E-27
15.8899,1.01E-27
15.8887,9.95E-28
15.8876,9.81E-28
15.8865,9.65E-28
15.8853,9.50E-28
15.8842,9.34E-28
15.883,9.18E-28
15.8819,9.01E-28
15.8807,8.84E-28
15.8795,8.67E-28
15.8784,8.49E-28
15.8772,8.31E-28
15.8761,8.12E-28
15.8749,7.94E-28
15.8738,7.74E-28
15.8726,7.58E-28
15.8714,7.47E-28
15.8703,7.37E-28
15.8691,7.26E-28
15.868,7.15E-28
15.8668,7.04E-28
15.8656,6.93E-28
15.8645,6.81E-28
15.8633,6.70E-28
15.8621,6.59E-28
15.861,6.47E-28
15.8598,6.36E-28
15.8586,6.24E-28
15.8575,6.12E-28
15.8563,6.00E-28
15.8551,5.89E-28
15.8539,5.77E-28
15.8528,5.65E-28
15.8516,5.53E-28
15.8504,5.41E-28
15.8492,5.28E-28
15.8481,5.16E-28
15.8469,5.04E-28
15.8457,4.92E-28
15.8445,4.79E-28
15.8434,4.67E-28
15.8422,4.55E-28
15.841,4.42E-28
15.8398,4.30E-28
15.8386,4.17E-28
15.8374,4.05E-28
15.8362,3.92E-28
15.8351,3.80E-28
15.8339,3.68E-28
15.8327,3.55E-28
15.8315,3.43E-28
15.8303,3.30E-28
15.8291,3.18E-28
15.8279,3.05E-28
15.8267,2.93E-28
15.8255,2.80E-28
15.8243,2.68E-28
15.8231,2.55E-28
15.8219,2.43E-28
15.8207,2.31E-28
15.8195,2.18E-28
15.8183,2.06E-28
15.8171,1.94E-28
15.8159,1.82E-28
15.8147,1.70E-28
15.8135,1.58E-28
15.8123,1.46E-28
15.8111,1.34E-28
15.8099,1.22E-28
15.8087,1.10E-28
15.8075,9.86E-29
15.8063,8.70E-29
15.8051,7.55E-29
15.8039,6.40E-29
15.8027,5.27E-29
15.8014,4.14E-29
15.8002,3.02E-29
15.799,1.92E-29
15.7978,8.21E-30
15.7966,-2.64E-30
15.7954,-1.34E-29
15.7941,-2.40E-29
15.7929,-3.45E-29
15.7917,-4.49E-29
15.7905,-5.51E-29
15.7893,-6.52E-29
15.788,-7.52E-29
15.7868,-8.51E-29
15.7856,-9.47E-29
15.7844,-1.04E-28
15.7831,-1.14E-28
15.7819,-1.23E-28
15.7807,-1.32E-28
15.7795,-1.41E-28
15.7782,-1.50E-28
15.777,-1.58E-28
15.7758,-1.67E-28
15.7745,-1.75E-28
15.7733,-1.83E-28
15.7721,-1.91E-28
15.7708,-1.98E-28
15.7696,-2.06E-28
15.7684,-2.13E-28
15.7671,-2.20E-28
15.7659,-2.27E-28
15.7646,-2.34E-28
15.7634,-2.40E-28
15.7622,-2.47E-28
15.7609,-2.53E-28
15.7597,-2.58E-28
15.7584,-2.64E-28
15.7572,-2.69E-28
15.7559,-2.74E-28
15.7547,-2.79E-28
15.7534,-2.84E-28
15.7522,-2.88E-28
15.751,-2.92E-28
15.7497,-2.96E-28
15.7484,-3.00E-28
15.7472,-3.03E-28
15.7459,-3.06E-28
15.7447,-3.09E-28
15.7434,-3.11E-28
15.7422,-3.13E-28
15.7409,-3.15E-28
15.7397,-3.17E-28
15.7384,-3.18E-28
15.7371,-3.19E-28
15.7359,-3.20E-28
15.7346,-3.21E-28
15.7334,-3.21E-28
15.7321,-3.21E-28
15.7308,-3.20E-28
15.7296,-3.19E-28
15.7283,-3.18E-28
15.727,-3.20E-28
15.7258,-3.27E-28
15.7245,-3.33E-28
15.7232,-3.40E-28
15.722,-3.47E-28
15.7207,-3.53E-28
15.7194,-3.60E-28
15.7181,-3.66E-28
15.7169,-3.73E-28
15.7156,-3.79E-28
15.7143,-3.85E-28
15.713,-3.91E-28
15.7118,-3.97E-28
15.7105,-4.03E-28
15.7092,-4.09E-28
15.7079,-4.14E-28
15.7067,-4.20E-28
15.7054,-4.25E-28
15.7041,-4.31E-28
15.7028,-4.36E-28
15.7015,-4.41E-28
15.7002,-4.46E-28
15.6989,-4.51E-28
15.6977,-4.56E-28
15.6964,-4.61E-28
15.6951,-4.65E-28
15.6938,-4.70E-28
15.6925,-4.74E-28
15.6912,-4.78E-28
15.6899,-4.83E-28
15.6886,-4.87E-28
15.6873,-4.91E-28
15.686,-4.94E-28
15.6847,-4.98E-28
15.6834,-5.02E-28
15.6821,-5.05E-28
15.6808,-5.09E-28
15.6795,-5.12E-28
15.6782,-5.15E-28
15.6769,-5.18E-28
15.6756,-5.21E-28
15.6743,-5.24E-28
15.673,-5.26E-28
15.6717,-5.29E-28
15.6704,-5.31E-28
15.6691,-5.34E-28
15.6678,-5.36E-28
15.6665,-5.38E-28
15.6652,-5.40E-28
15.6639,-5.42E-28
15.6626,-5.43E-28
15.6613,-5.45E-28
15.6599,-5.46E-28
15.6586,-5.48E-28
15.6573,-5.49E-28
15.656,-5.50E-28
15.6547,-5.51E-28
15.6534,-5.51E-28
15.652,-5.52E-28
15.6507,-5.52E-28
15.6494,-5.53E-28
15.6481,-5.53E-28
15.6468,-5.53E-28
15.6454,-5.53E-28
15.6441,-5.53E-28
15.6428,-5.52E-28
15.6415,-5.52E-28
15.6401,-5.51E-28
15.6388,-5.51E-28
15.6375,-5.50E-28
15.6362,-5.49E-28
15.6348,-5.48E-28
15.6335,-5.46E-28
15.6322,-5.45E-28
15.6308,-5.43E-28
15.6295,-5.42E-28
15.6282,-5.40E-28
15.6268,-5.38E-28
15.6255,-5.36E-28
15.6242,-5.33E-28
15.6228,-5.31E-28
15.6215,-5.28E-28
15.6201,-5.25E-28
15.6188,-5.23E-28
15.6175,-5.20E-28
15.6161,-5.16E-28
15.6148,-5.13E-28
15.6134,-5.10E-28
15.6121,-5.06E-28
15.6107,-5.02E-28
15.6094,-4.98E-28
15.608,-4.94E-28
15.6067,-4.90E-28
15.6053,-4.86E-28
15.604,-4.81E-28
15.6026,-4.76E-28
15.6013,-4.72E-28
15.5999,-4.67E-28
15.5986,-4.61E-28
15.5972,-4.56E-28
15.5959,-4.51E-28
15.5945,-4.45E-28
15.5931,-4.39E-28
15.5918,-4.33E-28
15.5904,-4.27E-28
15.5891,-4.21E-28
15.5877,-4.15E-28
15.5863,-4.08E-28
15.585,-4.02E-28
15.5836,-3.95E-28
15.5823,-3.88E-28
15.5809,-3.81E-28
15.5795,-3.73E-28
15.5782,-3.66E-28
15.5768,-3.58E-28
15.5754,-3.50E-28
15.574,-3.42E-28
15.5727,-3.34E-28
15.5713,-3.26E-28
15.5699,-3.18E-28
15.5686,-3.10E-28
15.5672,-3.06E-28
15.5658,-3.01E-28
15.5644,-2.96E-28
15.5631,-2.92E-28
15.5617,-2.87E-28
15.5603,-2.82E-28
15.5589,-2.77E-28
15.5575,-2.73E-28
15.5562,-2.68E-28
15.5548,-2.63E-28
15.5534,-2.58E-28
15.552,-2.53E-28
15.5506,-2.48E-28
15.5492,-2.43E-28
15.5478,-2.38E-28
15.5465,-2.33E-28
15.5451,-2.27E-28
15.5437,-2.22E-28
15.5423,-2.17E-28
15.5409,-2.12E-28
15.5395,-2.07E-28
15.5381,-2.02E-28
15.5367,-1.96E-28
15.5353,-1.91E-28
15.5339,-1.86E-28
15.5325,-1.81E-28
15.5311,-1.75E-28
15.5297,-1.70E-28
15.5283,-1.65E-28
15.5269,-1.59E-28
15.5255,-1.54E-28
15.5241,-1.49E-28
15.5227,-1.43E-28
15.5213,-1.38E-28
15.5199,-1.33E-28
15.5185,-1.27E-28
15.5171,-1.22E-28
15.5157,-1.17E-28
15.5143,-1.11E-28
15.5129,-1.06E-28
15.5115,-1.01E-28
15.5101,-9.54E-29
15.5086,-9.01E-29
15.5072,-8.48E-29
15.5058,-7.95E-29
15.5044,-7.42E-29
15.503,-6.90E-29
15.5016,-6.37E-29
15.5002,-5.85E-29
15.4987,-5.33E-29
15.4973,-4.81E-29
15.4959,-4.30E-29
15.4945,-3.78E-29
15.4931,-3.27E-29
15.4916,-2.76E-29
15.4902,-2.26E-29
15.4888,-1.75E-29
15.4874,-1.25E-29
15.4859,-7.56E-30
15.4845,-2.62E-30
15.4831,2.29E-30
15.4816,7.16E-30
15.4802,1.20E-29
15.4788,1.68E-29
15.4774,2.16E-29
15.4759,2.63E-29
15.4745,3.10E-29
15.4731,3.56E-29
15.4716,4.02E-29
15.4702,4.47E-29
15.4687,4.92E-29
15.4673,5.37E-29
15.4659,5.81E-29
15.4644,6.24E-29
15.463,6.67E-29
15.4615,7.09E-29
15.4601,7.51E-29
15.4587,7.92E-29
15.4572,8.33E-29
15.4558,8.73E-29
15.4543,9.12E-29
15.4529,9.51E-29
15.4514,9.89E-29
15.45,1.03E-28
15.4485,1.06E-28
15.4471,1.10E-28
15.4456,1.14E-28
15.4442,1.17E-28
15.4427,1.20E-28
15.4413,1.24E-28
15.4398,1.27E-28
15.4384,1.30E-28
15.4369,1.33E-28
15.4355,1.36E-28
15.434,1.39E-28
15.4325,1.42E-28
15.4311,1.45E-28
15.4296,1.47E-28
15.4282,1.50E-28
15.4267,1.52E-28
15.4252,1.55E-28
15.4238,1.57E-28
15.4223,1.59E-28
15.4208,1.62E-28
15.4194,1.64E-28
15.4179,1.65E-28
15.4164,1.67E-28
15.415,1.69E-28
15.4135,1.71E-28
15.412,1.72E-28
15.4105,1.74E-28
15.4091,1.75E-28
15.4076,1.76E-28
15.4061,1.77E-28
15.4046,1.78E-28
15.4032,1.79E-28
15.4017,1.80E-28
15.4002,1.80E-28
15.3987,1.81E-28
15.3973,1.82E-28
15.3958,1.85E-28
15.3943,1.88E-28
15.3928,1.91E-28
15.3913,1.94E-28
15.3898,1.97E-28
15.3884,2.00E-28
15.3869,2.03E-28
15.3854,2.06E-28
15.3839,2.09E-28
15.3824,2.11E-28
15.3809,2.14E-28
15.3794,2.17E-28
15.3779,2.19E-28
15.3764,2.22E-28
15.3749,2.24E-28
15.3735,2.27E-28
15.372,2.29E-28
15.3705,2.31E-28
15.369,2.34E-28
15.3675,2.36E-28
15.366,2.38E-28
15.3645,2.40E-28
15.363,2.42E-28
15.3615,2.44E-28
15.36,2.46E-28
15.3585,2.48E-28
15.357,2.50E-28
15.3555,2.52E-28
15.3539,2.54E-28
15.3524,2.56E-28
15.3509,2.57E-28
15.3494,2.59E-28
15.3479,2.61E-28
15.3464,2.62E-28
15.3449,2.64E-28
15.3434,2.65E-28
15.3419,2.66E-28
15.3404,2.68E-28
15.3388,2.69E-28
15.3373,2.70E-28
15.3358,2.71E-28
15.3343,2.72E-28
15.3328,2.73E-28
15.3313,2.74E-28
15.3297,2.75E-28
15.3282,2.76E-28
15.3267,2.77E-28
15.3252,2.77E-28
15.3236,2.78E-28
15.3221,2.79E-28
15.3206,2.79E-28
15.3191,2.80E-28
15.3175,2.80E-28
15.316,2.80E-28
15.3145,2.80E-28
15.313,2.81E-28
15.3114,2.81E-28
15.3099,2.81E-28
15.3084,2.81E-28
15.3068,2.81E-28
15.3053,2.81E-28
15.3038,2.81E-28
15.3022,2.80E-28
15.3007,2.80E-28
15.2992,2.80E-28
15.2976,2.79E-28
15.2961,2.79E-28
15.2945,2.78E-28
15.293,2.77E-28
15.2915,2.77E-28
15.2899,2.76E-28
15.2884,2.75E-28
15.2868,2.74E-28
15.2853,2.73E-28
15.2837,2.72E-28
15.2822,2.71E-28
15.2806,2.69E-28
15.2791,2.68E-28
15.2775,2.67E-28
15.276,2.65E-28
15.2744,2.64E-28
15.2729,2.62E-28
15.2713,2.60E-28
15.2698,2.59E-28
15.2682,2.57E-28
15.2667,2.55E-28
15.2651,2.53E-28
15.2635,2.51E-28
15.262,2.49E-28
15.2604,2.47E-28
15.2589,2.44E-28
15.2573,2.42E-28
15.2557,2.40E-28
15.2542,2.37E-28
15.2526,2.35E-28
15.2511,2.32E-28
15.2495,2.29E-28
15.2479,2.26E-28
15.2464,2.24E-28
15.2448,2.21E-28
15.2432,2.18E-28
15.2417,2.14E-28
15.2401,2.11E-28
15.2385,2.08E-28
15.2369,2.05E-28
15.2354,2.01E-28
15.2338,1.98E-28
15.2322,1.94E-28
15.2306,1.90E-28
15.2291,1.87E-28
15.2275,1.83E-28
15.2259,1.79E-28
15.2243,1.75E-28
15.2227,1.71E-28
15.2212,1.67E-28
15.2196,1.63E-28
15.218,1.58E-28
15.2164,1.54E-28
15.2148,1.49E-28
15.2132,1.45E-28
15.2117,1.43E-28
15.2101,1.40E-28
15.2085,1.38E-28
15.2069,1.35E-28
15.2053,1.33E-28
15.2037,1.30E-28
15.2021,1.28E-28
15.2005,1.25E-28
15.1989,1.23E-28
15.1973,1.20E-28
15.1957,1.17E-28
15.1941,1.15E-28
15.1926,1.12E-28
15.191,1.09E-28
15.1894,1.07E-28
15.1878,1.04E-28
15.1862,1.01E-28
15.1846,9.85E-29
15.183,9.58E-29
15.1813,9.30E-29
15.1797,9.03E-29
15.1781,8.75E-29
15.1765,8.48E-29
15.1749,8.20E-29
15.1733,7.92E-29
15.1717,7.64E-29
15.1701,7.36E-29
15.1685,7.08E-29
15.1669,6.80E-29
15.1653,6.52E-29
15.1637,6.24E-29
15.162,5.95E-29
15.1604,5.67E-29
15.1588,5.39E-29
15.1572,5.11E-29
15.1556,4.82E-29
15.154,4.54E-29
15.1523,4.26E-29
15.1507,3.98E-29
15.1491,3.69E-29
15.1475,3.41E-29
15.1459,3.13E-29
15.1442,2.85E-29
15.1426,2.57E-29
15.141,2.29E-29
15.1394,2.01E-29
15.1377,1.73E-29
15.1361,1.45E-29
15.1345,1.17E-29
15.1329,8.94E-30
15.1312,6.18E-30
15.1296,3.42E-30
15.128,6.77E-31
15.1263,-2.06E-30
15.1247,-4.78E-30
15.1231,-7.49E-30
15.1214,-1.02E-29
15.1198,-1.29E-29
15.1181,-1.55E-29
15.1165,-1.82E-29
15.1149,-2.08E-29
15.1132,-2.35E-29
15.1116,-2.61E-29
15.11,-2.87E-29
15.1083,-3.12E-29
15.1067,-3.38E-29
15.105,-3.63E-29
15.1034,-3.89E-29
15.1017,-4.14E-29
15.1001,-4.38E-29
15.0984,-4.63E-29
15.0968,-4.87E-29
15.0951,-5.11E-29
15.0935,-5.35E-29
15.0918,-5.59E-29
15.0902,-5.82E-29
15.0885,-6.05E-29
15.0869,-6.28E-29
15.0852,-6.51E-29
15.0836,-6.73E-29
15.0819,-6.95E-29
15.0803,-7.17E-29
15.0786,-7.38E-29
15.0769,-7.60E-29
15.0753,-7.80E-29
15.0736,-8.01E-29
15.072,-8.21E-29
15.0703,-8.41E-29
15.0686,-8.60E-29
15.067,-8.80E-29
15.0653,-8.99E-29
15.0636,-9.17E-29
15.062,-9.35E-29
15.0603,-9.53E-29
15.0586,-9.70E-29
15.057,-9.87E-29
15.0553,-1.00E-28
15.0536,-1.02E-28
15.052,-1.04E-28
15.0503,-1.05E-28
15.0486,-1.07E-28
15.0469,-1.08E-28
15.0453,-1.10E-28
15.0436,-1.11E-28
15.0419,-1.12E-28
15.0402,-1.13E-28
15.0385,-1.15E-28
15.0369,-1.16E-28
15.0352,-1.17E-28
15.0335,-1.18E-28
15.0318,-1.19E-28
15.0301,-1.20E-28
15.0285,-1.21E-28
15.0268,-1.22E-28
15.0251,-1.23E-28
15.0234,-1.24E-28
15.0217,-1.24E-28
15.02,-1.25E-28
15.0183,-1.26E-28
15.0166,-1.27E-28
15.015,-1.28E-28
15.0133,-1.30E-28
15.0116,-1.32E-28
15.0099,-1.33E-28
15.0082,-1.35E-28
15.0065,-1.36E-28
15.0048,-1.38E-28
15.0031,-1.39E-28
15.0014,-1.41E-28
14.9997,-1.42E-28
14.998,-1.44E-28
14.9963,-1.45E-28
14.9946,-1.46E-28
14.9929,-1.48E-28
14.9912,-1.49E-28
14.9895,-1.50E-28
14.9878,-1.51E-28
14.9861,-1.53E-28
14.9844,-1.54E-28
14.9827,-1.55E-28
14.981,-1.56E-28
14.9792,-1.57E-28
14.9775,-1.58E-28
14.9758,-1.59E-28
14.9741,-1.60E-28
14.9724,-1.61E-28
14.9707,-1.62E-28
14.969,-1.63E-28
14.9673,-1.64E-28
14.9655,-1.65E-28
14.9638,-1.66E-28
14.9621,-1.67E-28
14.9604,-1.68E-28
14.9587,-1.68E-28
14.957,-1.69E-28
14.9552,-1.70E-28
14.9535,-1.70E-28
14.9518,-1.71E-28
14.9501,-1.72E-28
14.9483,-1.72E-28
14.9466,-1.73E-28
14.9449,-1.73E-28
14.9432,-1.74E-28
14.9414,-1.74E-28
14.9397,-1.74E-28
14.938,-1.75E-28
14.9362,-1.75E-28
14.9345,-1.75E-28
14.9328,-1.76E-28
14.931,-1.76E-28
14.9293,-1.76E-28
14.9276,-1.76E-28
14.9258,-1.76E-28
14.9241,-1.76E-28
14.9224,-1.76E-28
14.9206,-1.76E-28
14.9189,-1.76E-28
14.9172,-1.76E-28
14.9154,-1.76E-28
14.9137,-1.76E-28
14.9119,-1.76E-28
14.9102,-1.75E-28
14.9084,-1.75E-28
14.9067,-1.75E-28
14.9049,-1.74E-28
14.9032,-1.74E-28
14.9015,-1.74E-28
14.8997,-1.73E-28
14.898,-1.73E-28
14.8962,-1.72E-28
14.8945,-1.71E-28
14.8927,-1.71E-28
14.8909,-1.70E-28
14.8892,-1.69E-28
14.8874,-1.69E-28
14.8857,-1.68E-28
14.8839,-1.67E-28
14.8822,-1.66E-28
14.8804,-1.65E-28
14.8787,-1.64E-28
14.8769,-1.63E-28
14.8751,-1.62E-28
14.8734,-1.61E-28
14.8716,-1.60E-28
14.8698,-1.59E-28
14.8681,-1.58E-28
14.8663,-1.56E-28
14.8646,-1.55E-28
14.8628,-1.54E-28
14.861,-1.52E-28
14.8593,-1.51E-28
14.8575,-1.49E-28
14.8557,-1.48E-28
14.8539,-1.46E-28
14.8522,-1.45E-28
14.8504,-1.43E-28
14.8486,-1.41E-28
14.8468,-1.39E-28
14.8451,-1.38E-28
14.8433,-1.36E-28
14.8415,-1.34E-28
14.8397,-1.32E-28
14.838,-1.30E-28
14.8362,-1.28E-28
14.8344,-1.26E-28
14.8326,-1.24E-28
14.8308,-1.22E-28
14.8291,-1.19E-28
14.8273,-1.17E-28
14.8255,-1.15E-28
14.8237,-1.13E-28
14.8219,-1.10E-28
14.8201,-1.08E-28
14.8183,-1.05E-28
14.8166,-1.03E-28
14.8148,-1.00E-28
14.813,-9.75E-29
14.8112,-9.48E-29
14.8094,-9.21E-29
14.8076,-8.96E-29
14.8058,-8.80E-29
14.804,-8.65E-29
14.8022,-8.49E-29
14.8004,-8.34E-29
14.7986,-8.18E-29
14.7968,-8.02E-29
14.795,-7.86E-29
14.7932,-7.70E-29
14.7914,-7.54E-29
14.7896,-7.38E-29
14.7878,-7.21E-29
14.786,-7.05E-29
14.7842,-6.88E-29
14.7824,-6.72E-29
14.7806,-6.55E-29
14.7788,-6.38E-29
14.777,-6.21E-29
14.7752,-6.05E-29
14.7734,-5.88E-29
14.7716,-5.71E-29
14.7697,-5.54E-29
14.7679,-5.37E-29
14.7661,-5.19E-29
14.7643,-5.02E-29
14.7625,-4.85E-29
14.7607,-4.68E-29
14.7589,-4.50E-29
14.757,-4.33E-29
14.7552,-4.16E-29
14.7534,-3.98E-29
14.7516,-3.81E-29
14.7498,-3.63E-29
14.7479,-3.46E-29
14.7461,-3.28E-29
14.7443,-3.11E-29
14.7425,-2.93E-29
14.7407,-2.76E-29
14.7388,-2.58E-29
14.737,-2.41E-29
14.7352,-2.23E-29
14.7333,-2.06E-29
14.7315,-1.88E-29
14.7297,-1.71E-29
14.7279,-1.53E-29
14.726,-1.36E-29
14.7242,-1.19E-29
14.7224,-1.01E-29
14.7205,-8.38E-30
14.7187,-6.65E-30
14.7169,-4.93E-30
14.715,-3.21E-30
14.7132,-1.49E-30
14.7113,2.24E-31
14.7095,1.93E-30
14.7077,3.63E-30
14.7058,5.33E-30
14.704,7.01E-30
14.7021,8.69E-30
14.7003,1.04E-29
14.6984,1.20E-29
14.6966,1.37E-29
14.6948,1.53E-29
14.6929,1.70E-29
14.6911,1.86E-29
14.6892,2.02E-29
14.6874,2.19E-29
14.6855,2.35E-29
14.6837,2.51E-29
14.6818,2.66E-29
14.68,2.82E-29
14.6781,2.98E-29
14.6763,3.13E-29
14.6744,3.29E-29
14.6725,3.44E-29
14.6707,3.59E-29
14.6688,3.74E-29
14.667,3.89E-29
14.6651,4.03E-29
14.6632,4.18E-29
14.6614,4.32E-29
14.6595,4.47E-29
14.6577,4.61E-29
14.6558,4.75E-29
14.6539,4.88E-29
14.6521,5.02E-29
14.6502,5.15E-29
14.6483,5.29E-29
14.6465,5.42E-29
14.6446,5.55E-29
14.6427,5.68E-29
14.6409,5.80E-29
14.639,5.92E-29
14.6371,6.05E-29
14.6352,6.17E-29
14.6334,6.28E-29
14.6315,6.40E-29
14.6296,6.51E-29
14.6277,6.62E-29
14.6259,6.73E-29
14.624,6.84E-29
14.6221,6.94E-29
14.6202,7.05E-29
14.6183,7.15E-29
14.6165,7.25E-29
14.6146,7.34E-29
14.6127,7.43E-29
14.6108,7.52E-29
14.6089,7.61E-29
14.607,7.70E-29
14.6052,7.78E-29
14.6033,7.86E-29
14.6014,7.94E-29
14.5995,8.01E-29
14.5976,8.09E-29
14.5957,8.16E-29
14.5938,8.22E-29
14.5919,8.29E-29
14.59,8.35E-29
14.5881,8.41E-29
14.5862,8.47E-29
14.5843,8.58E-29
14.5824,8.68E-29
14.5806,8.79E-29
14.5787,8.89E-29
14.5768,8.99E-29
14.5749,9.08E-29
14.573,9.18E-29
14.5711,9.28E-29
14.5691,9.37E-29
14.5672,9.46E-29
14.5653,9.55E-29
14.5634,9.64E-29
14.5615,9.73E-29
14.5596,9.81E-29
14.5577,9.90E-29
14.5558,9.98E-29
14.5539,1.01E-28
14.552,1.01E-28
14.5501,1.02E-28
14.5482,1.03E-28
14.5462,1.04E-28
14.5443,1.04E-28
14.5424,1.05E-28
14.5405,1.06E-28
14.5386,1.06E-28
14.5367,1.07E-28
14.5348,1.08E-28
14.5328,1.08E-28
14.5309,1.09E-28
14.529,1.09E-28
14.5271,1.10E-28
14.5252,1.10E-28
14.5232,1.11E-28
14.5213,1.11E-28
14.5194,1.12E-28
14.5175,1.12E-28
14.5155,1.13E-28
14.5136,1.13E-28
14.5117,1.13E-28
14.5097,1.14E-28
14.5078,1.14E-28
14.5059,1.14E-28
14.504,1.15E-28
14.502,1.15E-28
14.5001,1.15E-28
14.4982,1.15E-28
14.4962,1.16E-28
14.4943,1.16E-28
14.4923,1.16E-28
14.4904,1.16E-28
14.4885,1.16E-28
14.4865,1.16E-28
14.4846,1.16E-28
14.4827,1.16E-28
14.4807,1.16E-28
14.4788,1.16E-28
14.4768,1.16E-28
14.4749,1.16E-28
14.4729,1.16E-28
14.471,1.16E-28
14.469,1.16E-28
14.4671,1.16E-28
14.4652,1.16E-28
14.4632,1.15E-28
14.4613,1.15E-28
14.4593,1.15E-28
14.4574,1.15E-28
14.4554,1.14E-28
14.4534,1.14E-28
14.4515,1.14E-28
14.4495,1.13E-28
14.4476,1.13E-28
14.4456,1.12E-28
14.4437,1.12E-28
14.4417,1.12E-28
14.4398,1.11E-28
14.4378,1.10E-28
14.4358,1.10E-28
14.4339,1.09E-28
14.4319,1.09E-28
14.4299,1.08E-28
14.428,1.07E-28
14.426,1.07E-28
14.424,1.06E-28
14.4221,1.05E-28
14.4201,1.04E-28
14.4181,1.03E-28
14.4162,1.03E-28
14.4142,1.02E-28
14.4122,1.01E-28
14.4103,9.99E-29
14.4083,9.89E-29
14.4063,9.79E-29
14.4043,9.69E-29
14.4024,9.58E-29
14.4004,9.48E-29
14.3984,9.36E-29
14.3964,9.25E-29
14.3945,9.13E-29
14.3925,9.01E-29
14.3905,8.89E-29
14.3885,8.76E-29
14.3865,8.63E-29
14.3846,8.50E-29
14.3826,8.36E-29
14.3806,8.23E-29
14.3786,8.08E-29
14.3766,7.94E-29
14.3746,7.79E-29
14.3726,7.64E-29
14.3707,7.49E-29
14.3687,7.33E-29
14.3667,7.17E-29
14.3647,7.01E-29
14.3627,6.84E-29
14.3607,6.67E-29
14.3587,6.50E-29
14.3567,6.32E-29
14.3547,6.14E-29
14.3527,5.98E-29
14.3507,5.89E-29
14.3487,5.80E-29
14.3467,5.71E-29
14.3447,5.62E-29
14.3427,5.52E-29
14.3407,5.43E-29
14.3387,5.34E-29
14.3367,5.25E-29
14.3347,5.16E-29
14.3327,5.06E-29
14.3307,4.97E-29
14.3287,4.88E-29
14.3267,4.78E-29
14.3247,4.69E-29
14.3227,4.59E-29
14.3207,4.50E-29
14.3187,4.40E-29
14.3167,4.31E-29
14.3147,4.21E-29
14.3126,4.12E-29
14.3106,4.03E-29
14.3086,3.93E-29
14.3066,3.84E-29
14.3046,3.74E-29
14.3026,3.65E-29
14.3005,3.55E-29
14.2985,3.46E-29
14.2965,3.36E-29
14.2945,3.27E-29
14.2925,3.17E-29
14.2904,3.08E-29
14.2884,2.99E-29
14.2864,2.89E-29
14.2844,2.80E-29
14.2824,2.71E-29
14.2803,2.61E-29
14.2783,2.52E-29
14.2763,2.43E-29
14.2742,2.34E-29
14.2722,2.25E-29
14.2702,2.16E-29
14.2682,2.06E-29
14.2661,1.98E-29
14.2641,1.89E-29
14.2621,1.80E-29
14.26,1.71E-29
14.258,1.62E-29
14.256,1.53E-29
14.2539,1.45E-29
14.2519,1.36E-29
14.2498,1.28E-29
14.2478,1.19E-29
14.2458,1.11E-29
14.2437,1.03E-29
14.2417,9.45E-30
14.2396,8.64E-30
14.2376,7.83E-30
14.2356,7.04E-30
14.2335,6.25E-30
14.2315,5.48E-30
14.2294,4.71E-30
14.2274,3.95E-30
14.2253,3.20E-30
14.2233,2.47E-30
14.2212,1.74E-30
14.2192,1.03E-30
14.2171,3.21E-31
14.2151,-3.72E-31
14.213,-1.05E-30
14.211,-1.72E-30
14.2089,-2.38E-30
14.2069,-3.03E-30
14.2048,-3.66E-30
14.2027,-4.28E-30
14.2007,-4.89E-30
14.1986,-5.48E-30
14.1966,-6.06E-30
14.1945,-6.62E-30
14.1924,-7.18E-30
14.1904,-7.71E-30
14.1883,-8.23E-30
14.1863,-8.74E-30
14.1842,-9.23E-30
14.1821,-9.71E-30
14.1801,-1.02E-29
14.178,-1.06E-29
14.1759,-1.10E-29
14.1739,-1.15E-29
14.1718,-1.18E-29
14.1697,-1.22E-29
14.1676,-1.26E-29
14.1656,-1.29E-29
14.1635,-1.33E-29
14.1614,-1.36E-29
14.1593,-1.38E-29
14.1573,-1.41E-29
14.1552,-1.44E-29
14.1531,-1.46E-29
14.151,-1.48E-29
14.149,-1.50E-29
14.1469,-1.52E-29
14.1448,-1.53E-29
14.1427,-1.55E-29
14.1406,-1.56E-29
14.1386,-1.57E-29
14.1365,-1.57E-29
14.1344,-1.58E-29
14.1323,-1.58E-29
14.1302,-1.58E-29
14.1281,-1.58E-29
14.126,-1.57E-29
14.124,-1.57E-29
14.1219,-1.56E-29
14.1198,-1.55E-29
14.1177,-1.53E-29
14.1156,-1.52E-29
14.1135,-1.50E-29
14.1114,-1.48E-29
14.1093,-1.45E-29
14.1072,-1.44E-29
14.1051,-1.48E-29
14.103,-1.52E-29
14.1009,-1.55E-29
14.0988,-1.59E-29
14.0967,-1.63E-29
14.0946,-1.66E-29
14.0925,-1.70E-29
14.0904,-1.74E-29
14.0883,-1.77E-29
14.0862,-1.80E-29
14.0841,-1.84E-29
14.082,-1.87E-29
14.0799,-1.90E-29
14.0778,-1.93E-29
14.0757,-1.96E-29
14.0736,-1.99E-29
14.0715,-2.02E-29
14.0694,-2.05E-29
14.0673,-2.08E-29
14.0651,-2.11E-29
14.063,-2.13E-29
14.0609,-2.16E-29
14.0588,-2.18E-29
14.0567,-2.21E-29
14.0546,-2.23E-29
14.0525,-2.25E-29
14.0503,-2.28E-29
14.0482,-2.30E-29
14.0461,-2.32E-29
14.044,-2.34E-29
14.0419,-2.36E-29
14.0397,-2.38E-29
14.0376,-2.40E-29
14.0355,-2.41E-29
14.0334,-2.43E-29
14.0313,-2.45E-29
14.0291,-2.46E-29
14.027,-2.48E-29
14.0249,-2.49E-29
14.0227,-2.51E-29
14.0206,-2.52E-29
14.0185,-2.53E-29
14.0164,-2.54E-29
14.0142,-2.55E-29
14.0121,-2.56E-29
14.01,-2.57E-29
14.0078,-2.58E-29
14.0057,-2.59E-29
14.0036,-2.59E-29
14.0014,-2.60E-29
13.9993,-2.61E-29
13.9971,-2.61E-29
13.995,-2.61E-29
13.9929,-2.62E-29
13.9907,-2.62E-29
13.9886,-2.62E-29
13.9864,-2.62E-29
13.9843,-2.62E-29
13.9822,-2.62E-29
13.98,-2.62E-29
13.9779,-2.62E-29
13.9757,-2.62E-29
13.9736,-2.62E-29
13.9714,-2.61E-29
13.9693,-2.61E-29
13.9671,-2.60E-29
13.965,-2.59E-29
13.9628,-2.59E-29
13.9607,-2.58E-29
13.9585,-2.57E-29
13.9564,-2.56E-29
13.9542,-2.55E-29
13.9521,-2.54E-29
13.9499,-2.53E-29
13.9478,-2.52E-29
13.9456,-2.51E-29
13.9434,-2.49E-29
13.9413,-2.48E-29
13.9391,-2.46E-29
13.937,-2.45E-29
13.9348,-2.43E-29
13.9326,-2.41E-29
13.9305,-2.40E-29
13.9283,-2.38E-29
13.9261,-2.36E-29
13.924,-2.34E-29
13.9218,-2.32E-29
13.9196,-2.29E-29
13.9175,-2.27E-29
13.9153,-2.25E-29
13.9131,-2.23E-29
13.911,-2.20E-29
13.9088,-2.18E-29
13.9066,-2.15E-29
13.9045,-2.12E-29
13.9023,-2.10E-29
13.9001,-2.07E-29
13.8979,-2.04E-29
13.8958,-2.01E-29
13.8936,-1.98E-29
13.8914,-1.95E-29
13.8892,-1.92E-29
13.887,-1.88E-29
13.8849,-1.85E-29
13.8827,-1.82E-29
13.8805,-1.78E-29
13.8783,-1.75E-29
13.8761,-1.71E-29
13.874,-1.67E-29
13.8718,-1.64E-29
13.8696,-1.60E-29
13.8674,-1.56E-29
13.8652,-1.52E-29
13.863,-1.48E-29
13.8608,-1.44E-29
13.8586,-1.40E-29
13.8565,-1.35E-29
13.8543,-1.31E-29
13.8521,-1.27E-29
13.8499,-1.22E-29
13.8477,-1.19E-29
13.8455,-1.15E-29
13.8433,-1.12E-29
13.8411,-1.08E-29
13.8389,-1.05E-29
13.8367,-1.01E-29
13.8345,-9.73E-30
13.8323,-9.36E-30
13.8301,-8.98E-30
13.8279,-8.60E-30
13.8257,-8.22E-30
13.8235,-7.84E-30
13.8213,-7.45E-30
13.8191,-7.06E-30
13.8169,-6.66E-30
13.8147,-6.26E-30
13.8125,-5.86E-30
13.8103,-5.46E-30
13.8081,-5.05E-30
13.8058,-4.64E-30
13.8036,-4.23E-30
13.8014,-3.82E-30
13.7992,-3.40E-30
13.797,-2.98E-30
13.7948,-2.56E-30
13.7926,-2.13E-30
13.7904,-1.70E-30
13.7881,-1.27E-30
13.7859,-8.41E-31
13.7837,-4.07E-31
13.7815,2.98E-32
13.7793,4.68E-31
13.7771,9.09E-31
13.7748,1.35E-30
13.7726,1.80E-30
13.7704,2.24E-30
13.7682,2.69E-30
13.7659,3.14E-30
13.7637,3.59E-30
13.7615,4.04E-30
13.7593,4.50E-30
13.757,4.95E-30
13.7548,5.41E-30
13.7526,5.87E-30
13.7504,6.33E-30
13.7481,6.79E-30
13.7459,7.25E-30
13.7437,7.72E-30
13.7414,8.18E-30
13.7392,8.64E-30
13.737,9.11E-30
13.7347,9.58E-30
13.7325,1.00E-29
13.7303,1.05E-29
13.728,1.10E-29
13.7258,1.15E-29
13.7235,1.19E-29
13.7213,1.24E-29
13.7191,1.29E-29
13.7168,1.33E-29
13.7146,1.38E-29
13.7123,1.43E-29
13.7101,1.47E-29
13.7078,1.52E-29
13.7056,1.57E-29
13.7033,1.62E-29
13.7011,1.66E-29
13.6989,1.71E-29
13.6966,1.76E-29
13.6944,1.80E-29
13.6921,1.85E-29
13.6899,1.90E-29
13.6876,1.94E-29
13.6853,1.99E-29
13.6831,2.04E-29
13.6808,2.08E-29
13.6786,2.13E-29
13.6763,2.18E-29
13.6741,2.22E-29
13.6718,2.27E-29
13.6696,2.32E-29
13.6673,2.36E-29
13.665,2.41E-29
13.6628,2.45E-29
13.6605,2.50E-29
13.6583,2.54E-29
13.656,2.59E-29
13.6537,2.63E-29
13.6515,2.68E-29
13.6492,2.72E-29
13.6469,2.77E-29
13.6447,2.81E-29
13.6424,2.86E-29
13.6401,2.90E-29
13.6379,2.94E-29
13.6356,2.99E-29
13.6333,3.03E-29
13.631,3.07E-29
13.6288,3.12E-29
13.6265,3.16E-29
13.6242,3.20E-29
13.6219,3.24E-29
13.6197,3.29E-29
13.6174,3.33E-29
13.6151,3.37E-29
13.6128,3.41E-29
13.6106,3.45E-29
13.6083,3.49E-29
13.606,3.53E-29
13.6037,3.57E-29
13.6014,3.61E-29
13.5992,3.65E-29
13.5969,3.69E-29
13.5946,3.73E-29
13.5923,3.77E-29
13.59,3.80E-29
13.5877,3.84E-29
13.5854,3.88E-29
13.5831,3.92E-29
13.5809,3.95E-29
13.5786,3.98E-29
13.5763,4.02E-29
13.574,4.05E-29
13.5717,4.08E-29
13.5694,4.11E-29
13.5671,4.14E-29
13.5648,4.17E-29
13.5625,4.20E-29
13.5602,4.23E-29
13.5579,4.26E-29
13.5556,4.28E-29
13.5533,4.31E-29
13.551,4.34E-29
13.5487,4.36E-29
13.5464,4.39E-29
13.5441,4.41E-29
13.5418,4.44E-29
13.5395,4.46E-29
13.5372,4.48E-29
13.5349,4.50E-29
13.5326,4.53E-29
13.5303,4.55E-29
13.528,4.57E-29
13.5257,4.59E-29
13.5234,4.61E-29
13.521,4.62E-29
13.5187,4.64E-29
13.5164,4.66E-29
13.5141,4.67E-29
13.5118,4.69E-29
13.5095,4.70E-29
13.5072,4.72E-29
13.5049,4.73E-29
13.5025,4.74E-29
13.5002,4.76E-29
13.4979,4.77E-29
13.4956,4.78E-29
13.4933,4.79E-29
13.4909,4.80E-29
13.4886,4.80E-29
13.4863,4.81E-29
13.484,4.82E-29
13.4816,4.82E-29
13.4793,4.83E-29
13.477,4.83E-29
13.4747,4.84E-29
13.4723,4.84E-29
13.47,4.84E-29
13.4677,4.84E-29
13.4654,4.84E-29
13.463,4.84E-29
13.4607,4.84E-29
13.4584,4.84E-29
13.456,4.83E-29
13.4537,4.83E-29
13.4514,4.82E-29
13.449,4.82E-29
13.4467,4.81E-29
13.4444,4.80E-29
13.442,4.79E-29
13.4397,4.78E-29
13.4373,4.77E-29
13.435,4.76E-29
13.4327,4.75E-29
13.4303,4.73E-29
13.428,4.72E-29
13.4256,4.70E-29
13.4233,4.68E-29
13.4209,4.67E-29
13.4186,4.65E-29
13.4163,4.63E-29
13.4139,4.61E-29
13.4116,4.59E-29
13.4092,4.56E-29
13.4069,4.54E-29
13.4045,4.51E-29
13.4022,4.49E-29
13.3998,4.46E-29
13.3975,4.43E-29
13.3951,4.41E-29
13.3928,4.38E-29
13.3904,4.34E-29
13.388,4.31E-29
13.3857,4.28E-29
13.3833,4.24E-29
13.381,4.21E-29
13.3786,4.17E-29
13.3763,4.13E-29
13.3739,4.10E-29
13.3715,4.06E-29
13.3692,4.01E-29
13.3668,3.97E-29
13.3644,3.93E-29
13.3621,3.88E-29
13.3597,3.84E-29
13.3573,3.79E-29
13.355,3.74E-29
13.3526,3.69E-29
13.3502,3.64E-29
13.3479,3.59E-29
13.3455,3.54E-29
13.3431,3.48E-29
13.3408,3.43E-29
13.3384,3.37E-29
13.336,3.32E-29
13.3336,3.26E-29
13.3313,3.20E-29
13.3289,3.13E-29
13.3265,3.07E-29
13.3241,3.01E-29
13.3218,2.94E-29
13.3194,2.88E-29
13.317,2.81E-29
13.3146,2.74E-29
13.3122,2.67E-29
13.3099,2.60E-29
13.3075,2.53E-29
13.3051,2.45E-29
13.3027,2.38E-29
13.3003,2.30E-29
13.2979,2.26E-29
13.2956,2.21E-29
13.2932,2.17E-29
13.2908,2.12E-29
13.2884,2.08E-29
13.286,2.03E-29
13.2836,1.99E-29
13.2812,1.94E-29
13.2788,1.90E-29
13.2764,1.85E-29
13.274,1.80E-29
13.2716,1.75E-29
13.2693,1.71E-29
13.2669,1.66E-29
13.2645,1.61E-29
13.2621,1.56E-29
13.2597,1.51E-29
13.2573,1.47E-29
13.2549,1.42E-29
13.2525,1.37E-29
13.2501,1.32E-29
13.2477,1.27E-29
13.2453,1.22E-29
13.2429,1.17E-29
13.2405,1.12E-29
13.238,1.07E-29
13.2356,1.02E-29
13.2332,9.65E-30
13.2308,9.14E-30
13.2284,8.63E-30
13.226,8.12E-30
13.2236,7.60E-30
13.2212,7.08E-30
13.2188,6.56E-30
13.2164,6.04E-30
13.2139,5.52E-30
13.2115,5.00E-30
13.2091,4.48E-30
13.2067,3.95E-30
13.2043,3.43E-30
13.2019,2.90E-30
13.1995,2.37E-30
13.197,1.84E-30
13.1946,1.32E-30
13.1922,7.86E-31
13.1898,2.56E-31
13.1874,-2.75E-31
13.1849,-8.07E-31
13.1825,-1.34E-30
13.1801,-1.87E-30
13.1777,-2.40E-30
13.1752,-2.93E-30
13.1728,-3.47E-30
13.1704,-4.00E-30
13.168,-4.53E-30
13.1655,-5.06E-30
13.1631,-5.60E-30
13.1607,-6.13E-30
13.1582,-6.66E-30
13.1558,-7.19E-30
13.1534,-7.72E-30
13.1509,-8.25E-30
13.1485,-8.78E-30
13.1461,-9.31E-30
13.1436,-9.84E-30
13.1412,-1.04E-29
13.1388,-1.09E-29
13.1363,-1.14E-29
13.1339,-1.19E-29
13.1314,-1.25E-29
13.129,-1.30E-29
13.1266,-1.35E-29
13.1241,-1.40E-29
13.1217,-1.45E-29
13.1192,-1.51E-29
13.1168,-1.56E-29
13.1143,-1.61E-29
13.1119,-1.66E-29
13.1094,-1.71E-29
13.107,-1.76E-29
13.1045,-1.81E-29
13.1021,-1.86E-29
13.0996,-1.91E-29
13.0972,-1.96E-29
13.0947,-2.01E-29
13.0923,-2.06E-29
13.0898,-2.11E-29
13.0874,-2.16E-29
13.0849,-2.21E-29
13.0825,-2.25E-29
13.08,-2.30E-29
13.0776,-2.35E-29
13.0751,-2.40E-29
13.0726,-2.44E-29
13.0702,-2.49E-29
13.0677,-2.54E-29
13.0653,-2.58E-29
13.0628,-2.63E-29
13.0603,-2.67E-29
13.0579,-2.72E-29
13.0554,-2.76E-29
13.0529,-2.81E-29
13.0505,-2.85E-29
13.048,-2.90E-29
13.0456,-2.94E-29
13.0431,-2.98E-29
13.0406,-3.02E-29
13.0381,-3.07E-29
13.0357,-3.11E-29
13.0332,-3.15E-29
13.0307,-3.19E-29
13.0283,-3.23E-29
13.0258,-3.27E-29
13.0233,-3.31E-29
13.0208,-3.35E-29
13.0184,-3.38E-29
13.0159,-3.42E-29
13.0134,-3.46E-29
13.0109,-3.50E-29
13.0085,-3.53E-29
13.006,-3.56E-29
13.0035,-3.60E-29
13.001,-3.63E-29
12.9985,-3.66E-29
12.996,-3.69E-29
12.9936,-3.72E-29
12.9911,-3.75E-29
12.9886,-3.78E-29
12.9861,-3.81E-29
12.9836,-3.83E-29
12.9811,-3.86E-29
12.9786,-3.89E-29
12.9762,-3.91E-29
12.9737,-3.94E-29
12.9712,-3.96E-29
12.9687,-3.98E-29
12.9662,-4.01E-29
12.9637,-4.03E-29
12.9612,-4.05E-29
12.9587,-4.07E-29
12.9562,-4.09E-29
12.9537,-4.11E-29
12.9512,-4.12E-29
12.9487,-4.14E-29
12.9462,-4.16E-29
12.9437,-4.17E-29
12.9412,-4.19E-29
12.9387,-4.20E-29
12.9362,-4.21E-29
12.9337,-4.23E-29
12.9312,-4.24E-29
12.9287,-4.25E-29
12.9262,-4.26E-29
12.9237,-4.27E-29
12.9212,-4.27E-29
12.9187,-4.28E-29
12.9162,-4.29E-29
12.9137,-4.29E-29
12.9112,-4.30E-29
12.9087,-4.30E-29
12.9062,-4.30E-29
12.9036,-4.30E-29
12.9011,-4.30E-29
12.8986,-4.30E-29
12.8961,-4.30E-29
12.8936,-4.30E-29
12.8911,-4.30E-29
12.8886,-4.29E-29
12.886,-4.29E-29
12.8835,-4.28E-29
12.881,-4.27E-29
12.8785,-4.27E-29
12.876,-4.26E-29
12.8734,-4.25E-29
12.8709,-4.24E-29
12.8684,-4.22E-29
12.8659,-4.21E-29
12.8634,-4.20E-29
12.8608,-4.18E-29
12.8583,-4.16E-29
12.8558,-4.15E-29
12.8533,-4.13E-29
12.8507,-4.11E-29
12.8482,-4.09E-29
12.8457,-4.06E-29
12.8431,-4.04E-29
12.8406,-4.02E-29
12.8381,-3.99E-29
12.8355,-3.96E-29
12.833,-3.94E-29
12.8305,-3.91E-29
12.8279,-3.88E-29
12.8254,-3.85E-29
12.8229,-3.81E-29
12.8203,-3.78E-29
12.8178,-3.74E-29
12.8153,-3.71E-29
12.8127,-3.67E-29
12.8102,-3.63E-29
12.8076,-3.59E-29
12.8051,-3.55E-29
12.8026,-3.51E-29
12.8,-3.47E-29
12.7975,-3.42E-29
12.7949,-3.38E-29
12.7924,-3.33E-29
12.7898,-3.28E-29
12.7873,-3.23E-29
12.7847,-3.18E-29
12.7822,-3.13E-29
12.7796,-3.07E-29
12.7771,-3.02E-29
12.7745,-2.96E-29
12.772,-2.91E-29
12.7694,-2.85E-29
12.7669,-2.79E-29
12.7643,-2.73E-29
12.7618,-2.66E-29
12.7592,-2.60E-29
12.7567,-2.53E-29
12.7541,-2.47E-29
12.7515,-2.40E-29
12.749,-2.33E-29
12.7464,-2.26E-29
12.7439,-2.19E-29
12.7413,-2.11E-29
12.7387,-2.04E-29
12.7362,-1.96E-29
12.7336,-1.88E-29
12.7311,-1.80E-29
12.7285,-1.72E-29
12.7259,-1.64E-29
12.7234,-1.56E-29
12.7208,-1.47E-29
12.7182,-1.38E-29
12.7157,-1.30E-29
12.7131,-1.21E-29
12.7105,-1.12E-29
12.708,-1.02E-29
12.7054,-9.31E-30
12.7028,-8.82E-30
12.7002,-8.33E-30
12.6977,-7.84E-30
12.6951,-7.35E-30
12.6925,-6.86E-30
12.6899,-6.36E-30
12.6874,-5.87E-30
12.6848,-5.37E-30
12.6822,-4.88E-30
12.6796,-4.38E-30
12.677,-3.88E-30
12.6745,-3.38E-30
12.6719,-2.88E-30
12.6693,-2.38E-30
12.6667,-1.88E-30
12.6641,-1.38E-30
12.6616,-8.82E-31
12.659,-3.82E-31
12.6564,1.19E-31
12.6538,6.19E-31
12.6512,1.12E-30
12.6486,1.62E-30
12.646,2.12E-30
12.6434,2.61E-30
12.6408,3.11E-30
12.6383,3.61E-30
12.6357,4.11E-30
12.6331,4.60E-30
12.6305,5.09E-30
12.6279,5.59E-30
12.6253,6.08E-30
12.6227,6.57E-30
12.6201,7.06E-30
12.6175,7.54E-30
12.6149,8.03E-30
12.6123,8.51E-30
12.6097,8.99E-30
12.6071,9.47E-30
12.6045,9.95E-30
12.6019,1.04E-29
12.5993,1.09E-29
12.5967,1.14E-29
12.5941,1.18E-29
12.5915,1.23E-29
12.5889,1.28E-29
12.5863,1.32E-29
12.5837,1.37E-29
12.5811,1.41E-29
12.5784,1.46E-29
12.5758,1.50E-29
12.5732,1.55E-29
12.5706,1.59E-29
12.568,1.64E-29
12.5654,1.68E-29
12.5628,1.72E-29
12.5602,1.76E-29
12.5575,1.81E-29
12.5549,1.85E-29
12.5523,1.89E-29
12.5497,1.93E-29
12.5471,1.97E-29
12.5445,2.01E-29
12.5418,2.05E-29
12.5392,2.09E-29
12.5366,2.13E-29
12.534,2.17E-29
12.5314,2.20E-29
12.5287,2.24E-29
12.5261,2.28E-29
12.5235,2.31E-29
12.5209,2.35E-29
12.5182,2.38E-29
12.5156,2.42E-29
12.513,2.45E-29
12.5103,2.49E-29
12.5077,2.52E-29
12.5051,2.55E-29
12.5025,2.58E-29
12.4998,2.61E-29
12.4972,2.64E-29
12.4946,2.67E-29
12.4919,2.70E-29
12.4893,2.73E-29
12.4867,2.76E-29
12.484,2.78E-29
12.4814,2.81E-29
12.4787,2.83E-29
12.4761,2.86E-29
12.4735,2.88E-29
12.4708,2.90E-29
12.4682,2.93E-29
12.4655,2.95E-29
12.4629,2.97E-29
12.4603,2.99E-29
12.4576,3.01E-29
12.455,3.03E-29
12.4523,3.04E-29
12.4497,3.06E-29
12.447,3.08E-29
12.4444,3.09E-29
12.4417,3.10E-29
12.4391,3.12E-29
12.4364,3.13E-29
12.4338,3.14E-29
12.4311,3.15E-29
12.4285,3.16E-29
12.4258,3.17E-29
12.4232,3.18E-29
12.4205,3.18E-29
12.4179,3.19E-29
12.4152,3.19E-29
12.4126,3.20E-29
12.4099,3.20E-29
12.4072,3.20E-29
12.4046,3.20E-29
12.4019,3.20E-29
12.3993,3.20E-29
12.3966,3.20E-29
12.3939,3.19E-29
12.3913,3.19E-29
12.3886,3.21E-29
12.3859,3.22E-29
12.3833,3.24E-29
12.3806,3.26E-29
12.3779,3.27E-29
12.3753,3.29E-29
12.3726,3.30E-29
12.3699,3.32E-29
12.3673,3.33E-29
12.3646,3.34E-29
12.3619,3.36E-29
12.3593,3.37E-29
12.3566,3.38E-29
12.3539,3.39E-29
12.3512,3.40E-29
12.3486,3.41E-29
12.3459,3.42E-29
12.3432,3.43E-29
12.3405,3.44E-29
12.3379,3.45E-29
12.3352,3.46E-29
12.3325,3.47E-29
12.3298,3.47E-29
12.3271,3.48E-29
12.3245,3.49E-29
12.3218,3.49E-29
12.3191,3.50E-29
12.3164,3.50E-29
12.3137,3.50E-29
12.311,3.51E-29
12.3084,3.51E-29
12.3057,3.51E-29
12.303,3.51E-29
12.3003,3.52E-29
12.2976,3.52E-29
12.2949,3.52E-29
12.2922,3.52E-29
12.2895,3.52E-29
12.2868,3.51E-29
12.2841,3.51E-29
12.2815,3.51E-29
12.2788,3.51E-29
12.2761,3.50E-29
12.2734,3.50E-29
12.2707,3.49E-29
12.268,3.49E-29
12.2653,3.48E-29
12.2626,3.48E-29
12.2599,3.47E-29
12.2572,3.46E-29
12.2545,3.45E-29
12.2518,3.44E-29
12.2491,3.43E-29
12.2464,3.42E-29
12.2437,3.41E-29
12.241,3.40E-29
12.2382,3.39E-29
12.2355,3.38E-29
12.2328,3.36E-29
12.2301,3.35E-29
12.2274,3.34E-29
12.2247,3.32E-29
12.222,3.30E-29
12.2193,3.29E-29
12.2166,3.27E-29
12.2139,3.25E-29
12.2111,3.24E-29
12.2084,3.22E-29
12.2057,3.20E-29
12.203,3.18E-29
12.2003,3.16E-29
12.1976,3.13E-29
12.1949,3.11E-29
12.1921,3.09E-29
12.1894,3.07E-29
12.1867,3.04E-29
12.184,3.02E-29
12.1813,2.99E-29
12.1785,2.97E-29
12.1758,2.94E-29
12.1731,2.91E-29
12.1704,2.88E-29
12.1676,2.86E-29
12.1649,2.83E-29
12.1622,2.80E-29
12.1595,2.77E-29
12.1567,2.73E-29
12.154,2.70E-29
12.1513,2.67E-29
12.1485,2.64E-29
12.1458,2.60E-29
12.1431,2.57E-29
12.1403,2.53E-29
12.1376,2.50E-29
12.1349,2.46E-29
12.1321,2.42E-29
12.1294,2.38E-29
12.1267,2.34E-29
12.1239,2.30E-29
12.1212,2.26E-29
12.1185,2.22E-29
12.1157,2.18E-29
12.113,2.14E-29
12.1102,2.10E-29
12.1075,2.05E-29
12.1047,2.01E-29
12.102,1.96E-29
12.0993,1.92E-29
12.0965,1.87E-29
12.0938,1.82E-29
12.091,1.77E-29
12.0883,1.72E-29
12.0855,1.67E-29
12.0828,1.62E-29
12.08,1.57E-29
12.0773,1.52E-29
12.0745,1.47E-29
12.0718,1.42E-29
12.069,1.36E-29
12.0663,1.31E-29
12.0635,1.27E-29
12.0608,1.24E-29
12.058,1.20E-29
12.0553,1.16E-29
12.0525,1.13E-29
12.0497,1.09E-29
12.047,1.06E-29
12.0442,1.02E-29
12.0415,9.83E-30
12.0387,9.46E-30
12.0359,9.09E-30
12.0332,8.72E-30
12.0304,8.36E-30
12.0276,7.99E-30
12.0249,7.62E-30
12.0221,7.24E-30
12.0194,6.87E-30
12.0166,6.50E-30
12.0138,6.13E-30
12.0111,5.76E-30
12.0083,5.38E-30
12.0055,5.01E-30
12.0027,4.64E-30
12,4.26E-30
11.9972,3.89E-30
11.9944,3.52E-30
11.9917,3.14E-30
11.9889,2.77E-30
11.9861,2.40E-30
11.9833,2.03E-30
11.9806,1.65E-30
11.9778,1.28E-30
11.975,9.12E-31
11.9722,5.42E-31
11.9694,1.72E-31
11.9667,-1.97E-31
11.9639,-5.64E-31
11.9611,-9.31E-31
11.9583,-1.30E-30
11.9555,-1.66E-30
11.9528,-2.03E-30
11.95,-2.39E-30
11.9472,-2.75E-30
11.9444,-3.11E-30
11.9416,-3.47E-30
11.9388,-3.82E-30
11.936,-4.18E-30
11.9332,-4.53E-30
11.9305,-4.89E-30
11.9277,-5.24E-30
11.9249,-5.58E-30
11.9221,-5.93E-30
11.9193,-6.27E-30
11.9165,-6.62E-30
11.9137,-6.96E-30
11.9109,-7.29E-30
11.9081,-7.63E-30
11.9053,-7.96E-30
11.9025,-8.29E-30
11.8997,-8.62E-30
11.8969,-8.94E-30
11.8941,-9.26E-30
11.8913,-9.58E-30
11.8885,-9.90E-30
11.8857,-1.02E-29
11.8829,-1.05E-29
11.8801,-1.08E-29
11.8773,-1.11E-29
11.8745,-1.14E-29
11.8717,-1.17E-29
11.8689,-1.20E-29
11.8661,-1.23E-29
11.8633,-1.26E-29
11.8605,-1.29E-29
11.8577,-1.32E-29
11.8549,-1.34E-29
11.852,-1.37E-29
11.8492,-1.40E-29
11.8464,-1.42E-29
11.8436,-1.45E-29
11.8408,-1.47E-29
11.838,-1.50E-29
11.8352,-1.52E-29
11.8324,-1.55E-29
11.8295,-1.57E-29
11.8267,-1.59E-29
11.8239,-1.62E-29
11.8211,-1.64E-29
11.8183,-1.66E-29
11.8154,-1.68E-29
11.8126,-1.70E-29
11.8098,-1.72E-29
11.807,-1.74E-29
11.8042,-1.76E-29
11.8013,-1.78E-29
11.7985,-1.80E-29
11.7957,-1.82E-29
11.7929,-1.83E-29
11.79,-1.85E-29
11.7872,-1.86E-29
11.7844,-1.88E-29
11.7815,-1.89E-29
11.7787,-1.91E-29
11.7759,-1.92E-29
11.7731,-1.93E-29
11.7702,-1.95E-29
11.7674,-1.96E-29
11.7646,-1.97E-29
11.7617,-1.98E-29
11.7589,-1.99E-29
11.7561,-2.00E-29
11.7532,-2.01E-29
11.7504,-2.01E-29
11.7475,-2.02E-29
11.7447,-2.03E-29
11.7419,-2.03E-29
11.739,-2.04E-29
11.7362,-2.04E-29
11.7333,-2.04E-29
11.7305,-2.05E-29
11.7277,-2.06E-29
11.7248,-2.07E-29
11.722,-2.09E-29
11.7191,-2.10E-29
11.7163,-2.11E-29
11.7134,-2.12E-29
11.7106,-2.13E-29
11.7077,-2.15E-29
11.7049,-2.16E-29
11.702,-2.17E-29
11.6992,-2.18E-29
11.6963,-2.19E-29
11.6935,-2.20E-29
11.6906,-2.20E-29
11.6878,-2.21E-29
11.6849,-2.22E-29
11.6821,-2.23E-29
11.6792,-2.24E-29
11.6764,-2.24E-29
11.6735,-2.25E-29
11.6706,-2.25E-29
11.6678,-2.26E-29
11.6649,-2.26E-29
11.6621,-2.27E-29
11.6592,-2.27E-29
11.6563,-2.28E-29
11.6535,-2.28E-29
11.6506,-2.28E-29
11.6478,-2.29E-29
11.6449,-2.29E-29
11.642,-2.29E-29
11.6392,-2.29E-29
11.6363,-2.29E-29
11.6334,-2.29E-29
11.6306,-2.29E-29
11.6277,-2.29E-29
11.6248,-2.29E-29
11.622,-2.29E-29
11.6191,-2.28E-29
11.6162,-2.28E-29
11.6133,-2.28E-29
11.6105,-2.28E-29
11.6076,-2.27E-29
11.6047,-2.27E-29
11.6018,-2.26E-29
11.599,-2.26E-29
11.5961,-2.25E-29
11.5932,-2.25E-29
11.5903,-2.24E-29
11.5875,-2.23E-29
11.5846,-2.22E-29
11.5817,-2.22E-29
11.5788,-2.21E-29
11.5759,-2.20E-29
11.573,-2.19E-29
11.5702,-2.18E-29
11.5673,-2.17E-29
11.5644,-2.16E-29
11.5615,-2.15E-29
11.5586,-2.14E-29
11.5557,-2.12E-29
11.5528,-2.11E-29
11.55,-2.10E-29
11.5471,-2.08E-29
11.5442,-2.07E-29
11.5413,-2.06E-29
11.5384,-2.04E-29
11.5355,-2.03E-29
11.5326,-2.01E-29
11.5297,-1.99E-29
11.5268,-1.98E-29
11.5239,-1.96E-29
11.521,-1.94E-29
11.5181,-1.92E-29
11.5152,-1.90E-29
11.5123,-1.89E-29
11.5094,-1.87E-29
11.5065,-1.85E-29
11.5036,-1.83E-29
11.5007,-1.80E-29
11.4978,-1.78E-29
11.4949,-1.76E-29
11.492,-1.74E-29
11.4891,-1.72E-29
11.4862,-1.69E-29
11.4833,-1.67E-29
11.4804,-1.64E-29
11.4775,-1.62E-29
11.4746,-1.60E-29
11.4717,-1.57E-29
11.4688,-1.54E-29
11.4659,-1.52E-29
11.463,-1.49E-29
11.46,-1.46E-29
11.4571,-1.43E-29
11.4542,-1.41E-29
11.4513,-1.38E-29
11.4484,-1.35E-29
11.4455,-1.32E-29
11.4426,-1.29E-29
11.4396,-1.26E-29
11.4367,-1.23E-29
11.4338,-1.19E-29
11.4309,-1.16E-29
11.428,-1.13E-29
11.4251,-1.10E-29
11.4221,-1.06E-29
11.4192,-1.03E-29
11.4163,-9.93E-30
11.4134,-9.57E-30
11.4104,-9.22E-30
11.4075,-8.86E-30
11.4046,-8.49E-30
11.4017,-8.12E-30
11.3987,-7.74E-30
11.3958,-7.36E-30
11.3929,-6.97E-30
11.39,-6.58E-30
11.387,-6.18E-30
11.3841,-5.78E-30
11.3812,-5.55E-30
11.3782,-5.33E-30
11.3753,-5.11E-30
11.3724,-4.89E-30
11.3694,-4.68E-30
11.3665,-4.46E-30
11.3636,-4.25E-30
11.3606,-4.03E-30
11.3577,-3.82E-30
11.3547,-3.60E-30
11.3518,-3.39E-30
11.3489,-3.18E-30
11.3459,-2.97E-30
11.343,-2.76E-30
11.34,-2.55E-30
11.3371,-2.35E-30
11.3342,-2.14E-30
11.3312,-1.94E-30
11.3283,-1.73E-30
11.3253,-1.53E-30
11.3224,-1.33E-30
11.3194,-1.13E-30
11.3165,-9.36E-31
11.3135,-7.41E-31
11.3106,-5.47E-31
11.3076,-3.55E-31
11.3047,-1.64E-31
11.3017,2.44E-32
11.2988,2.11E-31
11.2958,3.96E-31
11.2929,5.79E-31
11.2899,7.60E-31
11.287,9.39E-31
11.284,1.12E-30
11.2811,1.29E-30
11.2781,1.46E-30
11.2752,1.63E-30
11.2722,1.80E-30
11.2692,1.97E-30
11.2663,2.13E-30
11.2633,2.29E-30
11.2604,2.45E-30
11.2574,2.60E-30
11.2544,2.76E-30
11.2515,2.91E-30
11.2485,3.05E-30
11.2455,3.20E-30
11.2426,3.34E-30
11.2396,3.48E-30
11.2366,3.62E-30
11.2337,3.75E-30
11.2307,3.88E-30
11.2277,4.01E-30
11.2248,4.13E-30
11.2218,4.25E-30
11.2188,4.37E-30
11.2159,4.48E-30
11.2129,4.59E-30
11.2099,4.70E-30
11.2069,4.81E-30
11.204,4.91E-30
11.201,5.00E-30
11.198,5.10E-30
11.195,5.19E-30
11.1921,5.27E-30
11.1891,5.36E-30
11.1861,5.43E-30
11.1831,5.51E-30
11.1801,5.58E-30
11.1772,5.65E-30
11.1742,5.71E-30
11.1712,5.77E-30
11.1682,5.82E-30
11.1652,5.88E-30
11.1622,5.92E-30
11.1592,5.97E-30
11.1563,6.00E-30
11.1533,6.04E-30
11.1503,6.07E-30
11.1473,6.09E-30
11.1443,6.11E-30
11.1413,6.13E-30
11.1383,6.14E-30
11.1353,6.15E-30
11.1323,6.15E-30
11.1293,6.15E-30
11.1264,6.14E-30
11.1234,6.13E-30
11.1204,6.11E-30
11.1174,6.09E-30
11.1144,6.06E-30
11.1114,6.03E-30
11.1084,5.99E-30
11.1054,5.95E-30
11.1024,5.90E-30
11.0994,5.85E-30
11.0964,5.79E-30
11.0934,5.73E-30
11.0904,5.66E-30
11.0874,5.58E-30
11.0844,5.50E-30
11.0814,5.42E-30
11.0784,5.33E-30
11.0753,5.23E-30
11.0723,5.13E-30
11.0693,5.02E-30
11.0663,4.90E-30
11.0633,4.78E-30
11.0603,4.66E-30
11.0573,4.53E-30
11.0543,4.39E-30
11.0513,4.24E-30
11.0483,4.09E-30
11.0452,3.94E-30
11.0422,3.77E-30
11.0392,3.60E-30
11.0362,3.43E-30
11.0332,3.24E-30
11.0302,3.05E-30
11.0272,2.86E-30
11.0241,2.84E-30
11.0211,2.84E-30
11.0181,2.83E-30
11.0151,2.83E-30
11.0121,2.82E-30
11.009,2.81E-30
11.006,2.80E-30
11.003,2.79E-30
11,2.78E-30
10.9969,2.77E-30
10.9939,2.76E-30
10.9909,2.75E-30
10.9879,2.73E-30
10.9848,2.72E-30
10.9818,2.70E-30
10.9788,2.68E-30
10.9757,2.67E-30
10.9727,2.65E-30
10.9697,2.63E-30
10.9666,2.61E-30
10.9636,2.59E-30
10.9606,2.57E-30
10.9575,2.55E-30
10.9545,2.52E-30
10.9515,2.50E-30
10.9484,2.48E-30
10.9454,2.45E-30
10.9424,2.43E-30
10.9393,2.40E-30
10.9363,2.37E-30
10.9332,2.34E-30
10.9302,2.32E-30
10.9272,2.29E-30
10.9241,2.26E-30
10.9211,2.23E-30
10.918,2.20E-30
10.915,2.17E-30
10.9119,2.14E-30
10.9089,2.10E-30
10.9058,2.07E-30
10.9028,2.04E-30
10.8998,2.00E-30
10.8967,1.97E-30
10.8937,1.94E-30
10.8906,1.90E-30
10.8876,1.87E-30
10.8845,1.83E-30
10.8814,1.79E-30
10.8784,1.76E-30
10.8753,1.72E-30
10.8723,1.68E-30
10.8692,1.65E-30
10.8662,1.61E-30
10.8631,1.57E-30
10.8601,1.53E-30
10.857,1.50E-30
10.8539,1.46E-30
10.8509,1.42E-30
10.8478,1.38E-30
10.8448,1.34E-30
10.8417,1.30E-30
10.8386,1.26E-30
10.8356,1.22E-30
10.8325,1.18E-30
10.8294,1.14E-30
10.8264,1.10E-30
10.8233,1.06E-30
10.8202,1.02E-30
10.8172,9.82E-31
10.8141,9.42E-31
10.811,9.03E-31
10.808,8.63E-31
10.8049,8.23E-31
10.8018,7.84E-31
10.7988,7.44E-31
10.7957,7.05E-31
10.7926,6.66E-31
10.7895,6.27E-31
10.7865,5.88E-31
10.7834,5.50E-31
10.7803,5.11E-31
10.7772,4.73E-31
10.7742,4.36E-31
10.7711,3.98E-31
10.768,3.61E-31
10.7649,3.25E-31
10.7618,2.88E-31
10.7588,2.52E-31
10.7557,2.17E-31
10.7526,1.82E-31
10.7495,1.47E-31
10.7464,1.13E-31
10.7433,7.98E-32
10.7403,4.69E-32
10.7372,1.45E-32
10.7341,-1.74E-32
10.731,-4.86E-32
10.7279,-7.91E-32
10.7248,-1.09E-31
10.7217,-1.38E-31
10.7186,-1.67E-31
10.7155,-1.94E-31
10.7125,-2.21E-31
10.7094,-2.48E-31
10.7063,-2.73E-31
10.7032,-2.98E-31
10.7001,-3.21E-31
10.697,-3.44E-31
10.6939,-3.66E-31
10.6908,-3.87E-31
10.6877,-4.07E-31
10.6846,-4.26E-31
10.6815,-4.44E-31
10.6784,-4.61E-31
10.6753,-4.77E-31
10.6722,-4.92E-31
10.6691,-5.05E-31
10.666,-5.18E-31
10.6629,-5.29E-31
10.6598,-5.39E-31
10.6567,-5.80E-31
10.6536,-6.24E-31
10.6505,-6.68E-31
10.6474,-7.12E-31
10.6442,-7.55E-31
10.6411,-7.98E-31
10.638,-8.41E-31
10.6349,-8.84E-31
10.6318,-9.27E-31
10.6287,-9.69E-31
10.6256,-1.01E-30
10.6225,-1.05E-30
10.6194,-1.09E-30
10.6162,-1.14E-30
10.6131,-1.18E-30
10.61,-1.22E-30
10.6069,-1.26E-30
10.6038,-1.30E-30
10.6007,-1.34E-30
10.5975,-1.38E-30
10.5944,-1.41E-30
10.5913,-1.45E-30
10.5882,-1.49E-30
10.5851,-1.53E-30
10.5819,-1.56E-30
10.5788,-1.60E-30
10.5757,-1.64E-30
10.5726,-1.67E-30
10.5694,-1.71E-30
10.5663,-1.74E-30
10.5632,-1.78E-30
10.5601,-1.81E-30
10.5569,-1.84E-30
10.5538,-1.87E-30
10.5507,-1.91E-30
10.5475,-1.94E-30
10.5444,-1.97E-30
10.5413,-2.00E-30
10.5381,-2.03E-30
10.535,-2.05E-30
10.5319,-2.08E-30
10.5287,-2.11E-30
10.5256,-2.14E-30
10.5225,-2.16E-30
10.5193,-2.19E-30
10.5162,-2.21E-30
10.5131,-2.23E-30
10.5099,-2.26E-30
10.5068,-2.28E-30
10.5036,-2.30E-30
10.5005,-2.32E-30
10.4974,-2.34E-30
10.4942,-2.36E-30
10.4911,-2.37E-30
10.4879,-2.39E-30
10.4848,-2.41E-30
10.4816,-2.42E-30
10.4785,-2.44E-30
10.4753,-2.45E-30
10.4722,-2.46E-30
10.469,-2.47E-30
10.4659,-2.48E-30
10.4628,-2.49E-30
10.4596,-2.50E-30
10.4564,-2.51E-30
10.4533,-2.51E-30
10.4501,-2.52E-30
10.447,-2.52E-30
10.4438,-2.52E-30
10.4407,-2.52E-30
10.4375,-2.52E-30
10.4344,-2.52E-30
10.4312,-2.52E-30
10.4281,-2.52E-30
10.4249,-2.51E-30
10.4217,-2.51E-30
10.4186,-2.50E-30
10.4154,-2.49E-30
10.4123,-2.49E-30
10.4091,-2.48E-30
10.4059,-2.46E-30
10.4028,-2.45E-30
10.3996,-2.44E-30
10.3964,-2.42E-30
10.3933,-2.40E-30
10.3901,-2.38E-30
10.3869,-2.37E-30
10.3838,-2.34E-30
10.3806,-2.32E-30
10.3774,-2.30E-30
10.3743,-2.27E-30
10.3711,-2.25E-30
10.3679,-2.22E-30
10.3648,-2.19E-30
10.3616,-2.16E-30
10.3584,-2.12E-30
10.3552,-2.09E-30
10.3521,-2.05E-30
10.3489,-2.02E-30
10.3457,-1.98E-30
10.3425,-1.94E-30
10.3394,-1.90E-30
10.3362,-1.85E-30
10.333,-1.81E-30
10.3298,-1.76E-30
10.3266,-1.71E-30
10.3235,-1.66E-30
10.3203,-1.61E-30
10.3171,-1.56E-30
10.3139,-1.50E-30
10.3107,-1.45E-30
10.3075,-1.39E-30
10.3044,-1.33E-30
10.3012,-1.27E-30
10.298,-1.21E-30
10.2948,-1.14E-30
10.2916,-1.07E-30
10.2884,-1.01E-30
10.2852,-9.36E-31
10.282,-8.64E-31
10.2788,-8.38E-31
10.2757,-8.18E-31
10.2725,-7.98E-31
10.2693,-7.77E-31
10.2661,-7.57E-31
10.2629,-7.36E-31
10.2597,-7.15E-31
10.2565,-6.94E-31
10.2533,-6.72E-31
10.2501,-6.51E-31
10.2469,-6.29E-31
10.2437,-6.07E-31
10.2405,-5.86E-31
10.2373,-5.64E-31
10.2341,-5.41E-31
10.2309,-5.19E-31
10.2277,-4.97E-31
10.2245,-4.74E-31
10.2213,-4.52E-31
10.2181,-4.29E-31
10.2149,-4.07E-31
10.2117,-3.84E-31
10.2085,-3.61E-31
10.2052,-3.38E-31
10.202,-3.16E-31
10.1988,-2.93E-31
10.1956,-2.70E-31
10.1924,-2.47E-31
10.1892,-2.24E-31
10.186,-2.01E-31
10.1828,-1.79E-31
10.1796,-1.56E-31
10.1763,-1.33E-31
10.1731,-1.10E-31
10.1699,-8.76E-32
10.1667,-6.50E-32
10.1635,-4.25E-32
10.1603,-2.00E-32
10.157,2.30E-33
10.1538,2.45E-32
10.1506,4.67E-32
10.1474,6.87E-32
10.1442,9.05E-32
10.1409,1.12E-31
10.1377,1.34E-31
10.1345,1.55E-31
10.1313,1.76E-31
10.1281,1.98E-31
10.1248,2.18E-31
10.1216,2.39E-31
10.1184,2.60E-31
10.1151,2.80E-31
10.1119,3.00E-31
10.1087,3.20E-31
10.1055,3.39E-31
10.1022,3.59E-31
10.099,3.78E-31
10.0958,3.96E-31
10.0925,4.15E-31
10.0893,4.33E-31
10.0861,4.51E-31
10.0828,4.68E-31
10.0796,4.86E-31
10.0764,5.03E-31
10.0731,5.19E-31
10.0699,5.35E-31
10.0666,5.51E-31
10.0634,5.67E-31
10.0602,5.82E-31
10.0569,5.96E-31
10.0537,6.11E-31
10.0504,6.25E-31
10.0472,6.38E-31
10.044,6.51E-31
10.0407,6.64E-31
10.0375,6.76E-31
10.0342,6.88E-31
10.031,6.99E-31
10.0277,7.10E-31
10.0245,7.20E-31
10.0212,7.30E-31
10.018,7.39E-31
10.0147,7.48E-31
10.0115,7.56E-31
10.0082,7.64E-31
10.005,7.71E-31
10.0017,7.78E-31
9.99847,7.84E-31
9.99522,7.89E-31
9.99196,7.94E-31
9.98871,7.98E-31
9.98545,8.02E-31
9.9822,8.05E-31
9.97894,8.08E-31
9.97568,8.10E-31
9.97242,8.11E-31
9.96916,8.11E-31
9.9659,8.11E-31
9.96264,8.11E-31
9.95938,8.09E-31
9.95611,8.07E-31
9.95285,8.04E-31
9.94959,8.01E-31
9.94632,7.97E-31
9.94306,7.92E-31
9.93979,7.86E-31
9.93652,7.80E-31
9.93326,7.72E-31
9.92999,7.64E-31
9.92672,7.56E-31
9.92345,7.46E-31
9.92018,7.36E-31
9.91691,7.25E-31
9.91364,7.13E-31
9.91036,7.01E-31
9.90709,6.87E-31
9.90382,6.73E-31
9.90054,6.58E-31
9.89727,6.41E-31
9.89399,6.25E-31
9.89071,6.28E-31
9.88743,6.36E-31
9.88416,6.43E-31
9.88088,6.50E-31
9.8776,6.56E-31
9.87432,6.63E-31
9.87104,6.69E-31
9.86775,6.76E-31
9.86447,6.82E-31
9.86119,6.87E-31
9.8579,6.93E-31
9.85462,6.99E-31
9.85133,7.04E-31
9.84805,7.09E-31
9.84476,7.14E-31
9.84147,7.19E-31
9.83818,7.23E-31
9.8349,7.27E-31
9.83161,7.31E-31
9.82832,7.35E-31
9.82502,7.39E-31
9.82173,7.43E-31
9.81844,7.46E-31
9.81515,7.49E-31
9.81185,7.52E-31
9.80856,7.55E-31
9.80526,7.57E-31
9.80197,7.60E-31
9.79867,7.62E-31
9.79537,7.64E-31
9.79207,7.65E-31
9.78877,7.67E-31
9.78547,7.68E-31
9.78217,7.69E-31
9.77887,7.70E-31
9.77557,7.71E-31
9.77227,7.71E-31
9.76897,7.71E-31
9.76566,7.71E-31
9.76236,7.71E-31
9.75905,7.71E-31
9.75575,7.70E-31
9.75244,7.69E-31
9.74913,7.68E-31
9.74582,7.67E-31
9.74251,7.65E-31
9.7392,7.64E-31
9.73589,7.62E-31
9.73258,7.60E-31
9.72927,7.57E-31
9.72596,7.55E-31
9.72264,7.52E-31
9.71933,7.49E-31
9.71602,7.46E-31
9.7127,7.42E-31
9.70938,7.39E-31
9.70607,7.35E-31
9.70275,7.31E-31
9.69943,7.27E-31
9.69611,7.22E-31
9.69279,7.17E-31
9.68947,7.12E-31
9.68615,7.07E-31
9.68283,7.02E-31
9.67951,6.96E-31
9.67618,6.91E-31
9.67286,6.85E-31
9.66954,6.78E-31
9.66621,6.72E-31
9.66288,6.65E-31
9.65956,6.58E-31
9.65623,6.51E-31
9.6529,6.44E-31
9.64957,6.36E-31
9.64624,6.29E-31
9.64291,6.21E-31
9.63958,6.12E-31
9.63625,6.04E-31
9.63292,5.95E-31
9.62958,5.87E-31
9.62625,5.77E-31
9.62292,5.68E-31
9.61958,5.59E-31
9.61624,5.49E-31
9.61291,5.39E-31
9.60957,5.29E-31
9.60623,5.19E-31
9.60289,5.08E-31
9.59955,4.97E-31
9.59621,4.86E-31
9.59287,4.75E-31
9.58953,4.63E-31
9.58619,4.52E-31
9.58284,4.40E-31
9.5795,4.28E-31
9.57616,4.15E-31
9.57281,4.03E-31
9.56946,3.90E-31
9.56612,3.77E-31
9.56277,3.64E-31
9.55942,3.50E-31
9.55607,3.37E-31
9.55272,3.23E-31
9.54937,3.09E-31
9.54602,2.95E-31
9.54267,2.80E-31
9.53932,2.65E-31
9.53596,2.50E-31
9.53261,2.35E-31
9.52926,2.19E-31
9.5259,2.04E-31
9.52255,1.88E-31
9.51919,1.72E-31
9.51583,1.55E-31
9.51247,1.39E-31
9.50911,1.22E-31
9.50575,1.05E-31
9.50239,8.73E-32
9.49903,6.98E-32
9.49567,5.19E-32
9.49231,4.10E-32
9.48895,3.15E-32
9.48558,2.20E-32
9.48222,1.25E-32
9.47885,3.08E-33
9.47549,-6.34E-33
9.47212,-1.57E-32
9.46875,-2.51E-32
9.46538,-3.44E-32
9.46202,-4.37E-32
9.45865,-5.30E-32
9.45528,-6.22E-32
9.4519,-7.14E-32
9.44853,-8.05E-32
9.44516,-8.96E-32
9.44179,-9.86E-32
9.43841,-1.08E-31
9.43504,-1.17E-31
9.43166,-1.25E-31
9.42829,-1.34E-31
9.42491,-1.43E-31
9.42153,-1.52E-31
9.41816,-1.60E-31
9.41478,-1.69E-31
9.4114,-1.77E-31
9.40802,-1.86E-31
9.40464,-1.94E-31
9.40125,-2.02E-31
9.39787,-2.10E-31
9.39449,-2.18E-31
9.39111,-2.26E-31
9.38772,-2.34E-31
9.38434,-2.42E-31
9.38095,-2.50E-31
9.37756,-2.57E-31
9.37418,-2.65E-31
9.37079,-2.72E-31
9.3674,-2.79E-31
9.36401,-2.87E-31
9.36062,-2.94E-31
9.35723,-3.01E-31
9.35384,-3.08E-31
9.35044,-3.14E-31
9.34705,-3.21E-31
9.34366,-3.27E-31
9.34026,-3.34E-31
9.33687,-3.40E-31
9.33347,-3.46E-31
9.33008,-3.52E-31
9.32668,-3.58E-31
9.32328,-3.63E-31
9.31988,-3.69E-31
9.31648,-3.74E-31
9.31308,-3.79E-31
9.30968,-3.85E-31
9.30628,-3.89E-31
9.30288,-3.94E-31
9.29947,-3.99E-31
9.29607,-4.03E-31
9.29267,-4.08E-31
9.28926,-4.12E-31
9.28585,-4.16E-31
9.28245,-4.19E-31
9.27904,-4.23E-31
9.27563,-4.26E-31
9.27222,-4.30E-31
9.26881,-4.33E-31
9.2654,-4.36E-31
9.26199,-4.38E-31
9.25858,-4.41E-31
9.25517,-4.43E-31
9.25176,-4.45E-31
9.24834,-4.47E-31
9.24493,-4.49E-31
9.24151,-4.50E-31
9.2381,-4.51E-31
9.23468,-4.52E-31
9.23126,-4.53E-31
9.22785,-4.54E-31
9.22443,-4.54E-31
9.22101,-4.55E-31
9.21759,-4.55E-31
9.21417,-4.54E-31
9.21075,-4.54E-31
9.20732,-4.53E-31
9.2039,-4.52E-31
9.20048,-4.51E-31
9.19705,-4.49E-31
9.19363,-4.48E-31
9.1902,-4.46E-31
9.18677,-4.44E-31
9.18335,-4.41E-31
9.17992,-4.38E-31
9.17649,-4.35E-31
9.17306,-4.32E-31
9.16963,-4.29E-31
9.1662,-4.25E-31
9.16277,-4.21E-31
9.15934,-4.16E-31
9.1559,-4.12E-31
9.15247,-4.07E-31
9.14904,-4.02E-31
9.1456,-3.96E-31
9.14216,-3.90E-31
9.13873,-3.84E-31
9.13529,-3.78E-31
9.13185,-3.71E-31
9.12841,-3.64E-31
9.12498,-3.57E-31
9.12154,-3.49E-31
9.11809,-3.42E-31
9.11465,-3.33E-31
9.11121,-3.25E-31
9.10777,-3.16E-31
9.10432,-3.07E-31
9.10088,-2.97E-31
9.09743,-2.87E-31
9.09399,-2.77E-31
9.09054,-2.67E-31
9.0871,-2.56E-31
9.08365,-2.53E-31
9.0802,-2.52E-31
9.07675,-2.51E-31
9.0733,-2.49E-31
9.06985,-2.48E-31
9.0664,-2.47E-31
9.06294,-2.46E-31
9.05949,-2.44E-31
9.05604,-2.43E-31
9.05258,-2.41E-31
9.04913,-2.40E-31
9.04567,-2.38E-31
9.04222,-2.37E-31
9.03876,-2.35E-31
9.0353,-2.33E-31
9.03184,-2.32E-31
9.02838,-2.30E-31
9.02492,-2.28E-31
9.02146,-2.26E-31
9.018,-2.24E-31
9.01454,-2.22E-31
9.01108,-2.20E-31
9.00761,-2.18E-31
9.00415,-2.16E-31
9.00068,-2.14E-31
8.99722,-2.11E-31
8.99375,-2.09E-31
8.99028,-2.07E-31
8.98682,-2.04E-31
8.98335,-2.02E-31
8.97988,-2.00E-31
8.97641,-1.97E-31
8.97294,-1.95E-31
8.96947,-1.92E-31
8.96599,-1.90E-31
8.96252,-1.87E-31
8.95905,-1.84E-31
8.95557,-1.82E-31
8.9521,-1.79E-31
8.94862,-1.76E-31
8.94514,-1.73E-31
8.94167,-1.70E-31
8.93819,-1.67E-31
8.93471,-1.64E-31
8.93123,-1.61E-31
8.92775,-1.58E-31
8.92427,-1.55E-31
8.92079,-1.52E-31
8.91731,-1.49E-31
8.91382,-1.46E-31
8.91034,-1.43E-31
8.90686,-1.40E-31
8.90337,-1.37E-31
8.89989,-1.33E-31
8.8964,-1.30E-31
8.89291,-1.27E-31
8.88942,-1.23E-31
8.88594,-1.20E-31
8.88245,-1.17E-31
8.87896,-1.13E-31
8.87547,-1.10E-31
8.87197,-1.06E-31
8.86848,-1.03E-31
8.86499,-9.93E-32
8.8615,-9.58E-32
8.858,-9.23E-32
8.85451,-8.87E-32
8.85101,-8.51E-32
8.84751,-8.15E-32
8.84402,-7.79E-32
8.84052,-7.42E-32
8.83702,-7.06E-32
8.83352,-6.69E-32
8.83002,-6.32E-32
8.82652,-5.95E-32
8.82302,-5.58E-32
8.81952,-5.21E-32
8.81601,-4.84E-32
8.81251,-4.46E-32
8.80901,-4.09E-32
8.8055,-3.71E-32
8.80199,-3.34E-32
8.79849,-2.96E-32
8.79498,-2.58E-32
8.79147,-2.21E-32
8.78796,-1.83E-32
8.78446,-1.45E-32
8.78095,-1.07E-32
8.77743,-6.96E-33
8.77392,-3.19E-33
8.77041,5.72E-34
8.7669,4.33E-33
8.76338,8.09E-33
8.75987,1.18E-32
8.75635,1.56E-32
8.75284,1.93E-32
8.74932,2.30E-32
8.74581,2.67E-32
8.74229,3.04E-32
8.73877,3.41E-32
8.73525,3.77E-32
8.73173,4.14E-32
8.72821,4.50E-32
8.72469,4.86E-32
8.72116,5.22E-32
8.71764,5.58E-32
8.71412,5.93E-32
8.71059,6.28E-32
8.70707,6.63E-32
8.70354,6.97E-32
8.70002,7.32E-32
8.69649,7.65E-32
8.69296,7.99E-32
8.68943,8.32E-32
8.6859,8.65E-32
8.68237,8.98E-32
8.67884,9.30E-32
8.67531,9.61E-32
8.67178,9.93E-32
8.66825,1.02E-31
8.66471,1.06E-31
8.66118,1.10E-31
8.65764,1.13E-31
8.65411,1.17E-31
8.65057,1.20E-31
8.64703,1.24E-31
8.64349,1.28E-31
8.63996,1.31E-31
8.63642,1.35E-31
8.63288,1.38E-31
8.62934,1.42E-31
8.62579,1.45E-31
8.62225,1.48E-31
8.61871,1.52E-31
8.61517,1.55E-31
8.61162,1.58E-31
8.60808,1.62E-31
8.60453,1.65E-31
8.60098,1.68E-31
8.59744,1.71E-31
8.59389,1.74E-31
8.59034,1.78E-31
8.58679,1.81E-31
8.58324,1.84E-31
8.57969,1.87E-31
8.57614,1.89E-31
8.57258,1.92E-31
8.56903,1.95E-31
8.56548,1.98E-31
8.56192,2.01E-31
8.55837,2.03E-31
8.55481,2.06E-31
8.55126,2.08E-31
8.5477,2.11E-31
8.54414,2.13E-31
8.54058,2.16E-31
8.53702,2.18E-31
8.53346,2.20E-31
8.5299,2.23E-31
8.52634,2.25E-31
8.52278,2.27E-31
8.51921,2.29E-31
8.51565,2.31E-31
8.51209,2.33E-31
8.50852,2.35E-31
8.50495,2.36E-31
8.50139,2.38E-31
8.49782,2.40E-31
8.49425,2.41E-31
8.49068,2.43E-31
8.48711,2.44E-31
8.48354,2.45E-31
8.47997,2.47E-31
8.4764,2.48E-31
8.47283,2.49E-31
8.46926,2.50E-31
8.46568,2.51E-31
8.46211,2.52E-31
8.45853,2.52E-31
8.45496,2.53E-31
8.45138,2.54E-31
8.4478,2.54E-31
8.44422,2.54E-31
8.44065,2.55E-31
8.43707,2.55E-31
8.43349,2.55E-31
8.4299,2.55E-31
8.42632,2.55E-31
8.42274,2.55E-31
8.41916,2.55E-31
8.41557,2.54E-31
8.41199,2.54E-31
8.4084,2.53E-31
8.40482,2.53E-31
8.40123,2.52E-31
8.39764,2.51E-31
8.39406,2.50E-31
8.39047,2.49E-31
8.38688,2.48E-31
8.38329,2.46E-31
8.3797,2.45E-31
8.3761,2.43E-31
8.37251,2.42E-31
8.36892,2.40E-31
8.36532,2.38E-31
8.36173,2.36E-31
8.35813,2.34E-31
8.35454,2.32E-31
8.35094,2.29E-31
8.34734,2.27E-31
8.34374,2.24E-31
8.34015,2.21E-31
8.33655,2.19E-31
8.33295,2.16E-31
8.32934,2.12E-31
8.32574,2.09E-31
8.32214,2.06E-31
8.31854,2.02E-31
8.31493,1.99E-31
8.31133,1.95E-31
8.30772,1.91E-31
8.30412,1.87E-31
8.30051,1.83E-31
8.2969,1.78E-31
8.29329,1.74E-31
8.28968,1.69E-31
8.28607,1.65E-31
8.28246,1.60E-31
8.27885,1.55E-31
8.27524,1.50E-31
8.27163,1.44E-31
8.26802,1.39E-31
8.2644,1.33E-31
8.26079,1.28E-31
8.25717,1.22E-31
8.25355,1.16E-31
8.24994,1.10E-31
8.24632,1.03E-31
8.2427,9.70E-32
8.23908,9.04E-32
8.23546,8.36E-32
8.23184,7.70E-32
8.22822,7.08E-32
8.2246,6.48E-32
8.22098,5.92E-32
8.21735,5.40E-32
8.21373,4.91E-32
8.2101,4.47E-32
8.20648,4.06E-32
8.20285,3.70E-32
8.19922,3.38E-32
8.1956,3.10E-32
8.19197,2.87E-32
8.18834,2.64E-32
8.18471,2.43E-32
8.18108,2.25E-32
8.17745,2.08E-32
8.17381,1.94E-32
8.17018,1.81E-32
8.16655,1.70E-32
8.16291,1.61E-32
8.15928,1.52E-32
8.15564,1.44E-32
8.15201,1.36E-32
8.14837,1.29E-32
8.14473,1.25E-32
8.14109,1.26E-32
8.13745,1.29E-32
8.13381,1.33E-32
8.13017,1.38E-32
8.12653,1.44E-32
8.12289,1.50E-32
8.11925,1.57E-32
8.1156,1.65E-32
8.11196,1.73E-32
8.10831,1.80E-32
8.10467,1.88E-32
8.10102,1.95E-32
8.09737,2.01E-32
8.09372,2.07E-32
8.09008,2.11E-32
8.08643,2.14E-32
8.08278,2.16E-32
8.07912,2.16E-32
8.07547,2.13E-32
8.07182,2.09E-32
8.06817,2.02E-32
8.06451,1.91E-32
8.06086,1.89E-32
8.0572,1.90E-32
8.05355,1.92E-32
8.04989,1.93E-32
8.04623,1.93E-32
8.04258,1.93E-32
8.03892,1.92E-32
8.03526,1.90E-32
8.0316,1.88E-32
8.02794,1.85E-32
8.02427,1.82E-32
8.02061,1.78E-32
8.01695,1.73E-32
8.01328,1.68E-32
8.00962,1.62E-32
8.00595,1.56E-32
8.00229,1.49E-32
7.99862,1.41E-32
7.99495,1.32E-32
7.99129,1.23E-32
7.98762,1.14E-32
7.98395,1.04E-32
7.98028,9.31E-33
7.97661,8.31E-33
7.97293,7.31E-33
7.96926,6.29E-33
7.96559,5.25E-33
7.96191,4.21E-33
7.95824,3.18E-33
7.95456,2.15E-33
7.95089,1.13E-33
7.94721,1.41E-34
7.94353,-8.20E-34
7.93985,-1.74E-33
7.93617,-2.62E-33
7.93249,-3.43E-33
7.92881,-4.19E-33
7.92513,-4.86E-33
7.92145,-5.45E-33
7.91777,-5.95E-33
7.91408,-6.34E-33
7.9104,-6.61E-33
7.90672,-6.75E-33
7.90303,-6.75E-33
7.89934,-6.59E-33
7.89566,-6.35E-33
7.89197,-6.70E-33
7.88828,-7.01E-33
7.88459,-7.28E-33
7.8809,-7.50E-33
7.87721,-7.68E-33
7.87352,-7.81E-33
7.86983,-7.90E-33
7.86613,-7.94E-33
7.86244,-7.94E-33
7.85875,-7.89E-33
7.85505,-7.80E-33
7.85135,-7.66E-33
7.84766,-7.48E-33
7.84396,-7.25E-33
7.84026,-6.99E-33
7.83656,-6.69E-33
7.83287,-6.35E-33
7.82916,-5.98E-33
7.82546,-5.58E-33
7.82176,-5.15E-33
7.81806,-4.69E-33
7.81436,-4.20E-33
7.81065,-3.69E-33
7.80695,-3.13E-33
7.80324,-2.56E-33
7.79954,-1.97E-33
7.79583,-1.36E-33
7.79212,-7.55E-34
7.78842,-1.45E-34
7.78471,4.62E-34
7.781,1.06E-33
7.77729,1.65E-33
7.77358,2.21E-33
7.76986,2.75E-33
7.76615,3.26E-33
7.76244,3.73E-33
7.75873,4.15E-33
7.75501,4.53E-33
7.7513,4.84E-33
7.74758,5.08E-33
7.74386,5.25E-33
7.74015,5.33E-33
7.73643,5.33E-33
7.73271,5.21E-33
7.72899,4.99E-33
7.72527,4.97E-33
7.72155,5.19E-33
7.71783,5.39E-33
7.7141,5.55E-33
7.71038,5.70E-33
7.70666,5.81E-33
7.70293,5.90E-33
7.69921,5.96E-33
7.69548,5.99E-33
7.69175,5.99E-33
7.68802,5.96E-33
7.6843,5.90E-33
7.68057,5.81E-33
7.67684,5.69E-33
7.67311,5.54E-33
7.66938,5.36E-33
7.66564,5.15E-33
7.66191,4.90E-33
7.65818,4.63E-33
7.65444,4.33E-33
7.65071,4.00E-33
7.64697,3.64E-33
7.64324,3.25E-33
7.6395,2.89E-33
7.63576,2.54E-33
7.63202,2.17E-33
7.62829,1.79E-33
7.62455,1.41E-33
7.62081,1.02E-33
7.61706,6.33E-34
7.61332,2.48E-34
7.60958,-1.33E-34
7.60584,-5.04E-34
7.60209,-8.63E-34
7.59835,-1.21E-33
7.5946,-1.53E-33
7.59085,-1.83E-33
7.58711,-2.10E-33
7.58336,-2.34E-33
7.57961,-2.55E-33
7.57586,-2.71E-33
7.57211,-2.82E-33
7.56836,-2.89E-33
7.56461,-2.90E-33
7.56086,-2.84E-33
7.55711,-2.72E-33
7.55335,-2.88E-33
7.5496,-3.04E-33
7.54584,-3.18E-33
7.54209,-3.30E-33
7.53833,-3.41E-33
7.53457,-3.50E-33
7.53082,-3.58E-33
7.52706,-3.63E-33
7.5233,-3.66E-33
7.51954,-3.68E-33
7.51578,-3.68E-33
7.51202,-3.65E-33
7.50825,-3.61E-33
7.50449,-3.54E-33
7.50073,-3.46E-33
7.49696,-3.35E-33
7.4932,-3.22E-33
7.48943,-3.08E-33
7.48567,-2.91E-33
7.4819,-2.72E-33
7.47813,-2.51E-33
7.47436,-2.27E-33
7.47059,-2.03E-33
7.46682,-1.82E-33
7.46305,-1.61E-33
7.45928,-1.38E-33
7.45551,-1.15E-33
7.45173,-9.15E-34
7.44796,-6.78E-34
7.44419,-4.39E-34
7.44041,-2.02E-34
7.43664,3.20E-35
7.43286,2.61E-34
7.42908,4.82E-34
7.4253,6.93E-34
7.42153,8.92E-34
7.41775,1.08E-33
7.41397,1.24E-33
7.41018,1.39E-33
7.4064,1.51E-33
7.40262,1.61E-33
7.39884,1.67E-33
7.39505,1.71E-33
7.39127,1.71E-33
7.38748,1.66E-33
7.3837,1.67E-33
7.37991,1.78E-33
7.37612,1.89E-33
7.37234,1.98E-33
7.36855,2.07E-33
7.36476,2.14E-33
7.36097,2.21E-33
7.35718,2.26E-33
7.35339,2.30E-33
7.34959,2.33E-33
7.3458,2.34E-33
7.34201,2.34E-33
7.33821,2.33E-33
7.33442,2.31E-33
7.33062,2.27E-33
7.32682,2.21E-33
7.32303,2.15E-33
7.31923,2.07E-33
7.31543,1.97E-33
7.31163,1.86E-33
7.30783,1.73E-33
7.30403,1.59E-33
7.30023,1.43E-33
7.29642,1.29E-33
7.29262,1.16E-33
7.28882,1.03E-33
7.28501,8.88E-34
7.28121,7.44E-34
7.2774,5.97E-34
7.2736,4.49E-34
7.26979,3.00E-34
7.26598,1.52E-34
7.26217,5.86E-36
7.25836,-1.37E-34
7.25455,-2.75E-34
7.25074,-4.06E-34
7.24693,-5.30E-34
7.24312,-6.44E-34
7.2393,-7.47E-34
7.23549,-8.36E-34
7.23167,-9.11E-34
7.22786,-9.69E-34
7.22404,-1.01E-33
7.22023,-1.03E-33
7.21641,-1.02E-33
7.21259,-9.89E-34
7.20877,-1.05E-33
7.20495,-1.13E-33
7.20113,-1.20E-33
7.19731,-1.26E-33
7.19349,-1.32E-33
7.18967,-1.37E-33
7.18584,-1.41E-33
7.18202,-1.45E-33
7.17819,-1.48E-33
7.17437,-1.50E-33
7.17054,-1.51E-33
7.16672,-1.52E-33
7.16289,-1.51E-33
7.15906,-1.49E-33
7.15523,-1.47E-33
7.1514,-1.44E-33
7.14757,-1.39E-33
7.14374,-1.34E-33
7.13991,-1.27E-33
7.13608,-1.20E-33
7.13224,-1.11E-33
7.12841,-1.02E-33
7.12457,-9.13E-34
7.12074,-8.35E-34
7.1169,-7.53E-34
7.11307,-6.68E-34
7.10923,-5.79E-34
7.10539,-4.89E-34
7.10155,-3.96E-34
7.09771,-3.02E-34
7.09387,-2.09E-34
7.09003,-1.15E-34
7.08619,-2.30E-35
7.08235,6.69E-35
7.0785,1.54E-34
7.07466,2.36E-34
7.07081,3.14E-34
7.06697,3.85E-34
7.06312,4.50E-34
7.05928,5.05E-34
7.05543,5.51E-34
7.05158,5.86E-34
7.04773,6.09E-34
7.04388,6.19E-34
7.04003,6.13E-34
7.03618,6.16E-34
7.03233,6.70E-34
7.02848,7.21E-34
7.02462,7.68E-34
7.02077,8.11E-34
7.01691,8.50E-34
7.01306,8.85E-34
7.0092,9.15E-34
7.00535,9.40E-34
7.00149,9.60E-34
6.99763,9.75E-34
6.99377,9.84E-34
6.98991,9.87E-34
6.98605,9.84E-34
6.98219,9.75E-34
6.97833,9.59E-34
6.97447,9.37E-34
6.9706,9.07E-34
6.96674,8.71E-34
6.96287,8.27E-34
6.95901,7.76E-34
6.95514,7.17E-34
6.95128,6.51E-34
6.94741,5.92E-34
6.94354,5.42E-34
6.93967,4.90E-34
6.9358,4.36E-34
6.93193,3.80E-34
6.92806,3.22E-34
6.92419,2.63E-34
6.92031,2.03E-34
6.91644,1.44E-34
6.91257,8.41E-35
6.90869,2.56E-35
6.90482,-3.16E-35
6.90094,-8.67E-35
6.89706,-1.39E-34
6.89319,-1.88E-34
6.88931,-2.33E-34
6.88543,-2.74E-34
6.88155,-3.09E-34
6.87767,-3.37E-34
6.87379,-3.59E-34
6.86991,-3.72E-34
6.86602,-3.77E-34
6.86214,-3.72E-34
6.85826,-4.28E-34
6.85437,-5.10E-34
6.85049,-5.93E-34
6.8466,-6.77E-34
6.84271,-7.62E-34
6.83883,-8.47E-34
6.83494,-9.31E-34
6.83105,-1.02E-33
6.82716,-1.10E-33
6.82327,-1.18E-33
6.81938,-1.26E-33
6.81549,-1.34E-33
6.81159,-1.42E-33
6.8077,-1.49E-33
6.80381,-1.56E-33
6.79991,-1.62E-33
6.79602,-1.68E-33
6.79212,-1.74E-33
6.78822,-1.79E-33
6.78433,-1.83E-33
6.78043,-1.86E-33
6.77653,-1.89E-33
6.77263,-1.91E-33
6.76873,-1.92E-33
6.76483,-1.93E-33
6.76093,-1.92E-33
6.75702,-1.90E-33
6.75312,-1.87E-33
6.74922,-1.82E-33
6.74531,-1.77E-33
6.74141,-1.70E-33
6.7375,-1.62E-33
6.73359,-1.52E-33
6.72969,-1.41E-33
6.72578,-1.28E-33
6.72187,-1.30E-33
6.71796,-1.32E-33
6.71405,-1.34E-33
6.71014,-1.36E-33
6.70622,-1.38E-33
6.70231,-1.40E-33
6.6984,-1.42E-33
6.69449,-1.44E-33
6.69057,-1.46E-33
6.68665,-1.47E-33
6.68274,-1.48E-33
6.67882,-1.49E-33
6.6749,-1.50E-33
6.67099,-1.51E-33
6.66707,-1.52E-33
6.66315,-1.52E-33
6.65923,-1.52E-33
6.65531,-1.52E-33
6.65138,-1.51E-33
6.64746,-1.51E-33
6.64354,-1.50E-33
6.63961,-1.49E-33
6.63569,-1.47E-33
6.63176,-1.45E-33
6.62784,-1.43E-33
6.62391,-1.40E-33
6.61998,-1.37E-33
6.61606,-1.34E-33
6.61213,-1.30E-33
6.6082,-1.26E-33
6.60427,-1.21E-33
6.60034,-1.16E-33
6.5964,-1.10E-33
6.59247,-1.04E-33
6.58854,-9.81E-34
6.5846,-9.60E-34
6.58067,-9.39E-34
6.57673,-9.17E-34
6.5728,-8.94E-34
6.56886,-8.71E-34
6.56492,-8.47E-34
6.56099,-8.23E-34
6.55705,-7.99E-34
6.55311,-7.74E-34
6.54917,-7.49E-34
6.54523,-7.23E-34
6.54128,-6.97E-34
6.53734,-6.71E-34
6.5334,-6.45E-34
6.52945,-6.18E-34
6.52551,-5.90E-34
6.52156,-5.63E-34
6.51762,-5.35E-34
6.51367,-5.07E-34
6.50972,-4.79E-34
6.50578,-4.51E-34
6.50183,-4.22E-34
6.49788,-3.93E-34
6.49393,-3.65E-34
6.48998,-3.36E-34
6.48602,-3.06E-34
6.48207,-2.77E-34
6.47812,-2.48E-34
6.47416,-2.19E-34
6.47021,-1.89E-34
6.46625,-1.60E-34
6.4623,-1.31E-34
6.45834,-1.01E-34
6.45438,-7.22E-35
6.45043,-4.48E-35
6.44647,-2.02E-35
6.44251,3.83E-36
6.43855,2.73E-35
6.43459,5.01E-35
6.43062,7.23E-35
6.42666,9.38E-35
6.4227,1.15E-34
6.41873,1.35E-34
6.41477,1.54E-34
6.4108,1.72E-34
6.40684,1.90E-34
6.40287,2.06E-34
6.3989,2.22E-34
6.39494,2.37E-34
6.39097,2.50E-34
6.387,2.63E-34
6.38303,2.75E-34
6.37906,2.85E-34
6.37508,2.94E-34
6.37111,3.02E-34
6.36714,3.09E-34
6.36316,3.14E-34
6.35919,3.18E-34
6.35521,3.21E-34
6.35124,3.22E-34
6.34726,3.22E-34
6.34328,3.20E-34
6.33931,3.17E-34
6.33533,3.12E-34
6.33135,3.06E-34
6.32737,2.98E-34
6.32339,2.88E-34
6.3194,2.77E-34
6.31542,2.63E-34
6.31144,2.62E-34
6.30745,2.66E-34
6.30347,2.70E-34
6.29948,2.75E-34
6.2955,2.79E-34
6.29151,2.82E-34
6.28752,2.86E-34
6.28354,2.89E-34
6.27955,2.92E-34
6.27556,2.94E-34
6.27157,2.97E-34
6.26758,2.99E-34
6.26358,3.01E-34
6.25959,3.02E-34
6.2556,3.04E-34
6.2516,3.04E-34
6.24761,3.05E-34
6.24361,3.06E-34
6.23962,3.06E-34
6.23562,3.05E-34
6.23162,3.05E-34
6.22763,3.04E-34
6.22363,3.02E-34
6.21963,3.00E-34
6.21563,2.98E-34
6.21163,2.96E-34
6.20762,2.93E-34
6.20362,2.90E-34
6.19962,2.86E-34
6.19561,2.82E-34
6.19161,2.77E-34
6.1876,2.72E-34
6.1836,2.66E-34
6.17959,2.60E-34
6.17558,2.54E-34
6.17158,2.46E-34
6.16757,2.39E-34
6.16356,2.31E-34
6.15955,2.22E-34
6.15553,2.12E-34
6.15152,2.03E-34
6.14751,1.92E-34
6.1435,1.81E-34
6.13948,1.69E-34
6.13547,1.57E-34
6.13145,1.44E-34
6.12744,1.30E-34
6.12342,1.15E-34
6.1194,1.00E-34
6.11538,8.43E-35
6.11137,6.77E-35
6.10735,5.03E-35
6.10333,3.21E-35
6.0993,1.31E-35
6.09528,-2.46E-36
6.09126,-8.45E-36
6.08724,-1.44E-35
6.08321,-2.03E-35
6.07919,-2.61E-35
6.07516,-3.18E-35
6.07114,-3.75E-35
6.06711,-4.31E-35
6.06308,-4.86E-35
6.05905,-5.40E-35
6.05503,-5.94E-35
6.051,-6.47E-35
6.04697,-6.99E-35
6.04293,-7.50E-35
6.0389,-8.00E-35
6.03487,-8.49E-35
6.03084,-8.97E-35
6.0268,-9.45E-35
6.02277,-9.91E-35
6.01873,-1.04E-34
6.0147,-1.08E-34
6.01066,-1.12E-34
6.00662,-1.17E-34
6.00258,-1.21E-34
5.99854,-1.25E-34
5.99451,-1.29E-34
5.99046,-1.32E-34
5.98642,-1.36E-34
5.98238,-1.39E-34
5.97834,-1.43E-34
5.9743,-1.46E-34
5.97025,-1.49E-34
5.96621,-1.52E-34
5.96216,-1.55E-34
5.95812,-1.58E-34
5.95407,-1.61E-34
5.95002,-1.64E-34
5.94597,-1.66E-34
5.94192,-1.68E-34
5.93787,-1.71E-34
5.93382,-1.73E-34
5.92977,-1.75E-34
5.92572,-1.77E-34
5.92167,-1.78E-34
5.91761,-1.80E-34
5.91356,-1.81E-34
5.90951,-1.83E-34
5.90545,-1.84E-34
5.90139,-1.85E-34
5.89734,-1.86E-34
5.89328,-1.87E-34
5.88922,-1.88E-34
5.88516,-1.88E-34
5.8811,-1.89E-34
5.87704,-1.89E-34
5.87298,-1.90E-34
5.86892,-1.90E-34
5.86486,-1.90E-34
5.86079,-1.90E-34
5.85673,-1.89E-34
5.85266,-1.89E-34
5.8486,-1.89E-34
5.84453,-1.88E-34
5.84047,-1.87E-34
5.8364,-1.86E-34
5.83233,-1.86E-34
5.82826,-1.85E-34
5.82419,-1.83E-34
5.82012,-1.82E-34
5.81605,-1.81E-34
5.81198,-1.79E-34
5.8079,-1.78E-34
5.80383,-1.76E-34
5.79976,-1.74E-34
5.79568,-1.73E-34
5.79161,-1.71E-34
5.78753,-1.69E-34
5.78345,-1.66E-34
5.77937,-1.64E-34
5.7753,-1.62E-34
5.77122,-1.59E-34
5.76714,-1.57E-34
5.76306,-1.54E-34
5.75898,-1.52E-34
5.75489,-1.49E-34
5.75081,-1.46E-34
5.74673,-1.43E-34
5.74264,-1.40E-34
5.73856,-1.37E-34
5.73447,-1.34E-34
5.73039,-1.31E-34
5.7263,-1.28E-34
5.72221,-1.24E-34
5.71812,-1.21E-34
5.71403,-1.17E-34
5.70994,-1.14E-34
5.70585,-1.10E-34
5.70176,-1.07E-34
5.69767,-1.03E-34
5.69358,-9.94E-35
5.68948,-9.56E-35
5.68539,-9.18E-35
5.68129,-8.80E-35
5.6772,-8.41E-35
5.6731,-8.02E-35
5.669,-7.62E-35
5.66491,-7.23E-35
5.66081,-6.83E-35
5.65671,-6.42E-35
5.65261,-6.04E-35
5.64851,-5.68E-35
5.64441,-5.32E-35
5.6403,-4.96E-35
5.6362,-4.60E-35
5.6321,-4.25E-35
5.62799,-3.89E-35
5.62389,-3.54E-35
5.61978,-3.19E-35
5.61568,-2.85E-35
5.61157,-2.51E-35
5.60746,-2.17E-35
5.60335,-1.84E-35
5.59924,-1.51E-35
5.59513,-1.19E-35
5.59102,-8.70E-36
5.58691,-5.58E-36
5.5828,-2.52E-36
5.57869,4.69E-37
5.57457,3.39E-36
5.57046,6.24E-36
5.56634,9.02E-36
5.56223,1.17E-35
5.55811,1.43E-35
5.55399,1.69E-35
5.54988,1.93E-35
5.54576,2.16E-35
5.54164,2.39E-35
5.53752,2.60E-35
5.5334,2.81E-35
5.52927,3.00E-35
5.52515,3.18E-35
5.52103,3.35E-35
5.51691,3.51E-35
5.51278,3.66E-35
5.50866,3.79E-35
5.50453,3.91E-35
5.5004,4.02E-35
5.49628,4.11E-35
5.49215,4.19E-35
5.48802,4.26E-35
5.48389,4.31E-35
5.47976,4.34E-35
5.47563,4.36E-35
5.4715,4.36E-35
5.46736,4.35E-35
5.46323,4.32E-35
5.4591,4.27E-35
5.45496,4.21E-35
5.45083,4.12E-35
5.44669,4.02E-35
5.44255,3.90E-35
5.43842,3.76E-35
5.43428,3.61E-35
5.43014,3.52E-35
5.426,3.74E-35
5.42186,3.95E-35
5.41772,4.16E-35
5.41358,4.38E-35
5.40943,4.59E-35
5.40529,4.80E-35
5.40115,5.01E-35
5.397,5.21E-35
5.39286,5.42E-35
5.38871,5.62E-35
5.38456,5.83E-35
5.38042,6.03E-35
5.37627,6.23E-35
5.37212,6.42E-35
5.36797,6.61E-35
5.36382,6.80E-35
5.35967,6.99E-35
5.35551,7.17E-35
5.35136,7.35E-35
5.34721,7.53E-35
5.34305,7.70E-35
5.3389,7.87E-35
5.33474,8.04E-35
5.33059,8.20E-35
5.32643,8.35E-35
5.32227,8.51E-35
5.31811,8.65E-35
5.31395,8.79E-35
5.30979,8.93E-35
5.30563,9.06E-35
5.30147,9.18E-35
5.29731,9.30E-35
5.29315,9.41E-35
5.28898,9.52E-35
5.28482,9.61E-35
5.28065,9.71E-35
5.27649,9.79E-35
5.27232,9.87E-35
5.26816,9.94E-35
5.26399,1.00E-34
5.25982,1.00E-34
5.25565,1.01E-34
5.25148,1.01E-34
5.24731,1.02E-34
5.24314,1.02E-34
5.23896,1.02E-34
5.23479,1.02E-34
5.23062,1.02E-34
5.22644,1.02E-34
5.22227,1.01E-34
5.21809,1.01E-34
5.21392,1.00E-34
5.20974,9.97E-35
5.20556,9.89E-35
5.20138,9.81E-35
5.1972,9.71E-35
5.19302,9.60E-35
5.18884,9.48E-35
5.18466,9.35E-35
5.18048,9.20E-35
5.17629,9.04E-35
5.17211,8.87E-35
5.16793,8.68E-35
5.16374,8.48E-35
5.15955,8.27E-35
5.15537,8.04E-35
5.15118,7.79E-35
5.14699,7.54E-35
5.1428,7.26E-35
5.13861,6.98E-35
5.13442,6.67E-35
5.13023,6.35E-35
5.12604,6.02E-35
5.12185,5.67E-35
5.11765,5.30E-35
5.11346,4.91E-35
5.10926,4.51E-35
5.10507,4.09E-35
5.10087,3.66E-35
5.09668,3.20E-35
5.09248,2.73E-35
5.08828,2.24E-35
5.08408,1.73E-35
5.07988,1.20E-35
5.07568,6.52E-36
5.07148,8.51E-37
5.06728,-5.02E-36
5.06307,-1.11E-35
5.05887,-1.73E-35
5.05467,-2.01E-35
5.05046,-2.09E-35
5.04625,-2.17E-35
5.04205,-2.25E-35
5.03784,-2.33E-35
5.03363,-2.41E-35
5.02942,-2.49E-35
5.02522,-2.57E-35
5.021,-2.65E-35
5.01679,-2.73E-35
5.01258,-2.81E-35
5.00837,-2.89E-35
5.00416,-2.97E-35
4.99994,-3.05E-35
4.99573,-3.13E-35
4.99151,-3.21E-35
4.9873,-3.30E-35
4.98308,-3.38E-35
4.97886,-3.46E-35
4.97465,-3.54E-35
4.97043,-3.63E-35
4.96621,-3.71E-35
4.96199,-3.80E-35
4.95777,-3.88E-35
4.95354,-3.97E-35
4.94932,-4.05E-35
4.9451,-4.14E-35
4.94087,-4.23E-35
4.93665,-4.32E-35
4.93242,-4.41E-35
4.9282,-4.49E-35
4.92397,-4.58E-35
4.91974,-4.68E-35
4.91551,-4.77E-35
4.91129,-4.86E-35
4.90706,-4.95E-35
4.90282,-5.05E-35
4.89859,-5.14E-35
4.89436,-5.24E-35
4.89013,-5.34E-35
4.88589,-5.43E-35
4.88166,-5.53E-35
4.87743,-5.63E-35
4.87319,-5.74E-35
4.86895,-5.84E-35
4.86472,-5.94E-35
4.86048,-6.05E-35
4.85624,-6.15E-35
4.852,-6.26E-35
4.84776,-6.37E-35
4.84352,-6.48E-35
4.83928,-6.59E-35
4.83504,-6.70E-35
4.83079,-6.82E-35
4.82655,-6.93E-35
4.8223,-7.05E-35
4.81806,-7.17E-35
4.81381,-7.29E-35
4.80957,-7.41E-35
4.80532,-7.54E-35
4.80107,-7.66E-35
4.79682,-7.79E-35
4.79257,-7.92E-35
4.78832,-8.05E-35
4.78407,-8.18E-35
4.77982,-8.31E-35
4.77557,-8.45E-35
4.77131,-8.59E-35
4.76706,-8.73E-35
4.7628,-8.87E-35
4.75855,-9.02E-35
4.75429,-9.16E-35
4.75003,-9.31E-35
4.74578,-9.46E-35
4.74152,-9.62E-35
4.73726,-9.77E-35
4.733,-9.93E-35
4.72874,-1.01E-34
4.72448,-1.03E-34
4.72021,-1.04E-34
4.71595,-1.06E-34
4.71169,-1.08E-34
4.70742,-1.09E-34
4.70316,-1.11E-34
4.69889,-1.13E-34
4.69463,-1.15E-34
4.69036,-1.16E-34
4.68609,-1.18E-34
4.68182,-1.20E-34
4.67755,-1.22E-34
4.67328,-1.23E-34
4.66901,-1.23E-34
4.66474,-1.24E-34
4.66047,-1.24E-34
4.65619,-1.24E-34
4.65192,-1.25E-34
4.64764,-1.25E-34
4.64337,-1.26E-34
4.63909,-1.26E-34
4.63482,-1.26E-34
4.63054,-1.27E-34
4.62626,-1.27E-34
4.62198,-1.27E-34
4.6177,-1.27E-34
4.61342,-1.27E-34
4.60914,-1.28E-34
4.60486,-1.28E-34
4.60057,-1.28E-34
4.59629,-1.28E-34
4.59201,-1.28E-34
4.58772,-1.28E-34
4.58344,-1.28E-34
4.57915,-1.28E-34
4.57486,-1.28E-34
4.57057,-1.28E-34
4.56628,-1.28E-34
4.56199,-1.28E-34
4.5577,-1.28E-34
4.55341,-1.28E-34
4.54912,-1.28E-34
4.54483,-1.28E-34
4.54054,-1.27E-34
4.53624,-1.27E-34
4.53195,-1.27E-34
4.52765,-1.27E-34
4.52336,-1.26E-34
4.51906,-1.26E-34
4.51476,-1.26E-34
4.51046,-1.25E-34
4.50616,-1.25E-34
4.50186,-1.24E-34
4.49756,-1.24E-34
4.49326,-1.23E-34
4.48896,-1.23E-34
4.48466,-1.22E-34
4.48035,-1.22E-34
4.47605,-1.21E-34
4.47174,-1.20E-34
4.46744,-1.20E-34
4.46313,-1.19E-34
4.45882,-1.18E-34
4.45452,-1.18E-34
4.45021,-1.17E-34
4.4459,-1.16E-34
4.44159,-1.15E-34
4.43728,-1.14E-34
4.43296,-1.14E-34
4.42865,-1.13E-34
4.42434,-1.12E-34
4.42002,-1.11E-34
4.41571,-1.10E-34
4.41139,-1.09E-34
4.40708,-1.08E-34
4.40276,-1.07E-34
4.39844,-1.05E-34
4.39413,-1.04E-34
4.38981,-1.03E-34
4.38549,-1.02E-34
4.38117,-1.01E-34
4.37684,-9.95E-35
4.37252,-9.82E-35
4.3682,-9.69E-35
4.36387,-9.56E-35
4.35955,-9.42E-35
4.35523,-9.28E-35
4.3509,-9.14E-35
4.34657,-8.99E-35
4.34225,-8.84E-35
4.33792,-8.69E-35
4.33359,-8.54E-35
4.32926,-8.38E-35
4.32493,-8.22E-35
4.3206,-8.06E-35
4.31626,-7.89E-35
4.31193,-7.72E-35
4.3076,-7.55E-35
4.30326,-7.37E-35
4.29893,-7.19E-35
4.29459,-7.01E-35
4.29026,-6.86E-35
4.28592,-6.75E-35
4.28158,-6.64E-35
4.27724,-6.53E-35
4.2729,-6.41E-35
4.26856,-6.30E-35
4.26422,-6.19E-35
4.25988,-6.07E-35
4.25554,-5.96E-35
4.2512,-5.85E-35
4.24685,-5.73E-35
4.24251,-5.62E-35
4.23816,-5.50E-35
4.23382,-5.39E-35
4.22947,-5.27E-35
4.22512,-5.16E-35
4.22077,-5.04E-35
4.21642,-4.93E-35
4.21207,-4.81E-35
4.20772,-4.70E-35
4.20337,-4.58E-35
4.19902,-4.47E-35
4.19467,-4.36E-35
4.19031,-4.24E-35
4.18596,-4.13E-35
4.1816,-4.01E-35
4.17725,-3.90E-35
4.17289,-3.79E-35
4.16853,-3.68E-35
4.16418,-3.56E-35
4.15982,-3.45E-35
4.15546,-3.34E-35
4.1511,-3.23E-35
4.14674,-3.12E-35
4.14237,-3.01E-35
4.13801,-2.90E-35
4.13365,-2.79E-35
4.12928,-2.68E-35
4.12492,-2.57E-35
4.12055,-2.46E-35
4.11619,-2.36E-35
4.11182,-2.25E-35
4.10745,-2.14E-35
4.10308,-2.04E-35
4.09871,-1.93E-35
4.09434,-1.83E-35
4.08997,-1.73E-35
4.0856,-1.63E-35
4.08123,-1.53E-35
4.07686,-1.43E-35
4.07248,-1.33E-35
4.06811,-1.23E-35
4.06373,-1.13E-35
4.05936,-1.03E-35
4.05498,-9.39E-36
4.0506,-8.45E-36
4.04622,-7.51E-36
4.04184,-6.59E-36
4.03746,-5.68E-36
4.03308,-4.78E-36
4.0287,-3.89E-36
4.02432,-3.02E-36
4.01994,-2.15E-36
4.01555,-1.30E-36
4.01117,-4.60E-37
4.00678,3.66E-37
4.0024,1.18E-36
3.99801,1.98E-36
3.99362,2.77E-36
3.98923,3.54E-36
3.98484,4.30E-36
3.98045,5.04E-36
3.97606,5.77E-36
3.97167,6.49E-36
3.96728,7.19E-36
3.96289,7.87E-36
3.95849,8.54E-36
3.9541,9.20E-36
3.9497,9.83E-36
3.94531,1.05E-35
3.94091,1.11E-35
3.93651,1.16E-35
3.93212,1.22E-35
3.92772,1.28E-35
3.92332,1.33E-35
3.91892,1.38E-35
3.91452,1.43E-35
3.91011,1.48E-35
3.90571,1.53E-35
3.90131,1.57E-35
3.8969,1.67E-35
3.8925,1.77E-35
3.88809,1.87E-35
3.88369,1.97E-35
3.87928,2.07E-35
3.87487,2.17E-35
3.87046,2.27E-35
3.86605,2.37E-35
3.86164,2.47E-35
3.85723,2.57E-35
3.85282,2.67E-35
3.84841,2.77E-35
3.84399,2.87E-35
3.83958,2.96E-35
3.83517,3.06E-35
3.83075,3.16E-35
3.82633,3.25E-35
3.82192,3.35E-35
3.8175,3.44E-35
3.81308,3.53E-35
3.80866,3.63E-35
3.80424,3.72E-35
3.79982,3.81E-35
3.7954,3.90E-35
3.79097,3.99E-35
3.78655,4.08E-35
3.78213,4.17E-35
3.7777,4.26E-35
3.77328,4.34E-35
3.76885,4.43E-35
3.76442,4.51E-35
3.76,4.60E-35
3.75557,4.68E-35
3.75114,4.76E-35
3.74671,4.84E-35
3.74228,4.92E-35
3.73785,5.00E-35
3.73341,5.08E-35
3.72898,5.16E-35
3.72455,5.24E-35
3.72011,5.31E-35
3.71568,5.39E-35
3.71124,5.46E-35
3.7068,5.53E-35
3.70236,5.60E-35
3.69793,5.67E-35
3.69349,5.74E-35
3.68905,5.81E-35
3.68461,5.88E-35
3.68016,5.94E-35
3.67572,6.01E-35
3.67128,6.07E-35
3.66683,6.13E-35
3.66239,6.19E-35
3.65794,6.25E-35
3.6535,6.31E-35
3.64905,6.36E-35
3.6446,6.42E-35
3.64015,6.47E-35
3.63571,6.52E-35
3.63126,6.57E-35
3.6268,6.62E-35
3.62235,6.67E-35
3.6179,6.72E-35
3.61345,6.76E-35
3.60899,6.80E-35
3.60454,6.85E-35
3.60008,6.89E-35
3.59563,6.92E-35
3.59117,6.96E-35
3.58671,7.00E-35
3.58225,7.03E-35
3.57779,7.06E-35
3.57333,7.09E-35
3.56887,7.12E-35
3.56441,7.15E-35
3.55995,7.17E-35
3.55549,7.20E-35
3.55102,7.22E-35
3.54656,7.24E-35
3.54209,7.26E-35
3.53763,7.27E-35
3.53316,7.29E-35
3.52869,7.30E-35
3.52422,7.31E-35
3.51975,7.32E-35
3.51528,7.33E-35
3.51081,7.33E-35
3.50634,7.34E-35
3.50187,7.34E-35
3.49739,7.34E-35
3.49292,7.34E-35
3.48845,7.33E-35
3.48397,7.33E-35
3.47949,7.32E-35
3.47502,7.31E-35
3.47054,7.29E-35
3.46606,7.28E-35
3.46158,7.26E-35
3.4571,7.24E-35
3.45262,7.22E-35
3.44814,7.20E-35
3.44366,7.17E-35
3.43917,7.15E-35
3.43469,7.12E-35
3.4302,7.09E-35
3.42572,7.05E-35
3.42123,7.02E-35
3.41674,6.98E-35
3.41226,6.94E-35
3.40777,6.89E-35
3.40328,6.85E-35
3.39879,6.80E-35
3.3943,6.75E-35
3.38981,6.70E-35
3.38531,6.64E-35
3.38082,6.59E-35
3.37633,6.53E-35
3.37183,6.47E-35
3.36733,6.40E-35
3.36284,6.34E-35
3.35834,6.27E-35
3.35384,6.20E-35
3.34934,6.12E-35
3.34484,6.05E-35
3.34034,5.97E-35
3.33584,5.89E-35
3.33134,5.80E-35
3.32684,5.72E-35
3.32234,5.63E-35
3.31783,5.53E-35
3.31333,5.44E-35
3.30882,5.34E-35
3.30431,5.25E-35
3.29981,5.14E-35
3.2953,5.04E-35
3.29079,4.93E-35
3.28628,4.82E-35
3.28177,4.71E-35
3.27726,4.60E-35
3.27275,4.48E-35
3.26823,4.36E-35
3.26372,4.23E-35
3.2592,4.11E-35
3.25469,3.98E-35
3.25017,3.85E-35
3.24566,3.71E-35
3.24114,3.58E-35
3.23662,3.44E-35
3.2321,3.30E-35
3.22758,3.15E-35
3.22306,3.00E-35
3.21854,2.85E-35
3.21402,2.70E-35
3.20949,2.54E-35
3.20497,2.38E-35
3.20045,2.22E-35
3.19592,2.05E-35
3.19139,1.89E-35
3.18687,1.72E-35
3.18234,1.54E-35
3.17781,1.37E-35
3.17328,1.19E-35
3.16875,1.00E-35
3.16422,8.18E-36
3.15969,6.29E-36
3.15516,4.38E-36
3.15062,2.43E-36
3.14609,4.54E-37
3.14155,-1.55E-36
3.13702,-3.59E-36
3.13248,-5.65E-36
3.12795,-7.75E-36
3.12341,-8.93E-36
3.11887,-9.05E-36
3.11433,-9.16E-36
3.10979,-9.27E-36
3.10525,-9.38E-36
3.10071,-9.49E-36
3.09616,-9.60E-36
3.09162,-9.71E-36
3.08707,-9.81E-36
3.08253,-9.91E-36
3.07798,-1.00E-35
3.07344,-1.01E-35
3.06889,-1.02E-35
3.06434,-1.03E-35
3.05979,-1.04E-35
3.05524,-1.05E-35
3.05069,-1.06E-35
3.04614,-1.07E-35
3.04159,-1.08E-35
3.03704,-1.08E-35
3.03248,-1.09E-35
3.02793,-1.10E-35
3.02337,-1.11E-35
3.01882,-1.12E-35
3.01426,-1.12E-35
3.0097,-1.13E-35
3.00514,-1.14E-35
3.00058,-1.15E-35
2.99602,-1.15E-35
2.99146,-1.16E-35
2.9869,-1.17E-35
2.98234,-1.17E-35
2.97778,-1.18E-35
2.97321,-1.18E-35
2.96865,-1.19E-35
2.96408,-1.20E-35
2.95951,-1.20E-35
2.95495,-1.21E-35
2.95038,-1.21E-35
2.94581,-1.22E-35
2.94124,-1.22E-35
2.93667,-1.23E-35
2.9321,-1.23E-35
2.92753,-1.24E-35
2.92295,-1.24E-35
2.91838,-1.25E-35
2.91381,-1.25E-35
2.90923,-1.26E-35
2.90466,-1.26E-35
2.90008,-1.26E-35
2.8955,-1.27E-35
2.89092,-1.27E-35
2.88634,-1.27E-35
2.88176,-1.28E-35
2.87718,-1.28E-35
2.8726,-1.28E-35
2.86802,-1.29E-35
2.86344,-1.29E-35
2.85885,-1.29E-35
2.85427,-1.29E-35
2.84968,-1.30E-35
2.84509,-1.30E-35
2.84051,-1.30E-35
2.83592,-1.30E-35
2.83133,-1.31E-35
2.82674,-1.31E-35
2.82215,-1.31E-35
2.81756,-1.31E-35
2.81297,-1.31E-35
2.80838,-1.31E-35
2.80378,-1.31E-35
2.79919,-1.32E-35
2.79459,-1.32E-35
2.79,-1.32E-35
2.7854,-1.32E-35
2.7808,-1.32E-35
2.7762,-1.32E-35
2.7716,-1.32E-35
2.767,-1.32E-35
2.7624,-1.32E-35
2.7578,-1.32E-35
2.7532,-1.32E-35
2.7486,-1.32E-35
2.74399,-1.32E-35
2.73939,-1.32E-35
2.73478,-1.32E-35
2.73018,-1.32E-35
2.72557,-1.32E-35
2.72096,-1.32E-35
2.71635,-1.32E-35
2.71174,-1.32E-35
2.70713,-1.32E-35
2.70252,-1.32E-35
2.69791,-1.32E-35
2.6933,-1.32E-35
2.68868,-1.32E-35
2.68407,-1.32E-35
2.67945,-1.32E-35
2.67484,-1.32E-35
2.67022,-1.32E-35
2.6656,-1.31E-35
2.66098,-1.31E-35
2.65636,-1.31E-35
2.65174,-1.31E-35
2.64712,-1.31E-35
2.6425,-1.31E-35
2.63788,-1.31E-35
2.63326,-1.31E-35
2.62863,-1.30E-35
2.62401,-1.30E-35
2.61938,-1.30E-35
2.61476,-1.30E-35
2.61013,-1.30E-35
2.6055,-1.30E-35
2.60087,-1.30E-35
2.59624,-1.29E-35
2.59161,-1.29E-35
2.58698,-1.29E-35
2.58235,-1.29E-35
2.57771,-1.29E-35
2.57308,-1.29E-35
2.56845,-1.29E-35
2.56381,-1.28E-35
2.55917,-1.28E-35
2.55454,-1.28E-35
2.5499,-1.28E-35
2.54526,-1.28E-35
2.54062,-1.28E-35
2.53598,-1.27E-35
2.53134,-1.27E-35
2.5267,-1.27E-35
2.52205,-1.27E-35
2.51741,-1.27E-35
2.51277,-1.27E-35
2.50812,-1.26E-35
2.50348,-1.26E-35
2.49883,-1.26E-35
2.49418,-1.26E-35
2.48953,-1.26E-35
2.48488,-1.26E-35
2.48023,-1.26E-35
2.47558,-1.25E-35
2.47093,-1.25E-35
2.46628,-1.25E-35
2.46162,-1.25E-35
2.45697,-1.25E-35
2.45232,-1.25E-35
2.44766,-1.25E-35
2.443,-1.25E-35
2.43835,-1.25E-35
2.43369,-1.24E-35
2.42903,-1.24E-35
2.42437,-1.24E-35
2.41971,-1.24E-35
2.41505,-1.24E-35
2.41038,-1.24E-35
2.40572,-1.24E-35
2.40106,-1.24E-35
2.39639,-1.24E-35
2.39173,-1.24E-35
2.38706,-1.24E-35
2.38239,-1.24E-35
2.37772,-1.24E-35
2.37306,-1.24E-35
2.36839,-1.24E-35
2.36372,-1.24E-35
2.35904,-1.24E-35
2.35437,-1.24E-35
2.3497,-1.24E-35
2.34503,-1.24E-35
2.34035,-1.24E-35
2.33568,-1.24E-35
2.331,-1.24E-35
2.32632,-1.24E-35
2.32164,-1.23E-35
2.31697,-1.22E-35
2.31229,-1.22E-35
2.30761,-1.21E-35
2.30292,-1.20E-35
2.29824,-1.19E-35
2.29356,-1.18E-35
2.28888,-1.18E-35
2.28419,-1.17E-35
2.27951,-1.16E-35
2.27482,-1.15E-35
2.27013,-1.14E-35
2.26545,-1.14E-35
2.26076,-1.13E-35
2.25607,-1.12E-35
2.25138,-1.11E-35
2.24669,-1.11E-35
2.24199,-1.10E-35
2.2373,-1.09E-35
2.23261,-1.08E-35
2.22791,-1.07E-35
2.22322,-1.06E-35
2.21852,-1.06E-35
2.21383,-1.05E-35
2.20913,-1.04E-35
2.20443,-1.03E-35
2.19973,-1.02E-35
2.19503,-1.02E-35
2.19033,-1.01E-35
2.18563,-1.00E-35
2.18092,-9.93E-36
2.17622,-9.85E-36
2.17152,-9.77E-36
2.16681,-9.69E-36
2.16211,-9.61E-36
2.1574,-9.53E-36
2.15269,-9.45E-36
2.14798,-9.37E-36
2.14327,-9.29E-36
2.13856,-9.21E-36
2.13385,-9.13E-36
2.12914,-9.05E-36
2.12443,-8.98E-36
2.11972,-8.90E-36
2.115,-8.82E-36
2.11029,-8.74E-36
2.10557,-8.66E-36
2.10085,-8.59E-36
2.09614,-8.51E-36
2.09142,-8.43E-36
2.0867,-8.36E-36
2.08198,-8.28E-36
2.07726,-8.21E-36
2.07254,-8.13E-36
2.06781,-8.06E-36
2.06309,-7.98E-36
2.05836,-7.91E-36
2.05364,-7.84E-36
2.04891,-7.76E-36
2.04419,-7.69E-36
2.03946,-7.62E-36
2.03473,-7.55E-36
2.03,-7.48E-36
2.02527,-7.41E-36
2.02054,-7.34E-36
2.01581,-7.27E-36
2.01108,-7.20E-36
2.00634,-7.13E-36
2.00161,-7.06E-36
1.99687,-6.99E-36
1.99214,-6.93E-36
1.9874,-6.86E-36
1.98266,-6.79E-36
1.97792,-6.73E-36
1.97319,-6.66E-36
1.96845,-6.60E-36
1.9637,-6.54E-36
1.95896,-6.47E-36
1.95422,-6.41E-36
1.94948,-6.35E-36
1.94473,-6.29E-36
1.93999,-6.23E-36
1.93524,-6.17E-36
1.93049,-6.11E-36
1.92575,-6.05E-36
1.921,-6.00E-36
1.91625,-5.94E-36
1.9115,-5.88E-36
1.90675,-5.83E-36
1.902,-5.77E-36
1.89724,-5.72E-36
1.89249,-5.67E-36
1.88773,-5.62E-36
1.88298,-5.57E-36
1.87822,-5.52E-36
1.87347,-5.47E-36
1.86871,-5.42E-36
1.86395,-5.37E-36
1.85919,-5.32E-36
1.85443,-5.28E-36
1.84967,-5.23E-36
1.84491,-5.19E-36
1.84014,-5.14E-36
1.83538,-5.10E-36
1.83062,-5.06E-36
1.82585,-5.02E-36
1.82108,-4.98E-36
1.81632,-4.94E-36
1.81155,-4.90E-36
1.80678,-4.87E-36
1.80201,-4.83E-36
1.79724,-4.80E-36
1.79247,-4.76E-36
1.7877,-4.73E-36
1.78292,-4.70E-36
1.77815,-4.67E-36
1.77337,-4.64E-36
1.7686,-4.61E-36
1.76382,-4.58E-36
1.75905,-4.55E-36
1.75427,-4.53E-36
1.74949,-4.50E-36
1.74471,-4.48E-36
1.73993,-4.46E-36
1.73515,-4.44E-36
1.73036,-4.41E-36
1.72558,-4.40E-36
1.7208,-4.38E-36
1.71601,-4.36E-36
1.71123,-4.34E-36
1.70644,-4.33E-36
1.70165,-4.32E-36
1.69686,-4.30E-36
1.69207,-4.29E-36
1.68728,-4.28E-36
1.68249,-4.27E-36
1.6777,-4.26E-36
1.67291,-4.26E-36
1.66812,-4.25E-36
1.66332,-4.25E-36
1.65853,-4.24E-36
1.65373,-4.24E-36
1.64893,-4.24E-36
1.64414,-4.24E-36
1.63934,-4.24E-36
1.63454,-4.25E-36
1.62974,-4.25E-36
1.62494,-4.26E-36
1.62013,-4.26E-36
1.61533,-4.27E-36
1.61053,-4.28E-36
1.60572,-4.29E-36
1.60092,-4.30E-36
1.59611,-4.32E-36
1.5913,-4.33E-36
1.5865,-4.35E-36
1.58169,-4.36E-36
1.57688,-4.38E-36
1.57207,-4.40E-36
1.56726,-4.42E-36
1.56244,-4.45E-36
1.55763,-4.47E-36
1.55282,-4.49E-36
1.548,-4.52E-36
1.54319,-4.55E-36
1.53837,-4.58E-36
1.53355,-4.61E-36
1.52873,-4.64E-36
1.52391,-4.67E-36
1.51909,-4.71E-36
1.51427,-4.74E-36
1.50945,-4.78E-36
1.50463,-4.82E-36
1.49981,-4.80E-36
1.49498,-4.76E-36
1.49016,-4.72E-36
1.48533,-4.68E-36
1.4805,-4.63E-36
1.47568,-4.59E-36
1.47085,-4.55E-36
1.46602,-4.51E-36
1.46119,-4.47E-36
1.45636,-4.43E-36
1.45152,-4.39E-36
1.44669,-4.35E-36
1.44186,-4.31E-36
1.43702,-4.27E-36
1.43219,-4.23E-36
1.42735,-4.19E-36
1.42251,-4.15E-36
1.41768,-4.11E-36
1.41284,-4.07E-36
1.408,-4.03E-36
1.40316,-3.99E-36
1.39831,-3.95E-36
1.39347,-3.91E-36
1.38863,-3.87E-36
1.38378,-3.83E-36
1.37894,-3.80E-36
1.37409,-3.76E-36
1.36925,-3.72E-36
1.3644,-3.68E-36
1.35955,-3.65E-36
1.3547,-3.61E-36
1.34985,-3.57E-36
1.345,-3.53E-36
1.34015,-3.50E-36
1.33529,-3.46E-36
1.33044,-3.43E-36
1.32559,-3.39E-36
1.32073,-3.35E-36
1.31587,-3.32E-36
1.31102,-3.28E-36
1.30616,-3.25E-36
1.3013,-3.21E-36
1.29644,-3.18E-36
1.29158,-3.14E-36
1.28672,-3.11E-36
1.28185,-3.08E-36
1.27699,-3.04E-36
1.27213,-3.01E-36
1.26726,-2.98E-36
1.2624,-2.94E-36
1.25753,-2.91E-36
1.25266,-2.88E-36
1.24779,-2.84E-36
1.24292,-2.81E-36
1.23805,-2.78E-36
1.23318,-2.75E-36
1.22831,-2.72E-36
1.22344,-2.68E-36
1.21856,-2.65E-36
1.21369,-2.62E-36
1.20881,-2.59E-36
1.20394,-2.56E-36
1.19906,-2.53E-36
1.19418,-2.50E-36
1.1893,-2.47E-36
1.18442,-2.44E-36
1.17954,-2.41E-36
1.17466,-2.38E-36
1.16978,-2.36E-36
1.16489,-2.33E-36
1.16001,-2.30E-36
1.15512,-2.27E-36
1.15024,-2.24E-36
1.14535,-2.22E-36
1.14046,-2.19E-36
1.13557,-2.16E-36
1.13068,-2.13E-36
1.12579,-2.11E-36
1.1209,-2.08E-36
1.11601,-2.05E-36
1.11112,-2.03E-36
1.10622,-2.00E-36
1.10133,-1.98E-36
1.09643,-1.95E-36
1.09153,-1.93E-36
1.08664,-1.90E-36
1.08174,-1.88E-36
1.07684,-1.86E-36
1.07194,-1.83E-36
1.06704,-1.81E-36
1.06213,-1.78E-36
1.05723,-1.76E-36
1.05233,-1.74E-36
1.04742,-1.72E-36
1.04252,-1.69E-36
1.03761,-1.67E-36
1.0327,-1.65E-36
1.0278,-1.63E-36
1.02289,-1.61E-36
1.01798,-1.59E-36
1.01307,-1.57E-36
1.00815,-1.55E-36
1.00324,-1.53E-36
0.998327,-1.51E-36
0.993413,-1.49E-36
0.988497,-1.47E-36
0.983581,-1.45E-36
0.978664,-1.43E-36
0.973746,-1.41E-36
0.968827,-1.39E-36
0.963907,-1.37E-36
0.958987,-1.36E-36
0.954065,-1.34E-36
0.949142,-1.32E-36
0.944219,-1.30E-36
0.939295,-1.29E-36
0.93437,-1.27E-36
0.929444,-1.25E-36
0.924517,-1.24E-36
0.919589,-1.22E-36
0.91466,-1.21E-36
0.90973,-1.19E-36
0.9048,-1.18E-36
0.899869,-1.16E-36
0.894936,-1.15E-36
0.890003,-1.13E-36
0.885069,-1.12E-36
0.880134,-1.11E-36
0.875198,-1.09E-36
0.870261,-1.08E-36
0.865324,-1.07E-36
0.860385,-1.06E-36
0.855446,-1.04E-36
0.850505,-1.03E-36
0.845564,-1.02E-36
0.840622,-1.01E-36
0.835679,-9.99E-37
0.830735,-9.88E-37
0.82579,-9.78E-37
0.820844,-9.67E-37
0.815897,-9.58E-37
0.81095,-9.48E-37
0.806001,-9.39E-37
0.801052,-9.30E-37
0.796102,-9.21E-37
0.791151,-9.12E-37
0.786199,-9.04E-37
0.781246,-8.96E-37
0.776292,-8.88E-37
0.771337,-8.81E-37
0.766381,-8.74E-37
0.761425,-8.67E-37
0.756467,-8.60E-37
0.751509,-8.54E-37
0.74655,-8.48E-37
0.74159,-8.42E-37
0.736629,-8.37E-37
0.731667,-8.32E-37
0.726704,-8.27E-37
0.72174,-8.22E-37
0.716775,-8.18E-37
0.71181,-8.14E-37
0.706843,-8.10E-37
0.701876,-8.07E-37
0.696907,-8.03E-37
0.691938,-8.00E-37
0.686968,-7.98E-37
0.681997,-7.95E-37
0.677025,-7.93E-37
0.672052,-7.91E-37
0.667079,-7.90E-37
0.662104,-7.89E-37
0.657128,-7.88E-37
0.652152,-7.85E-37
0.647175,-7.77E-37
0.642196,-7.69E-37
0.637217,-7.61E-37
0.632237,-7.53E-37
0.627256,-7.45E-37
0.622274,-7.38E-37
0.617291,-7.30E-37
0.612308,-7.23E-37
0.607323,-7.16E-37
0.602337,-7.08E-37
0.597351,-7.01E-37
0.592364,-6.94E-37
0.587375,-6.87E-37
0.582386,-6.80E-37
0.577396,-6.74E-37
0.572405,-6.67E-37
0.567413,-6.60E-37
0.56242,-6.54E-37
0.557426,-6.47E-37
0.552432,-6.41E-37
0.547436,-6.34E-37
0.54244,-6.28E-37
0.537442,-6.22E-37
0.532444,-6.16E-37
0.527445,-6.10E-37
0.522444,-6.04E-37
0.517443,-5.98E-37
0.512441,-5.92E-37
0.507439,-5.86E-37
0.502435,-5.80E-37
0.49743,-5.75E-37
0.492424,-5.69E-37
0.487418,-5.63E-37
0.48241,-5.58E-37
0.477402,-5.52E-37
0.472393,-5.47E-37
0.467382,-5.42E-37
0.462371,-5.36E-37
0.457359,-5.31E-37
0.452346,-5.26E-37
0.447332,-5.21E-37
0.442317,-5.15E-37
0.437302,-5.10E-37
0.432285,-5.05E-37
0.427267,-5.00E-37
0.422249,-4.95E-37
0.417229,-4.90E-37
0.412209,-4.85E-37
0.407188,-4.81E-37
0.402165,-4.76E-37
0.397142,-4.71E-37
0.392118,-4.66E-37
0.387093,-4.61E-37
0.382067,-4.57E-37
0.377041,-4.52E-37
0.372013,-4.47E-37
0.366984,-4.43E-37
0.361955,-4.38E-37
0.356924,-4.33E-37
0.351893,-4.29E-37
0.34686,-4.24E-37
0.341827,-4.20E-37
0.336793,-4.15E-37
0.331758,-4.11E-37
0.326722,-4.06E-37
0.321685,-4.02E-37
0.316647,-3.97E-37
0.311608,-3.93E-37
0.306568,-3.88E-37
0.301527,-3.84E-37
0.296486,-3.79E-37
0.291443,-3.75E-37
0.2864,-3.71E-37
0.281355,-3.66E-37
0.27631,-3.62E-37
0.271264,-3.57E-37
0.266216,-3.53E-37
0.261168,-3.48E-37
0.256119,-3.44E-37
0.251069,-3.40E-37
0.246018,-3.35E-37
0.240966,-3.31E-37
0.235914,-3.26E-37
0.23086,-3.22E-37
0.225805,-3.17E-37
0.22075,-3.13E-37
0.215693,-3.08E-37
0.210636,-3.04E-37
0.205577,-2.99E-37
0.200518,-2.95E-37
0.195458,-2.90E-37
0.190396,-2.86E-37
0.185334,-2.81E-37
0.180271,-2.76E-37
0.175207,-2.72E-37
0.170142,-2.67E-37
0.165076,-2.62E-37
0.16001,-2.58E-37
0.154942,-2.53E-37
0.149873,-2.48E-37
0.144804,-2.43E-37
0.139733,-2.39E-37
0.134662,-2.34E-37
0.129589,-2.29E-37
0.124516,-2.24E-37
0.119441,-2.19E-37
0.114366,-2.14E-37
0.10929,-2.09E-37
0.104213,-2.04E-37
0.0991349,-1.99E-37
0.0940559,-1.94E-37
0.0889759,-1.89E-37
0.0838951,-1.83E-37
0.0788132,-1.78E-37
0.0737305,-1.73E-37
0.0686468,-1.67E-37
0.0635621,-1.62E-37
0.0584765,-1.57E-37
0.05339,-1.53E-37
0.0483025,-1.51E-37
0.0432141,-1.49E-37
0.0381248,-1.46E-37
0.0330345,-1.44E-37
0.0279432,-1.42E-37
0.0228511,-1.40E-37
0.0177579,-1.37E-37
0.0126639,-1.35E-37
0.00756885,-1.33E-37
0.00247288,-1.31E-37
-0.00262403,-1.29E-37
-0.00772188,-1.27E-37
-0.0128207,-1.25E-37
-0.0179204,-1.23E-37
-0.0230211,-1.21E-37
-0.0281228,-1.19E-37
-0.0332254,-1.17E-37
-0.0383289,-1.15E-37
-0.0434334,-1.13E-37
-0.0485388,-1.11E-37
-0.0536452,-1.09E-37
-0.0587525,-1.08E-37
-0.0638608,-1.06E-37
-0.06897,-1.04E-37
-0.0740802,-1.02E-37
-0.0791913,-1.00E-37
-0.0843034,-9.87E-38
-0.0894164,-9.70E-38
-0.0945304,-9.53E-38
-0.0996453,-9.36E-38
-0.104761,-9.20E-38
-0.109878,-9.03E-38
-0.114996,-8.87E-38
-0.120115,-8.71E-38
-0.125234,-8.55E-38
-0.130355,-8.40E-38
-0.135477,-8.24E-38
-0.140599,-8.09E-38
-0.145723,-7.94E-38
-0.150847,-7.79E-38
-0.155972,-7.64E-38
-0.161099,-7.49E-38
-0.166226,-7.35E-38
-0.171354,-7.21E-38
-0.176484,-7.06E-38
-0.181614,-6.92E-38
-0.186745,-6.78E-38
-0.191877,-6.65E-38
-0.19701,-6.51E-38
-0.202144,-6.37E-38
-0.207279,-6.24E-38
-0.212415,-6.11E-38
-0.217552,-5.98E-38
-0.22269,-5.84E-38
-0.227829,-5.72E-38
-0.232968,-5.59E-38
-0.238109,-5.46E-38
-0.243251,-5.33E-38
-0.248394,-5.21E-38
-0.253537,-5.09E-38
-0.258682,-4.96E-38
-0.263827,-4.84E-38
-0.268974,-4.72E-38
-0.274121,-4.60E-38
-0.27927,-4.48E-38
-0.284419,-4.36E-38
-0.289569,-4.24E-38
-0.294721,-4.13E-38
-0.299873,-4.01E-38
-0.305026,-3.90E-38
-0.31018,-3.78E-38
-0.315336,-3.67E-38
-0.320492,-3.55E-38
-0.325649,-3.44E-38
-0.330807,-3.33E-38
-0.335966,-3.22E-38
-0.341126,-3.11E-38
-0.346287,-3.00E-38
-0.351449,-2.89E-38
-0.356612,-2.78E-38
-0.361775,-2.67E-38
-0.36694,-2.56E-38
-0.372106,-2.45E-38
-0.377273,-2.35E-38
-0.382441,-2.24E-38
-0.387609,-2.13E-38
-0.392779,-2.03E-38
-0.39795,-1.92E-38
-0.403121,-1.82E-38
-0.408294,-1.71E-38
-0.413467,-1.61E-38
-0.418642,-1.50E-38
-0.423817,-1.40E-38
-0.428994,-1.29E-38
-0.434171,-1.19E-38
-0.43935,-1.09E-38
-0.444529,-9.82E-39
-0.449709,-8.79E-39
-0.454891,-7.75E-39
-0.460073,-6.72E-39
-0.465256,-5.69E-39
-0.47044,-4.66E-39
-0.475626,-3.62E-39
-0.480812,-2.59E-39
-0.485999,-1.56E-39
-0.491187,-5.29E-40
-0.496376,5.03E-40
-0.501566,1.54E-39
-0.506757,2.57E-39
-0.511949,3.60E-39
-0.517142,4.64E-39
-0.522336,5.68E-39
-0.527531,6.72E-39
-0.532727,7.76E-39
-0.537924,8.80E-39
-0.543122,9.84E-39
-0.548321,1.09E-38
-0.553521,1.19E-38
-0.558722,1.25E-38
-0.563923,1.31E-38
-0.569126,1.36E-38
-0.57433,1.42E-38
-0.579535,1.48E-38
-0.584741,1.53E-38
-0.589947,1.59E-38
-0.595155,1.64E-38
-0.600364,1.70E-38
-0.605573,1.75E-38
-0.610784,1.80E-38
-0.615996,1.85E-38
-0.621208,1.90E-38
-0.626422,1.95E-38
-0.631636,2.00E-38
-0.636852,2.05E-38
-0.642068,2.09E-38
-0.647286,2.14E-38
-0.652504,2.18E-38
-0.657724,2.23E-38
-0.662944,2.27E-38
-0.668166,2.32E-38
-0.673388,2.36E-38
-0.678612,2.40E-38
-0.683836,2.44E-38
-0.689062,2.48E-38
-0.694288,2.52E-38
-0.699515,2.56E-38
-0.704744,2.60E-38
-0.709973,2.64E-38
-0.715203,2.67E-38
-0.720435,2.71E-38
-0.725667,2.74E-38
-0.7309,2.78E-38
-0.736135,2.81E-38
-0.74137,2.85E-38
-0.746606,2.88E-38
-0.751844,2.91E-38
-0.757082,2.94E-38
-0.762321,2.98E-38
-0.767561,3.01E-38
-0.772803,3.04E-38
-0.778045,3.06E-38
-0.783288,3.09E-38
-0.788532,3.12E-38
-0.793777,3.15E-38
-0.799024,3.18E-38
-0.804271,3.20E-38
-0.809519,3.23E-38
-0.814768,3.25E-38
-0.820018,3.28E-38
-0.82527,3.30E-38
-0.830522,3.32E-38
-0.835775,3.35E-38
-0.841029,3.37E-38
-0.846284,3.39E-38
-0.85154,3.41E-38
-0.856798,3.43E-38
-0.862056,3.45E-38
-0.867315,3.47E-38
-0.872575,3.49E-38
-0.877836,3.51E-38
-0.883098,3.53E-38
-0.888362,3.55E-38
-0.893626,3.56E-38
-0.898891,3.58E-38
-0.904157,3.59E-38
-0.909424,3.61E-38
-0.914692,3.63E-38
-0.919961,3.64E-38
-0.925232,3.65E-38
-0.930503,3.67E-38
-0.935775,3.68E-38
-0.941048,3.69E-38
-0.946322,3.70E-38
-0.951597,3.71E-38
-0.956874,3.73E-38
-0.962151,3.74E-38
-0.967429,3.75E-38
-0.972708,3.76E-38
-0.977988,3.76E-38
-0.983269,3.77E-38
-0.988552,3.78E-38
-0.993835,3.79E-38
-0.999119,3.80E-38
-1.0044,3.80E-38
-1.00969,3.81E-38
-1.01498,3.81E-38
-1.02027,3.82E-38
-1.02556,3.82E-38
-1.03085,3.83E-38
-1.03614,3.83E-38
-1.04143,3.84E-38
-1.04672,3.84E-38
-1.05202,3.84E-38
-1.05731,3.84E-38
-1.06261,3.84E-38
-1.06791,3.85E-38
-1.0732,3.85E-38
-1.0785,3.85E-38
-1.0838,3.85E-38
-1.0891,3.85E-38
-1.09441,3.85E-38
-1.09971,3.84E-38
-1.10502,3.84E-38
-1.11032,3.84E-38
-1.11563,3.84E-38
-1.12093,3.83E-38
-1.12624,3.83E-38
-1.13155,3.83E-38
-1.13686,3.82E-38
-1.14217,3.82E-38
-1.14749,3.81E-38
-1.1528,3.81E-38
-1.15811,3.80E-38
-1.16343,3.79E-38
-1.16875,3.79E-38
-1.17406,3.78E-38
-1.17938,3.77E-38
-1.1847,3.77E-38
-1.19002,3.76E-38
-1.19535,3.75E-38
-1.20067,3.75E-38
-1.20599,3.74E-38
-1.21132,3.73E-38
-1.21664,3.72E-38
-1.22197,3.71E-38
-1.2273,3.70E-38
-1.23263,3.69E-38
-1.23796,3.68E-38
-1.24329,3.67E-38
-1.24862,3.66E-38
-1.25395,3.65E-38
-1.25928,3.64E-38
-1.26462,3.62E-38
-1.26996,3.61E-38
-1.27529,3.60E-38
-1.28063,3.59E-38
-1.28597,3.57E-38
-1.29131,3.56E-38
-1.29665,3.54E-38
-1.30199,3.53E-38
-1.30734,3.52E-38
-1.31268,3.50E-38
-1.31803,3.48E-38
-1.32337,3.47E-38
-1.32872,3.45E-38
-1.33407,3.44E-38
-1.33942,3.42E-38
-1.34477,3.40E-38
-1.35012,3.38E-38
-1.35547,3.37E-38
-1.36082,3.35E-38
-1.36618,3.33E-38
-1.37153,3.31E-38
-1.37689,3.29E-38
-1.38225,3.27E-38
-1.38761,3.25E-38
-1.39297,3.23E-38
-1.39833,3.21E-38
-1.40369,3.19E-38
-1.40905,3.17E-38
-1.41441,3.15E-38
-1.41978,3.13E-38
-1.42514,3.10E-38
-1.43051,3.08E-38
-1.43588,3.06E-38
-1.44125,3.04E-38
-1.44662,3.01E-38
-1.45199,2.99E-38
-1.45736,2.96E-38
-1.46273,2.94E-38
-1.46811,2.91E-38
-1.47348,2.89E-38
-1.47886,2.86E-38
-1.48424,2.84E-38
-1.48961,2.81E-38
-1.49499,2.79E-38
-1.50037,2.76E-38
-1.50575,2.73E-38
-1.51114,2.70E-38
-1.51652,2.68E-38
-1.52191,2.65E-38
-1.52729,2.62E-38
-1.53268,2.59E-38
-1.53806,2.56E-38
-1.54345,2.53E-38
-1.54884,2.50E-38
-1.55423,2.47E-38
-1.55962,2.44E-38
-1.56502,2.41E-38
-1.57041,2.38E-38
-1.57581,2.35E-38
-1.5812,2.32E-38
-1.5866,2.29E-38
-1.592,2.26E-38
-1.5974,2.22E-38
-1.6028,2.19E-38
-1.6082,2.16E-38
-1.6136,2.12E-38
-1.619,2.09E-38
-1.62441,2.06E-38
-1.62981,2.02E-38
-1.63522,1.99E-38
-1.64063,1.95E-38
-1.64603,1.92E-38
-1.65144,1.88E-38
-1.65685,1.85E-38
-1.66227,1.81E-38
-1.66768,1.77E-38
-1.67309,1.74E-38
-1.67851,1.70E-38
-1.68392,1.66E-38
-1.68934,1.62E-38
-1.69476,1.59E-38
-1.70018,1.55E-38
-1.7056,1.51E-38
-1.71102,1.47E-38
-1.71644,1.43E-38
-1.72186,1.39E-38
-1.72729,1.35E-38
-1.73271,1.31E-38
-1.73814,1.27E-38
-1.74356,1.23E-38
-1.74899,1.19E-38
-1.75442,1.15E-38
-1.75985,1.10E-38
-1.76528,1.06E-38
-1.77072,1.02E-38
-1.77615,9.75E-39
-1.78158,9.32E-39
-1.78702,8.89E-39
-1.79246,8.45E-39
-1.79789,8.01E-39
-1.80333,7.56E-39
-1.80877,7.12E-39
-1.81421,6.66E-39
-1.81966,6.36E-39
-1.8251,6.07E-39
-1.83054,5.78E-39
-1.83599,5.49E-39
-1.84144,5.20E-39
-1.84688,4.92E-39
-1.85233,4.63E-39
-1.85778,4.35E-39
-1.86323,4.06E-39
-1.86868,3.78E-39
-1.87414,3.50E-39
-1.87959,3.22E-39
-1.88504,2.94E-39
-1.8905,2.66E-39
-1.89596,2.38E-39
-1.90141,2.11E-39
-1.90687,1.83E-39
-1.91233,1.56E-39
-1.91779,1.29E-39
-1.92326,1.02E-39
-1.92872,7.50E-40
-1.93418,4.83E-40
-1.93965,2.17E-40
-1.94512,-4.66E-41
-1.95058,-3.09E-40
-1.95605,-5.70E-40
-1.96152,-8.29E-40
-1.96699,-1.09E-39
-1.97246,-1.34E-39
-1.97794,-1.60E-39
-1.98341,-1.85E-39
-1.98889,-2.10E-39
-1.99436,-2.35E-39
-1.99984,-2.60E-39
-2.00532,-2.84E-39
-2.0108,-3.09E-39
-2.01628,-3.33E-39
-2.02176,-3.57E-39
-2.02724,-3.81E-39
-2.03272,-4.04E-39
-2.03821,-4.28E-39
-2.0437,-4.51E-39
-2.04918,-4.74E-39
-2.05467,-4.97E-39
-2.06016,-5.20E-39
-2.06565,-5.42E-39
-2.07114,-5.64E-39
-2.07663,-5.86E-39
-2.08212,-6.08E-39
-2.08762,-6.30E-39
-2.09311,-6.51E-39
-2.09861,-6.73E-39
-2.10411,-6.94E-39
-2.10961,-7.14E-39
-2.11511,-7.35E-39
-2.12061,-7.55E-39
-2.12611,-7.75E-39
-2.13161,-7.95E-39
-2.13712,-8.15E-39
-2.14262,-8.34E-39
-2.14813,-8.53E-39
-2.15363,-8.72E-39
-2.15914,-8.91E-39
-2.16465,-9.09E-39
-2.17016,-9.28E-39
-2.17567,-9.46E-39
-2.18119,-9.63E-39
-2.1867,-9.81E-39
-2.19221,-9.98E-39
-2.19773,-1.02E-38
-2.20325,-1.03E-38
-2.20877,-1.05E-38
-2.21428,-1.06E-38
-2.2198,-1.08E-38
-2.22533,-1.10E-38
-2.23085,-1.11E-38
-2.23637,-1.13E-38
-2.2419,-1.14E-38
-2.24742,-1.16E-38
-2.25295,-1.17E-38
-2.25848,-1.19E-38
-2.264,-1.20E-38
-2.26953,-1.21E-38
-2.27507,-1.23E-38
-2.2806,-1.24E-38
-2.28613,-1.25E-38
-2.29167,-1.26E-38
-2.2972,-1.28E-38
-2.30274,-1.29E-38
-2.30827,-1.30E-38
-2.31381,-1.31E-38
-2.31935,-1.32E-38
-2.32489,-1.33E-38
-2.33044,-1.34E-38
-2.33598,-1.35E-38
-2.34152,-1.36E-38
-2.34707,-1.37E-38
-2.35261,-1.38E-38
-2.35816,-1.39E-38
-2.36371,-1.40E-38
-2.36926,-1.41E-38
-2.37481,-1.42E-38
-2.38036,-1.43E-38
-2.38591,-1.43E-38
-2.39147,-1.44E-38
-2.39702,-1.45E-38
-2.40258,-1.46E-38
-2.40814,-1.46E-38
-2.41369,-1.47E-38
-2.41925,-1.47E-38
-2.42481,-1.48E-38
-2.43038,-1.49E-38
-2.43594,-1.49E-38
-2.4415,-1.49E-38
-2.44707,-1.50E-38
-2.45263,-1.50E-38
-2.4582,-1.51E-38
-2.46377,-1.51E-38
-2.46934,-1.51E-38
-2.47491,-1.52E-38
-2.48048,-1.52E-38
-2.48605,-1.53E-38
-2.49163,-1.53E-38
-2.4972,-1.54E-38
-2.50278,-1.54E-38
-2.50835,-1.54E-38
-2.51393,-1.55E-38
-2.51951,-1.55E-38
-2.52509,-1.55E-38
-2.53067,-1.56E-38
-2.53625,-1.56E-38
-2.54184,-1.56E-38
-2.54742,-1.56E-38
-2.55301,-1.56E-38
-2.55859,-1.56E-38
-2.56418,-1.57E-38
-2.56977,-1.57E-38
-2.57536,-1.57E-38
-2.58095,-1.57E-38
-2.58655,-1.57E-38
-2.59214,-1.57E-38
-2.59773,-1.57E-38
-2.60333,-1.56E-38
-2.60893,-1.56E-38
-2.61452,-1.56E-38
-2.62012,-1.56E-38
-2.62572,-1.56E-38
-2.63132,-1.56E-38
-2.63693,-1.55E-38
-2.64253,-1.55E-38
-2.64813,-1.55E-38
-2.65374,-1.54E-38
-2.65935,-1.54E-38
-2.66495,-1.54E-38
-2.67056,-1.53E-38
-2.67617,-1.53E-38
-2.68178,-1.52E-38
-2.6874,-1.52E-38
-2.69301,-1.51E-38
-2.69863,-1.51E-38
-2.70424,-1.50E-38
-2.70986,-1.50E-38
-2.71548,-1.49E-38
-2.72109,-1.48E-38
-2.72671,-1.48E-38
-2.73234,-1.47E-38
-2.73796,-1.46E-38
-2.74358,-1.45E-38
-2.74921,-1.45E-38
-2.75483,-1.44E-38
-2.76046,-1.43E-38
-2.76609,-1.42E-38
-2.77172,-1.41E-38
-2.77735,-1.40E-38
-2.78298,-1.39E-38
-2.78861,-1.38E-38
-2.79424,-1.37E-38
-2.79988,-1.36E-38
-2.80551,-1.35E-38
-2.81115,-1.34E-38
-2.81679,-1.33E-38
-2.82243,-1.32E-38
-2.82807,-1.31E-38
-2.83371,-1.29E-38
-2.83935,-1.28E-38
-2.84499,-1.27E-38
-2.85064,-1.26E-38
-2.85629,-1.24E-38
-2.86193,-1.23E-38
-2.86758,-1.22E-38
-2.87323,-1.20E-38
-2.87888,-1.19E-38
-2.88453,-1.17E-38
-2.89018,-1.16E-38
-2.89584,-1.14E-38
-2.90149,-1.13E-38
-2.90715,-1.11E-38
-2.91281,-1.10E-38
-2.91846,-1.08E-38
-2.92412,-1.06E-38
-2.92978,-1.05E-38
-2.93544,-1.03E-38
-2.94111,-1.01E-38
-2.94677,-9.96E-39
-2.95244,-9.78E-39
-2.9581,-9.60E-39
-2.96377,-9.42E-39
-2.96944,-9.24E-39
-2.97511,-9.05E-39
-2.98078,-8.86E-39
-2.98645,-8.67E-39
-2.99212,-8.47E-39
-2.9978,-8.27E-39
-3.00347,-8.07E-39
-3.00915,-7.87E-39
-3.01482,-7.66E-39
-3.0205,-7.45E-39
-3.02618,-7.24E-39
-3.03186,-7.03E-39
-3.03755,-6.81E-39
-3.04323,-6.59E-39
-3.04891,-6.37E-39
-3.0546,-6.14E-39
-3.06028,-5.91E-39
-3.06597,-5.68E-39
-3.07166,-5.45E-39
-3.07735,-5.21E-39
-3.08304,-4.98E-39
-3.08873,-4.74E-39
-3.09443,-4.49E-39
-3.10012,-4.25E-39
-3.10582,-4.00E-39
-3.11151,-3.75E-39
-3.11721,-3.49E-39
-3.12291,-3.23E-39
-3.12861,-2.98E-39
-3.13431,-2.71E-39
-3.14001,-2.53E-39
-3.14572,-2.37E-39
-3.15142,-2.20E-39
-3.15713,-2.04E-39
-3.16284,-1.88E-39
-3.16854,-1.71E-39
-3.17425,-1.55E-39
-3.17996,-1.39E-39
-3.18567,-1.23E-39
-3.19139,-1.07E-39
-3.1971,-9.03E-40
-3.20282,-7.41E-40
-3.20853,-5.80E-40
-3.21425,-4.19E-40
-3.21997,-2.58E-40
-3.22569,-9.72E-41
-3.23141,6.31E-41
-3.23713,2.23E-40
-3.24285,3.83E-40
-3.24858,5.42E-40
-3.2543,7.01E-40
-3.26003,8.59E-40
-3.26576,1.02E-39
-3.27148,1.17E-39
-3.27721,1.33E-39
-3.28294,1.49E-39
-3.28868,1.64E-39
-3.29441,1.80E-39
-3.30014,1.95E-39
-3.30588,2.11E-39
-3.31162,2.26E-39
-3.31735,2.41E-39
-3.32309,2.57E-39
-3.32883,2.72E-39
-3.33458,2.87E-39
-3.34032,3.02E-39
-3.34606,3.17E-39
-3.35181,3.32E-39
-3.35755,3.46E-39
-3.3633,3.61E-39
-3.36905,3.76E-39
-3.3748,3.90E-39
-3.38055,4.05E-39
-3.3863,4.19E-39
-3.39205,4.33E-39
-3.39781,4.47E-39
-3.40356,4.61E-39
-3.40932,4.75E-39
-3.41507,4.89E-39
-3.42083,5.03E-39
-3.42659,5.17E-39
-3.43235,5.30E-39
-3.43812,5.44E-39
-3.44388,5.57E-39
-3.44964,5.70E-39
-3.45541,5.83E-39
-3.46118,5.96E-39
-3.46694,6.09E-39
-3.47271,6.22E-39
-3.47848,6.35E-39
-3.48425,6.47E-39
-3.49003,6.59E-39
-3.4958,6.72E-39
-3.50158,6.84E-39
-3.50735,6.96E-39
-3.51313,7.08E-39
-3.51891,7.19E-39
-3.52469,7.31E-39
-3.53047,7.42E-39
-3.53625,7.54E-39
-3.54203,7.65E-39
-3.54782,7.76E-39
-3.5536,7.87E-39
-3.55939,7.97E-39
-3.56518,8.08E-39
-3.57096,8.18E-39
-3.57675,8.29E-39
-3.58255,8.39E-39
-3.58834,8.49E-39
-3.59413,8.59E-39
-3.59993,8.68E-39
-3.60572,8.78E-39
-3.61152,8.87E-39
-3.61732,8.96E-39
-3.62312,9.05E-39
-3.62892,9.14E-39
-3.63472,9.23E-39
-3.64052,9.31E-39
-3.64633,9.39E-39
-3.65213,9.48E-39
-3.65794,9.56E-39
-3.66374,9.63E-39
-3.66955,9.71E-39
-3.67536,9.78E-39
-3.68117,9.86E-39
-3.68699,9.93E-39
-3.6928,9.99E-39
-3.69861,1.01E-38
-3.70443,1.01E-38
-3.71025,1.02E-38
-3.71607,1.02E-38
-3.72188,1.03E-38
-3.72771,1.04E-38
-3.73353,1.04E-38
-3.73935,1.05E-38
-3.74517,1.05E-38
-3.751,1.06E-38
-3.75682,1.06E-38
-3.76265,1.07E-38
-3.76848,1.07E-38
-3.77431,1.07E-38
-3.78014,1.08E-38
-3.78597,1.08E-38
-3.79181,1.09E-38
-3.79764,1.09E-38
-3.80348,1.09E-38
-3.80931,1.10E-38
-3.81515,1.10E-38
-3.82099,1.10E-38
-3.82683,1.10E-38
-3.83267,1.11E-38
-3.83852,1.11E-38
-3.84436,1.12E-38
-3.85021,1.12E-38
-3.85605,1.12E-38
-3.8619,1.12E-38
-3.86775,1.13E-38
-3.8736,1.13E-38
-3.87945,1.13E-38
-3.8853,1.13E-38
-3.89116,1.14E-38
-3.89701,1.14E-38
-3.90287,1.14E-38
-3.90872,1.14E-38
-3.91458,1.14E-38
-3.92044,1.14E-38
-3.9263,1.15E-38
-3.93216,1.15E-38
-3.93803,1.15E-38
-3.94389,1.15E-38
-3.94976,1.15E-38
-3.95562,1.15E-38
-3.96149,1.15E-38
-3.96736,1.15E-38
-3.97323,1.15E-38
-3.9791,1.15E-38
-3.98497,1.14E-38
-3.99085,1.14E-38
-3.99672,1.14E-38
-4.0026,1.14E-38
-4.00847,1.14E-38
-4.01435,1.14E-38
-4.02023,1.13E-38
-4.02611,1.13E-38
-4.03199,1.13E-38
-4.03788,1.13E-38
-4.04376,1.12E-38
-4.04965,1.12E-38
-4.05553,1.12E-38
-4.06142,1.11E-38
-4.06731,1.11E-38
-4.0732,1.11E-38
-4.07909,1.10E-38
-4.08499,1.10E-38
-4.09088,1.09E-38
-4.09678,1.09E-38
-4.10267,1.08E-38
-4.10857,1.08E-38
-4.11447,1.07E-38
-4.12037,1.07E-38
-4.12627,1.06E-38
-4.13217,1.05E-38
-4.13808,1.05E-38
-4.14398,1.04E-38
-4.14989,1.03E-38
-4.15579,1.03E-38
-4.1617,1.02E-38
-4.16761,1.01E-38
-4.17352,1.00E-38
-4.17943,9.96E-39
-4.18535,9.88E-39
-4.19126,9.80E-39
-4.19718,9.71E-39
-4.20309,9.63E-39
-4.20901,9.54E-39
-4.21493,9.44E-39
-4.22085,9.35E-39
-4.22677,9.25E-39
-4.2327,9.16E-39
-4.23862,9.06E-39
-4.24454,8.95E-39
-4.25047,8.85E-39
-4.2564,8.74E-39
-4.26233,8.63E-39
-4.26826,8.52E-39
-4.27419,8.40E-39
-4.28012,8.29E-39
-4.28605,8.17E-39
-4.29199,8.05E-39
-4.29793,7.93E-39
-4.30386,7.80E-39
-4.3098,7.67E-39
-4.31574,7.54E-39
-4.32168,7.41E-39
-4.32762,7.28E-39
-4.33357,7.14E-39
-4.33951,7.00E-39
-4.34546,6.86E-39
-4.3514,6.72E-39
-4.35735,6.57E-39
-4.3633,6.42E-39
-4.36925,6.27E-39
-4.3752,6.12E-39
-4.38116,5.96E-39
-4.38711,5.81E-39
-4.39307,5.65E-39
-4.39902,5.49E-39
-4.40498,5.32E-39
-4.41094,5.15E-39
-4.4169,4.99E-39
-4.42286,4.81E-39
-4.42882,4.64E-39
-4.43479,4.47E-39
-4.44075,4.29E-39
-4.44672,4.11E-39
-4.45269,3.92E-39
-4.45866,3.74E-39
-4.46463,3.55E-39
-4.4706,3.36E-39
-4.47657,3.17E-39
-4.48254,2.98E-39
-4.48852,2.78E-39
-4.49449,2.58E-39
-4.50047,2.38E-39
-4.50645,2.17E-39
-4.51243,1.97E-39
-4.51841,1.76E-39
-4.52439,1.60E-39
-4.53038,1.47E-39
-4.53636,1.35E-39
-4.54235,1.22E-39
-4.54833,1.09E-39
-4.55432,9.66E-40
-4.56031,8.40E-40
-4.5663,7.13E-40
-4.57229,5.86E-40
-4.57829,4.59E-40
-4.58428,3.31E-40
-4.59028,2.04E-40
-4.59627,7.72E-41
-4.60227,-5.00E-41
-4.60827,-1.77E-40
-4.61427,-3.04E-40
-4.62027,-4.31E-40
-4.62628,-5.58E-40
-4.63228,-6.85E-40
-4.63829,-8.12E-40
-4.64429,-9.39E-40
-4.6503,-1.07E-39
-4.65631,-1.19E-39
-4.66232,-1.32E-39
-4.66833,-1.44E-39
-4.67435,-1.57E-39
-4.68036,-1.70E-39
-4.68637,-1.82E-39
-4.69239,-1.95E-39
-4.69841,-2.07E-39
-4.70443,-2.20E-39
-4.71045,-2.32E-39
-4.71647,-2.44E-39
-4.72249,-2.57E-39
-4.72852,-2.69E-39
-4.73454,-2.82E-39
-4.74057,-2.94E-39
-4.7466,-3.06E-39
-4.75262,-3.18E-39
-4.75865,-3.30E-39
-4.76469,-3.43E-39
-4.77072,-3.55E-39
-4.77675,-3.67E-39
-4.78279,-3.79E-39
-4.78882,-3.91E-39
-4.79486,-4.03E-39
-4.8009,-4.15E-39
-4.80694,-4.26E-39
-4.81298,-4.38E-39
-4.81902,-4.50E-39
-4.82507,-4.61E-39
-4.83111,-4.73E-39
-4.83716,-4.85E-39
-4.8432,-4.96E-39
-4.84925,-5.08E-39
-4.8553,-5.19E-39
-4.86135,-5.30E-39
-4.86741,-5.41E-39
-4.87346,-5.53E-39
-4.87952,-5.64E-39
-4.88557,-5.75E-39
-4.89163,-5.86E-39
-4.89769,-5.97E-39
-4.90375,-6.08E-39
-4.90981,-6.18E-39
-4.91587,-6.29E-39
-4.92193,-6.40E-39
-4.928,-6.50E-39
-4.93406,-6.61E-39
-4.94013,-6.71E-39
-4.9462,-6.81E-39
-4.95227,-6.91E-39
-4.95834,-7.02E-39
-4.96441,-7.12E-39
-4.97049,-7.22E-39
-4.97656,-7.31E-39
-4.98264,-7.41E-39
-4.98871,-7.51E-39
-4.99479,-7.61E-39
-5.00087,-7.70E-39
-5.00695,-7.79E-39
-5.01304,-7.89E-39
-5.01912,-7.98E-39
-5.0252,-8.07E-39
-5.03129,-8.16E-39
-5.03738,-8.25E-39
-5.04347,-8.34E-39
-5.04955,-8.43E-39
-5.05565,-8.51E-39
-5.06174,-8.60E-39
-5.06783,-8.68E-39
-5.07393,-8.77E-39
-5.08002,-8.85E-39
-5.08612,-8.93E-39
-5.09222,-9.01E-39
-5.09832,-9.09E-39
-5.10442,-9.17E-39
-5.11052,-9.24E-39
-5.11662,-9.32E-39
-5.12273,-9.39E-39
-5.12883,-9.47E-39
-5.13494,-9.54E-39
-5.14105,-9.61E-39
-5.14716,-9.68E-39
-5.15327,-9.75E-39
-5.15938,-9.82E-39
-5.1655,-9.88E-39
-5.17161,-9.95E-39
-5.17773,-1.00E-38
-5.18384,-1.01E-38
-5.18996,-1.01E-38
-5.19608,-1.02E-38
-5.2022,-1.03E-38
-5.20833,-1.03E-38
-5.21445,-1.04E-38
-5.22057,-1.04E-38
-5.2267,-1.05E-38
-5.23283,-1.05E-38
-5.23896,-1.06E-38
-5.24509,-1.06E-38
-5.25122,-1.07E-38
-5.25735,-1.07E-38
-5.26348,-1.08E-38
-5.26962,-1.08E-38
-5.27575,-1.08E-38
-5.28189,-1.09E-38
-5.28803,-1.09E-38
-5.29417,-1.09E-38
-5.30031,-1.10E-38
-5.30645,-1.10E-38
-5.3126,-1.10E-38
-5.31874,-1.11E-38
-5.32489,-1.11E-38
-5.33104,-1.11E-38
-5.33718,-1.11E-38
-5.34334,-1.12E-38
-5.34949,-1.12E-38
-5.35564,-1.12E-38
-5.36179,-1.12E-38
-5.36795,-1.12E-38
-5.3741,-1.13E-38
-5.38026,-1.13E-38
-5.38642,-1.13E-38
-5.39258,-1.13E-38
-5.39874,-1.13E-38
-5.4049,-1.13E-38
-5.41107,-1.13E-38
-5.41723,-1.13E-38
-5.4234,-1.13E-38
-5.42957,-1.13E-38
-5.43574,-1.13E-38
-5.44191,-1.13E-38
-5.44808,-1.13E-38
-5.45425,-1.13E-38
-5.46043,-1.13E-38
-5.4666,-1.13E-38
-5.47278,-1.13E-38
-5.47896,-1.12E-38
-5.48514,-1.12E-38
-5.49132,-1.12E-38
-5.4975,-1.12E-38
-5.50368,-1.12E-38
-5.50986,-1.11E-38
-5.51605,-1.11E-38
-5.52224,-1.11E-38
-5.52843,-1.11E-38
-5.53461,-1.10E-38
-5.54081,-1.10E-38
-5.547,-1.10E-38
-5.55319,-1.09E-38
-5.55938,-1.09E-38
-5.56558,-1.09E-38
-5.57178,-1.08E-38
-5.57798,-1.08E-38
-5.58418,-1.07E-38
-5.59038,-1.07E-38
-5.59658,-1.06E-38
-5.60278,-1.06E-38
-5.60899,-1.05E-38
-5.61519,-1.05E-38
-5.6214,-1.04E-38
-5.62761,-1.04E-38
-5.63382,-1.03E-38
-5.64003,-1.02E-38
-5.64624,-1.02E-38
-5.65245,-1.01E-38
-5.65867,-1.00E-38
-5.66489,-9.97E-39
-5.6711,-9.90E-39
-5.67732,-9.83E-39
-5.68354,-9.75E-39
-5.68976,-9.68E-39
-5.69599,-9.60E-39
-5.70221,-9.52E-39
-5.70844,-9.43E-39
-5.71466,-9.35E-39
-5.72089,-9.26E-39
-5.72712,-9.17E-39
-5.73335,-9.08E-39
-5.73958,-8.99E-39
-5.74581,-8.89E-39
-5.75205,-8.79E-39
-5.75828,-8.69E-39
-5.76452,-8.59E-39
-5.77076,-8.49E-39
-5.777,-8.38E-39
-5.78324,-8.28E-39
-5.78948,-8.17E-39
-5.79572,-8.06E-39
-5.80197,-7.94E-39
-5.80821,-7.83E-39
-5.81446,-7.71E-39
-5.82071,-7.59E-39
-5.82696,-7.47E-39
-5.83321,-7.34E-39
-5.83946,-7.22E-39
-5.84571,-7.09E-39
-5.85197,-6.96E-39
-5.85823,-6.83E-39
-5.86448,-6.69E-39
-5.87074,-6.56E-39
-5.877,-6.42E-39
-5.88326,-6.28E-39
-5.88953,-6.14E-39
-5.89579,-5.99E-39
-5.90205,-5.85E-39
-5.90832,-5.70E-39
-5.91459,-5.55E-39
-5.92086,-5.40E-39
-5.92713,-5.24E-39
-5.9334,-5.08E-39
-5.93967,-4.92E-39
-5.94595,-4.76E-39
-5.95222,-4.60E-39
-5.9585,-4.43E-39
-5.96478,-4.27E-39
-5.97106,-4.10E-39
-5.97734,-3.95E-39
-5.98362,-3.85E-39
-5.9899,-3.74E-39
-5.99619,-3.63E-39
-6.00247,-3.53E-39
-6.00876,-3.42E-39
-6.01505,-3.31E-39
-6.02134,-3.20E-39
-6.02763,-3.09E-39
-6.03392,-2.98E-39
-6.04021,-2.87E-39
-6.04651,-2.76E-39
-6.0528,-2.65E-39
-6.0591,-2.54E-39
-6.0654,-2.43E-39
-6.0717,-2.32E-39
-6.078,-2.21E-39
-6.0843,-2.10E-39
-6.09061,-1.99E-39
-6.09691,-1.87E-39
-6.10322,-1.76E-39
-6.10953,-1.65E-39
-6.11584,-1.54E-39
-6.12215,-1.42E-39
-6.12846,-1.31E-39
-6.13477,-1.20E-39
-6.14109,-1.08E-39
-6.1474,-9.71E-40
-6.15372,-8.57E-40
-6.16004,-7.43E-40
-6.16636,-6.29E-40
-6.17268,-5.15E-40
-6.179,-4.01E-40
-6.18532,-2.87E-40
-6.19165,-1.72E-40
-6.19798,-5.80E-41
-6.2043,5.65E-41
-6.21063,1.71E-40
-6.21696,2.86E-40
-6.22329,4.00E-40
-6.22963,5.15E-40
-6.23596,6.30E-40
-6.24229,7.44E-40
-6.24863,8.59E-40
-6.25497,9.73E-40
-6.26131,1.09E-39
-6.26765,1.20E-39
-6.27399,1.32E-39
-6.28033,1.43E-39
-6.28668,1.55E-39
-6.29302,1.66E-39
-6.29937,1.77E-39
-6.30572,1.89E-39
-6.31207,2.00E-39
-6.31842,2.12E-39
-6.32477,2.23E-39
-6.33113,2.34E-39
-6.33748,2.46E-39
-6.34384,2.57E-39
-6.35019,2.68E-39
-6.35655,2.80E-39
-6.36291,2.91E-39
-6.36928,3.02E-39
-6.37564,3.13E-39
-6.382,3.25E-39
-6.38837,3.36E-39
-6.39473,3.47E-39
-6.4011,3.58E-39
-6.40747,3.69E-39
-6.41384,3.80E-39
-6.42021,3.91E-39
-6.42659,4.03E-39
-6.43296,4.14E-39
-6.43934,4.24E-39
-6.44572,4.35E-39
-6.45209,4.46E-39
-6.45847,4.57E-39
-6.46485,4.68E-39
-6.47124,4.79E-39
-6.47762,4.90E-39
-6.48401,5.00E-39
-6.49039,5.11E-39
-6.49678,5.22E-39
-6.50317,5.32E-39
-6.50956,5.43E-39
-6.51595,5.54E-39
-6.52234,5.64E-39
-6.52874,5.75E-39
-6.53513,5.85E-39
-6.54153,5.95E-39
-6.54793,6.06E-39
-6.55433,6.16E-39
-6.56073,6.26E-39
-6.56713,6.37E-39
-6.57354,6.47E-39
-6.57994,6.57E-39
-6.58635,6.67E-39
-6.59276,6.77E-39
-6.59916,6.87E-39
-6.60557,6.97E-39
-6.61199,7.07E-39
-6.6184,7.16E-39
-6.62481,7.26E-39
-6.63123,7.36E-39
-6.63765,7.46E-39
-6.64406,7.55E-39
-6.65048,7.65E-39
-6.6569,7.74E-39
-6.66333,7.83E-39
-6.66975,7.93E-39
-6.67617,8.02E-39
-6.6826,8.11E-39
-6.68903,8.20E-39
-6.69546,8.30E-39
-6.70189,8.39E-39
-6.70832,8.48E-39
-6.71475,8.57E-39
-6.72119,8.65E-39
-6.72762,8.74E-39
-6.73406,8.81E-39
-6.7405,8.88E-39
-6.74694,8.94E-39
-6.75338,9.01E-39
-6.75982,9.07E-39
-6.76626,9.13E-39
-6.77271,9.19E-39
-6.77915,9.25E-39
-6.7856,9.31E-39
-6.79205,9.37E-39
-6.7985,9.42E-39
-6.80495,9.48E-39
-6.8114,9.53E-39
-6.81786,9.58E-39
-6.82431,9.63E-39
-6.83077,9.68E-39
-6.83723,9.73E-39
-6.84369,9.78E-39
-6.85015,9.82E-39
-6.85661,9.86E-39
-6.86307,9.91E-39
-6.86954,9.95E-39
-6.876,9.99E-39
-6.88247,1.00E-38
-6.88894,1.01E-38
-6.89541,1.01E-38
-6.90188,1.01E-38
-6.90835,1.02E-38
-6.91483,1.02E-38
-6.9213,1.02E-38
-6.92778,1.03E-38
-6.93426,1.03E-38
-6.94074,1.03E-38
-6.94722,1.03E-38
-6.9537,1.03E-38
-6.96018,1.04E-38
-6.96667,1.04E-38
-6.97315,1.04E-38
-6.97964,1.04E-38
-6.98613,1.04E-38
-6.99262,1.04E-38
-6.99911,1.05E-38
-7.0056,1.05E-38
-7.0121,1.05E-38
-7.01859,1.05E-38
-7.02509,1.05E-38
-7.03159,1.05E-38
-7.03809,1.05E-38
-7.04459,1.05E-38
-7.05109,1.05E-38
-7.05759,1.05E-38
-7.0641,1.05E-38
-7.0706,1.05E-38
-7.07711,1.05E-38
-7.08362,1.05E-38
-7.09013,1.04E-38
-7.09664,1.04E-38
-7.10315,1.04E-38
-7.10967,1.04E-38
-7.11618,1.04E-38
-7.1227,1.04E-38
-7.12922,1.03E-38
-7.13574,1.03E-38
-7.14226,1.03E-38
-7.14878,1.03E-38
-7.1553,1.02E-38
-7.16183,1.02E-38
-7.16836,1.02E-38
-7.17488,1.01E-38
-7.18141,1.01E-38
-7.18794,1.01E-38
-7.19447,1.00E-38
-7.20101,9.99E-39
-7.20754,9.94E-39
-7.21408,9.90E-39
-7.22061,9.85E-39
-7.22715,9.80E-39
-7.23369,9.75E-39
-7.24023,9.70E-39
-7.24677,9.65E-39
-7.25332,9.59E-39
-7.25986,9.53E-39
-7.26641,9.48E-39
-7.27296,9.41E-39
-7.27951,9.35E-39
-7.28606,9.29E-39
-7.29261,9.22E-39
-7.29916,9.15E-39
-7.30572,9.08E-39
-7.31227,9.01E-39
-7.31883,8.93E-39
-7.32539,8.85E-39
-7.33195,8.78E-39
-7.33851,8.70E-39
-7.34507,8.61E-39
-7.35164,8.53E-39
-7.3582,8.44E-39
-7.36477,8.35E-39
-7.37134,8.26E-39
-7.37791,8.17E-39
-7.38448,8.08E-39
-7.39105,7.98E-39
-7.39762,7.88E-39
-7.4042,7.78E-39
-7.41077,7.68E-39
-7.41735,7.58E-39
-7.42393,7.47E-39
-7.43051,7.36E-39
-7.43709,7.25E-39
-7.44367,7.14E-39
-7.45026,7.03E-39
-7.45684,6.91E-39
-7.46343,6.79E-39
-7.47002,6.67E-39
-7.47661,6.55E-39
-7.4832,6.43E-39
-7.48979,6.30E-39
-7.49639,6.17E-39
-7.50298,6.05E-39
-7.50958,5.97E-39
-7.51617,5.88E-39
-7.52277,5.80E-39
-7.52937,5.71E-39
-7.53598,5.63E-39
-7.54258,5.54E-39
-7.54918,5.46E-39
-7.55579,5.37E-39
-7.5624,5.28E-39
-7.56901,5.20E-39
-7.57562,5.11E-39
-7.58223,5.03E-39
-7.58884,4.94E-39
-7.59545,4.85E-39
-7.60207,4.77E-39
-7.60869,4.68E-39
-7.6153,4.60E-39
-7.62192,4.51E-39
-7.62854,4.43E-39
-7.63517,4.34E-39
-7.64179,4.26E-39
-7.64842,4.17E-39
-7.65504,4.09E-39
-7.66167,4.01E-39
-7.6683,3.92E-39
-7.67493,3.84E-39
-7.68156,3.76E-39
-7.68819,3.67E-39
-7.69483,3.59E-39
-7.70146,3.51E-39
-7.7081,3.43E-39
-7.71474,3.35E-39
-7.72138,3.27E-39
-7.72802,3.19E-39
-7.73466,3.11E-39
-7.74131,3.03E-39
-7.74795,2.96E-39
-7.7546,2.88E-39
-7.76125,2.80E-39
-7.7679,2.73E-39
-7.77455,2.65E-39
-7.7812,2.58E-39
-7.78785,2.51E-39
-7.79451,2.44E-39
-7.80116,2.36E-39
-7.80782,2.29E-39
-7.81448,2.22E-39
-7.82114,2.16E-39
-7.8278,2.09E-39
-7.83447,2.02E-39
-7.84113,1.96E-39
-7.8478,1.89E-39
-7.85446,1.83E-39
-7.86113,1.76E-39
-7.8678,1.70E-39
-7.87447,1.64E-39
-7.88115,1.58E-39
-7.88782,1.52E-39
-7.8945,1.47E-39
-7.90117,1.41E-39
-7.90785,1.36E-39
-7.91453,1.30E-39
-7.92121,1.25E-39
-7.92789,1.20E-39
-7.93458,1.15E-39
-7.94126,1.10E-39
-7.94795,1.06E-39
-7.95464,1.01E-39
-7.96132,9.66E-40
-7.96801,9.23E-40
-7.97471,8.82E-40
-7.9814,8.43E-40
-7.98809,8.04E-40
-7.99479,7.68E-40
-8.00149,7.33E-40
-8.00819,6.99E-40
-8.01489,6.67E-40
-8.02159,6.37E-40
-8.02829,6.08E-40
-8.03499,5.59E-40
-8.0417,5.09E-40
-8.04841,4.60E-40
-8.05511,4.12E-40
-8.06182,3.65E-40
-8.06854,3.18E-40
-8.07525,2.72E-40
-8.08196,2.27E-40
-8.08868,1.82E-40
-8.09539,1.39E-40
-8.10211,9.57E-41
-8.10883,5.38E-41
-8.11555,1.26E-41
-8.12227,-2.77E-41
-8.129,-6.72E-41
-8.13572,-1.06E-40
-8.14245,-1.44E-40
-8.14917,-1.81E-40
-8.1559,-2.17E-40
-8.16263,-2.52E-40
-8.16936,-2.86E-40
-8.1761,-3.19E-40
-8.18283,-3.52E-40
-8.18957,-3.83E-40
-8.1963,-4.14E-40
-8.20304,-4.44E-40
-8.20978,-4.73E-40
-8.21652,-5.00E-40
-8.22327,-5.27E-40
-8.23001,-5.53E-40
-8.23676,-5.78E-40
-8.2435,-6.02E-40
-8.25025,-6.25E-40
-8.257,-6.47E-40
-8.26375,-6.69E-40
-8.2705,-6.89E-40
-8.27726,-7.08E-40
-8.28401,-7.26E-40
-8.29077,-7.43E-40
-8.29753,-7.59E-40
-8.30428,-7.74E-40
-8.31104,-7.88E-40
-8.31781,-8.01E-40
-8.32457,-8.13E-40
-8.33133,-8.24E-40
-8.3381,-8.34E-40
-8.34487,-8.43E-40
-8.35164,-8.50E-40
-8.35841,-8.57E-40
-8.36518,-8.63E-40
-8.37195,-8.67E-40
-8.37873,-8.71E-40
-8.3855,-8.73E-40
-8.39228,-8.74E-40
-8.39906,-8.74E-40
-8.40584,-8.73E-40
-8.41262,-8.71E-40
-8.4194,-8.68E-40
-8.42618,-8.64E-40
-8.43297,-8.58E-40
-8.43976,-8.52E-40
-8.44654,-8.44E-40
-8.45333,-8.35E-40
-8.46012,-8.25E-40
-8.46692,-8.14E-40
-8.47371,-8.01E-40
-8.4805,-7.88E-40
-8.4873,-7.73E-40
-8.4941,-7.57E-40
-8.5009,-7.40E-40
-8.5077,-7.22E-40
-8.5145,-7.03E-40
-8.5213,-6.82E-40
-8.52811,-6.60E-40
-8.53491,-6.37E-40
-8.54172,-6.13E-40
-8.54853,-5.88E-40
-8.55534,-5.61E-40
-8.56215,-5.33E-40
-8.56896,-5.19E-40
-8.57578,-5.11E-40
-8.58259,-5.04E-40
-8.58941,-4.96E-40
-8.59623,-4.88E-40
-8.60305,-4.79E-40
-8.60987,-4.71E-40
-8.61669,-4.62E-40
-8.62352,-4.52E-40
-8.63034,-4.43E-40
-8.63717,-4.33E-40
-8.644,-4.23E-40
-8.65083,-4.13E-40
-8.65766,-4.03E-40
-8.66449,-3.92E-40
-8.67132,-3.81E-40
-8.67816,-3.70E-40
-8.68499,-3.59E-40
-8.69183,-3.48E-40
-8.69867,-3.37E-40
-8.70551,-3.25E-40
-8.71235,-3.14E-40
-8.7192,-3.02E-40
-8.72604,-2.90E-40
-8.73289,-2.78E-40
-8.73974,-2.66E-40
-8.74658,-2.54E-40
-8.75343,-2.42E-40
-8.76029,-2.30E-40
-8.76714,-2.18E-40
-8.77399,-2.05E-40
-8.78085,-1.93E-40
-8.78771,-1.81E-40
-8.79457,-1.69E-40
-8.80143,-1.56E-40
-8.80829,-1.44E-40
-8.81515,-1.32E-40
-8.82201,-1.20E-40
-8.82888,-1.08E-40
-8.83575,-9.55E-41
-8.84261,-8.35E-41
-8.84948,-7.16E-41
-8.85635,-5.98E-41
-8.86323,-4.81E-41
-8.8701,-3.65E-41
-8.87698,-2.51E-41
-8.88385,-1.37E-41
-8.89073,-2.54E-42
-8.89761,8.49E-42
-8.90449,1.94E-41
-8.91137,3.00E-41
-8.91826,4.05E-41
-8.92514,5.08E-41
-8.93203,6.09E-41
-8.93892,7.08E-41
-8.94581,8.04E-41
-8.9527,8.98E-41
-8.95959,9.90E-41
-8.96648,1.08E-40
-8.97338,1.17E-40
-8.98027,1.25E-40
-8.98717,1.33E-40
-8.99407,1.41E-40
-9.00097,1.48E-40
-9.00787,1.55E-40
-9.01477,1.62E-40
-9.02168,1.68E-40
-9.02858,1.74E-40
-9.03549,1.80E-40
-9.0424,1.86E-40
-9.04931,1.91E-40
-9.05622,1.95E-40
-9.06313,1.99E-40
-9.07005,2.03E-40
-9.07696,2.06E-40
-9.08388,2.09E-40
-9.0908,2.12E-40
-9.09772,2.14E-40
-9.10464,2.15E-40
-9.11156,2.19E-40
-9.11849,2.29E-40
-9.12541,2.39E-40
-9.13234,2.49E-40
-9.13927,2.58E-40
-9.14619,2.67E-40
-9.15313,2.76E-40
-9.16006,2.86E-40
-9.16699,2.94E-40
-9.17393,3.03E-40
-9.18086,3.12E-40
-9.1878,3.20E-40
-9.19474,3.28E-40
-9.20168,3.36E-40
-9.20862,3.44E-40
-9.21557,3.52E-40
-9.22251,3.59E-40
-9.22946,3.67E-40
-9.2364,3.74E-40
-9.24335,3.81E-40
-9.2503,3.88E-40
-9.25726,3.94E-40
-9.26421,4.00E-40
-9.27116,4.07E-40
-9.27812,4.12E-40
-9.28508,4.18E-40
-9.29203,4.23E-40
-9.29899,4.29E-40
-9.30596,4.34E-40
-9.31292,4.38E-40
-9.31988,4.43E-40
-9.32685,4.47E-40
-9.33382,4.51E-40
-9.34078,4.55E-40
-9.34775,4.58E-40
-9.35473,4.61E-40
-9.3617,4.64E-40
-9.36867,4.67E-40
-9.37565,4.69E-40
-9.38263,4.71E-40
-9.3896,4.73E-40
-9.39658,4.75E-40
-9.40356,4.76E-40
-9.41055,4.77E-40
-9.41753,4.77E-40
-9.42452,4.78E-40
-9.4315,4.78E-40
-9.43849,4.77E-40
-9.44548,4.77E-40
-9.45247,4.76E-40
-9.45946,4.74E-40
-9.46646,4.73E-40
-9.47345,4.71E-40
-9.48045,4.69E-40
-9.48745,4.66E-40
-9.49444,4.63E-40
-9.50144,4.60E-40
-9.50845,4.56E-40
-9.51545,4.52E-40
-9.52245,4.48E-40
-9.52946,4.43E-40
-9.53647,4.38E-40
-9.54348,4.33E-40
-9.55049,4.27E-40
-9.5575,4.21E-40
-9.56451,4.14E-40
-9.57153,4.07E-40
-9.57854,4.00E-40
-9.58556,3.92E-40
-9.59258,3.84E-40
-9.5996,3.76E-40
-9.60662,3.67E-40
-9.61364,3.58E-40
-9.62067,3.48E-40
-9.62769,3.38E-40
-9.63472,3.27E-40
-9.64175,3.16E-40
-9.64878,3.05E-40
-9.65581,2.93E-40
-9.66284,2.82E-40
-9.66988,2.78E-40
-9.67691,2.74E-40
-9.68395,2.69E-40
-9.69099,2.65E-40
-9.69803,2.61E-40
-9.70507,2.56E-40
-9.71211,2.52E-40
-9.71916,2.47E-40
-9.7262,2.42E-40
-9.73325,2.38E-40
-9.7403,2.33E-40
-9.74735,2.28E-40
-9.7544,2.23E-40
-9.76145,2.18E-40
-9.7685,2.13E-40
-9.77556,2.08E-40
-9.78261,2.03E-40
-9.78967,1.98E-40
-9.79673,1.92E-40
-9.80379,1.87E-40
-9.81085,1.82E-40
-9.81792,1.76E-40
-9.82498,1.71E-40
-9.83205,1.66E-40
-9.83912,1.60E-40
-9.84618,1.55E-40
-9.85325,1.49E-40
-9.86033,1.44E-40
-9.8674,1.38E-40
-9.87447,1.32E-40
-9.88155,1.27E-40
-9.88863,1.21E-40
-9.89571,1.16E-40
-9.90279,1.10E-40
-9.90987,1.04E-40
-9.91695,9.87E-41
-9.92404,9.31E-41
-9.93112,8.75E-41
-9.93821,8.18E-41
-9.9453,7.62E-41
-9.95239,7.06E-41
-9.95948,6.49E-41
-9.96657,5.93E-41
-9.97367,5.38E-41
-9.98076,4.82E-41
-9.98786,4.26E-41
-9.99496,3.71E-41
-10.0021,3.16E-41
-10.0092,2.61E-41
-10.0163,2.07E-41
-10.0234,1.53E-41
-10.0305,9.90E-42
-10.0376,4.57E-42
-10.0447,-7.27E-43
-10.0518,-5.98E-42
-10.0589,-1.12E-41
-10.066,-1.63E-41
-10.0731,-2.14E-41
-10.0802,-2.65E-41
-10.0874,-3.15E-41
-10.0945,-3.64E-41
-10.1016,-4.13E-41
-10.1087,-4.61E-41
-10.1158,-5.09E-41
-10.123,-5.55E-41
-10.1301,-6.01E-41
-10.1372,-6.47E-41
-10.1443,-6.91E-41
-10.1515,-7.35E-41
-10.1586,-7.78E-41
-10.1657,-8.20E-41
-10.1729,-8.61E-41
-10.18,-9.01E-41
-10.1871,-9.40E-41
-10.1943,-9.79E-41
-10.2014,-1.02E-40
-10.2086,-1.05E-40
-10.2157,-1.09E-40
-10.2228,-1.12E-40
-10.23,-1.16E-40
-10.2371,-1.21E-40
-10.2443,-1.25E-40
-10.2514,-1.29E-40
-10.2586,-1.34E-40
-10.2657,-1.38E-40
-10.2729,-1.42E-40
-10.28,-1.46E-40
-10.2872,-1.50E-40
-10.2944,-1.54E-40
-10.3015,-1.57E-40
-10.3087,-1.61E-40
-10.3158,-1.65E-40
-10.323,-1.68E-40
-10.3302,-1.71E-40
-10.3373,-1.75E-40
-10.3445,-1.78E-40
-10.3517,-1.81E-40
-10.3588,-1.84E-40
-10.366,-1.87E-40
-10.3732,-1.90E-40
-10.3804,-1.93E-40
-10.3875,-1.95E-40
-10.3947,-1.98E-40
-10.4019,-2.00E-40
-10.4091,-2.02E-40
-10.4162,-2.05E-40
-10.4234,-2.07E-40
-10.4306,-2.09E-40
-10.4378,-2.10E-40
-10.445,-2.12E-40
-10.4522,-2.14E-40
-10.4594,-2.15E-40
-10.4665,-2.17E-40
-10.4737,-2.18E-40
-10.4809,-2.19E-40
-10.4881,-2.20E-40
-10.4953,-2.21E-40
-10.5025,-2.21E-40
-10.5097,-2.22E-40
-10.5169,-2.22E-40
-10.5241,-2.23E-40
-10.5313,-2.23E-40
-10.5385,-2.23E-40
-10.5457,-2.23E-40
-10.5529,-2.23E-40
-10.5602,-2.22E-40
-10.5674,-2.22E-40
-10.5746,-2.21E-40
-10.5818,-2.20E-40
-10.589,-2.19E-40
-10.5962,-2.18E-40
-10.6034,-2.16E-40
-10.6107,-2.15E-40
-10.6179,-2.13E-40
-10.6251,-2.11E-40
-10.6323,-2.09E-40
-10.6395,-2.07E-40
-10.6468,-2.05E-40
-10.654,-2.03E-40
-10.6612,-2.00E-40
-10.6685,-1.97E-40
-10.6757,-1.94E-40
-10.6829,-1.91E-40
-10.6902,-1.88E-40
-10.6974,-1.84E-40
-10.7046,-1.80E-40
-10.7119,-1.76E-40
-10.7191,-1.72E-40
-10.7264,-1.68E-40
-10.7336,-1.64E-40
-10.7408,-1.59E-40
-10.7481,-1.54E-40
-10.7553,-1.49E-40
-10.7626,-1.44E-40
-10.7698,-1.38E-40
-10.7771,-1.33E-40
-10.7843,-1.27E-40
-10.7916,-1.21E-40
-10.7988,-1.17E-40
-10.8061,-1.15E-40
-10.8134,-1.12E-40
-10.8206,-1.10E-40
-10.8279,-1.07E-40
-10.8351,-1.05E-40
-10.8424,-1.03E-40
-10.8497,-1.00E-40
-10.8569,-9.76E-41
-10.8642,-9.51E-41
-10.8715,-9.25E-41
-10.8787,-8.99E-41
-10.886,-8.73E-41
-10.8933,-8.47E-41
-10.9006,-8.20E-41
-10.9078,-7.93E-41
-10.9151,-7.65E-41
-10.9224,-7.38E-41
-10.9297,-7.10E-41
-10.937,-6.82E-41
-10.9442,-6.54E-41
-10.9515,-6.26E-41
-10.9588,-5.97E-41
-10.9661,-5.69E-41
-10.9734,-5.40E-41
-10.9807,-5.11E-41
-10.988,-4.82E-41
-10.9953,-4.53E-41
-11.0026,-4.23E-41
-11.0098,-3.94E-41
-11.0171,-3.64E-41
-11.0244,-3.35E-41
-11.0317,-3.05E-41
-11.039,-2.75E-41
-11.0463,-2.45E-41
-11.0536,-2.15E-41
-11.061,-1.86E-41
-11.0683,-1.56E-41
-11.0756,-1.26E-41
-11.0829,-9.58E-42
-11.0902,-6.59E-42
-11.0975,-3.60E-42
-11.1048,-6.19E-43
-11.1121,2.36E-42
-11.1194,5.33E-42
-11.1268,8.30E-42
-11.1341,1.13E-41
-11.1414,1.42E-41
-11.1487,1.71E-41
-11.1561,2.01E-41
-11.1634,2.30E-41
-11.1707,2.59E-41
-11.178,2.88E-41
-11.1854,3.17E-41
-11.1927,3.45E-41
-11.2,3.74E-41
-11.2074,4.02E-41
-11.2147,4.30E-41
-11.222,4.57E-41
-11.2294,4.85E-41
-11.2367,5.12E-41
-11.244,5.39E-41
-11.2514,5.66E-41
-11.2587,5.93E-41
-11.2661,6.19E-41
-11.2734,6.45E-41
-11.2808,6.71E-41
-11.2881,6.96E-41
-11.2955,7.21E-41
-11.3028,7.46E-41
-11.3102,7.70E-41
-11.3175,7.94E-41
-11.3249,8.18E-41
-11.3322,8.41E-41
-11.3396,8.64E-41
-11.347,8.87E-41
-11.3543,9.09E-41
-11.3617,9.31E-41
-11.369,9.52E-41
-11.3764,9.73E-41
-11.3838,9.95E-41
-11.3911,1.02E-40
-11.3985,1.04E-40
-11.4059,1.06E-40
-11.4133,1.08E-40
-11.4206,1.10E-40
-11.428,1.12E-40
-11.4354,1.14E-40
-11.4428,1.16E-40
-11.4501,1.18E-40
-11.4575,1.20E-40
-11.4649,1.21E-40
-11.4723,1.23E-40
-11.4797,1.25E-40
-11.4871,1.26E-40
-11.4944,1.28E-40
-11.5018,1.30E-40
-11.5092,1.31E-40
-11.5166,1.32E-40
-11.524,1.34E-40
-11.5314,1.35E-40
-11.5388,1.36E-40
-11.5462,1.38E-40
-11.5536,1.39E-40
-11.561,1.40E-40
-11.5684,1.41E-40
-11.5758,1.42E-40
-11.5832,1.43E-40
-11.5906,1.43E-40
-11.598,1.44E-40
-11.6054,1.45E-40
-11.6128,1.45E-40
-11.6202,1.46E-40
-11.6277,1.46E-40
-11.6351,1.47E-40
-11.6425,1.47E-40
-11.6499,1.47E-40
-11.6573,1.48E-40
-11.6647,1.48E-40
-11.6722,1.48E-40
-11.6796,1.48E-40
-11.687,1.48E-40
-11.6944,1.47E-40
-11.7019,1.47E-40
-11.7093,1.47E-40
-11.7167,1.46E-40
-11.7242,1.46E-40
-11.7316,1.45E-40
-11.739,1.45E-40
-11.7465,1.44E-40
-11.7539,1.43E-40
-11.7613,1.42E-40
-11.7688,1.41E-40
-11.7762,1.40E-40
-11.7836,1.39E-40
-11.7911,1.38E-40
-11.7985,1.36E-40
-11.806,1.35E-40
-11.8134,1.34E-40
-11.8209,1.32E-40
-11.8283,1.30E-40
-11.8358,1.28E-40
-11.8432,1.27E-40
-11.8507,1.25E-40
-11.8581,1.22E-40
-11.8656,1.20E-40
-11.8731,1.18E-40
-11.8805,1.16E-40
-11.888,1.13E-40
-11.8954,1.11E-40
-11.9029,1.08E-40
-11.9104,1.05E-40
-11.9178,1.02E-40
-11.9253,9.93E-41
-11.9328,9.62E-41
-11.9402,9.31E-41
-11.9477,8.98E-41
-11.9552,8.64E-41
-11.9627,8.29E-41
-11.9701,8.12E-41
-11.9776,7.96E-41
-11.9851,7.81E-41
-11.9926,7.65E-41
-12.0001,7.48E-41
-12.0075,7.32E-41
-12.015,7.15E-41
-12.0225,6.99E-41
-12.03,6.82E-41
-12.0375,6.64E-41
-12.045,6.47E-41
-12.0525,6.30E-41
-12.06,6.12E-41
-12.0675,5.94E-41
-12.075,5.76E-41
-12.0825,5.58E-41
-12.09,5.39E-41
-12.0975,5.21E-41
-12.105,5.02E-41
-12.1125,4.83E-41
-12.12,4.64E-41
-12.1275,4.45E-41
-12.135,4.26E-41
-12.1425,4.07E-41
-12.15,3.88E-41
-12.1575,3.68E-41
-12.165,3.49E-41
-12.1725,3.29E-41
-12.18,3.09E-41
-12.1876,2.89E-41
-12.1951,2.70E-41
-12.2026,2.50E-41
-12.2101,2.30E-41
-12.2176,2.09E-41
-12.2252,1.89E-41
-12.2327,1.69E-41
-12.2402,1.49E-41
-12.2477,1.29E-41
-12.2553,1.08E-41
-12.2628,8.82E-42
-12.2703,6.79E-42
-12.2779,4.76E-42
-12.2854,2.73E-42
-12.2929,6.96E-43
-12.3005,-1.33E-42
-12.308,-3.36E-42
-12.3155,-5.39E-42
-12.3231,-7.41E-42
-12.3306,-9.43E-42
-12.3382,-1.14E-41
-12.3457,-1.35E-41
-12.3533,-1.55E-41
-12.3608,-1.75E-41
-12.3684,-1.95E-41
-12.3759,-2.14E-41
-12.3835,-2.34E-41
-12.391,-2.54E-41
-12.3986,-2.74E-41
-12.4061,-2.93E-41
-12.4137,-3.13E-41
-12.4213,-3.32E-41
-12.4288,-3.51E-41
-12.4364,-3.70E-41
-12.4439,-3.89E-41
-12.4515,-4.08E-41
-12.4591,-4.27E-41
-12.4666,-4.45E-41
-12.4742,-4.64E-41
-12.4818,-4.82E-41
-12.4893,-5.00E-41
-12.4969,-5.18E-41
-12.5045,-5.36E-41
-12.5121,-5.54E-41
-12.5196,-5.71E-41
-12.5272,-5.88E-41
-12.5348,-6.05E-41
-12.5424,-6.22E-41
-12.55,-6.39E-41
-12.5575,-6.55E-41
-12.5651,-6.70E-41
-12.5727,-6.83E-41
-12.5803,-6.96E-41
-12.5879,-7.08E-41
-12.5955,-7.20E-41
-12.6031,-7.32E-41
-12.6107,-7.43E-41
-12.6183,-7.54E-41
-12.6259,-7.64E-41
-12.6335,-7.74E-41
-12.6411,-7.83E-41
-12.6487,-7.92E-41
-12.6563,-8.01E-41
-12.6639,-8.09E-41
-12.6715,-8.16E-41
-12.6791,-8.23E-41
-12.6867,-8.29E-41
-12.6943,-8.35E-41
-12.7019,-8.40E-41
-12.7095,-8.45E-41
-12.7171,-8.49E-41
-12.7247,-8.53E-41
-12.7324,-8.55E-41
-12.74,-8.58E-41
-12.7476,-8.60E-41
-12.7552,-8.61E-41
-12.7628,-8.61E-41
-12.7704,-8.61E-41
-12.7781,-8.60E-41
-12.7857,-8.59E-41
-12.7933,-8.57E-41
-12.801,-8.54E-41
-12.8086,-8.50E-41
-12.8162,-8.46E-41
-12.8238,-8.41E-41
-12.8315,-8.36E-41
-12.8391,-8.29E-41
-12.8467,-8.22E-41
-12.8544,-8.14E-41
-12.862,-8.06E-41
-12.8697,-7.96E-41
-12.8773,-7.86E-41
-12.8849,-7.75E-41
-12.8926,-7.63E-41
-12.9002,-7.51E-41
-12.9079,-7.38E-41
-12.9155,-7.23E-41
-12.9232,-7.08E-41
-12.9308,-6.92E-41
-12.9385,-6.76E-41
-12.9461,-6.58E-41
-12.9538,-6.40E-41
-12.9614,-6.20E-41
-12.9691,-6.00E-41
-12.9768,-5.82E-41
-12.9844,-5.71E-41
-12.9921,-5.60E-41
-12.9997,-5.49E-41
-13.0074,-5.37E-41
-13.0151,-5.25E-41
-13.0227,-5.13E-41
-13.0304,-5.01E-41
-13.0381,-4.89E-41
-13.0457,-4.76E-41
-13.0534,-4.63E-41
-13.0611,-4.50E-41
-13.0688,-4.37E-41
-13.0764,-4.24E-41
-13.0841,-4.10E-41
-13.0918,-3.96E-41
-13.0995,-3.82E-41
-13.1072,-3.69E-41
-13.1148,-3.54E-41
-13.1225,-3.40E-41
-13.1302,-3.26E-41
-13.1379,-3.12E-41
-13.1456,-2.97E-41
-13.1533,-2.83E-41
-13.161,-2.68E-41
-13.1687,-2.53E-41
-13.1764,-2.38E-41
-13.1841,-2.24E-41
-13.1918,-2.09E-41
-13.1995,-1.94E-41
-13.2071,-1.79E-41
-13.2149,-1.64E-41
-13.2226,-1.49E-41
-13.2303,-1.34E-41
-13.238,-1.19E-41
-13.2457,-1.04E-41
-13.2534,-8.93E-42
-13.2611,-7.45E-42
-13.2688,-5.97E-42
-13.2765,-4.50E-42
-13.2842,-3.03E-42
-13.2919,-1.58E-42
-13.2996,-1.28E-43
-13.3074,1.31E-42
-13.3151,2.74E-42
-13.3228,4.16E-42
-13.3305,5.56E-42
-13.3382,6.95E-42
-13.346,8.33E-42
-13.3537,9.69E-42
-13.3614,1.10E-41
-13.3691,1.24E-41
-13.3769,1.37E-41
-13.3846,1.50E-41
-13.3923,1.62E-41
-13.4001,1.75E-41
-13.4078,1.88E-41
-13.4155,2.00E-41
-13.4233,2.12E-41
-13.431,2.24E-41
-13.4388,2.36E-41
-13.4465,2.47E-41
-13.4542,2.58E-41
-13.462,2.69E-41
-13.4697,2.80E-41
-13.4775,2.90E-41
-13.4852,3.00E-41
-13.493,3.10E-41
-13.5007,3.19E-41
-13.5085,3.29E-41
-13.5162,3.37E-41
-13.524,3.46E-41
-13.5317,3.54E-41
-13.5395,3.61E-41
-13.5473,3.69E-41
-13.555,3.76E-41
-13.5628,3.82E-41
-13.5705,3.88E-41
-13.5783,3.94E-41
-13.5861,3.99E-41
-13.5938,4.04E-41
-13.6016,4.08E-41
-13.6094,4.12E-41
-13.6171,4.16E-41
-13.6249,4.19E-41
-13.6327,4.21E-41
-13.6405,4.23E-41
-13.6482,4.25E-41
-13.656,4.26E-41
-13.6638,4.26E-41
-13.6716,4.26E-41
-13.6794,4.25E-41
-13.6871,4.24E-41
-13.6949,4.22E-41
-13.7027,4.20E-41
-13.7105,4.17E-41
-13.7183,4.14E-41
-13.7261,4.10E-41
-13.7339,4.05E-41
-13.7416,4.00E-41
-13.7494,3.94E-41
-13.7572,3.87E-41
-13.765,3.80E-41
-13.7728,3.72E-41
-13.7806,3.63E-41
-13.7884,3.54E-41
-13.7962,3.44E-41
-13.804,3.33E-41
-13.8118,3.22E-41
-13.8196,3.18E-41
-13.8274,3.16E-41
-13.8353,3.13E-41
-13.8431,3.11E-41
-13.8509,3.09E-41
-13.8587,3.06E-41
-13.8665,3.04E-41
-13.8743,3.01E-41
-13.8821,2.98E-41
-13.8899,2.96E-41
-13.8978,2.93E-41
-13.9056,2.90E-41
-13.9134,2.87E-41
-13.9212,2.83E-41
-13.9291,2.80E-41
-13.9369,2.77E-41
-13.9447,2.73E-41
-13.9525,2.70E-41
-13.9604,2.66E-41
-13.9682,2.62E-41
-13.976,2.59E-41
-13.9839,2.55E-41
-13.9917,2.51E-41
-13.9995,2.47E-41
-14.0074,2.43E-41
-14.0152,2.39E-41
-14.023,2.35E-41
-14.0309,2.31E-41
-14.0387,2.27E-41
-14.0466,2.23E-41
-14.0544,2.18E-41
-14.0623,2.14E-41
-14.0701,2.10E-41
-14.078,2.06E-41
-14.0858,2.01E-41
-14.0937,1.97E-41
-14.1015,1.92E-41
-14.1094,1.88E-41
-14.1172,1.83E-41
-14.1251,1.79E-41
-14.1329,1.74E-41
-14.1408,1.70E-41
-14.1487,1.65E-41
-14.1565,1.60E-41
-14.1644,1.56E-41
-14.1722,1.51E-41
-14.1801,1.47E-41
-14.188,1.42E-41
-14.1958,1.37E-41
-14.2037,1.33E-41
-14.2116,1.28E-41
-14.2195,1.23E-41
-14.2273,1.18E-41
-14.2352,1.14E-41
-14.2431,1.09E-41
-14.251,1.04E-41
-14.2588,9.94E-42
-14.2667,9.47E-42
-14.2746,8.99E-42
-14.2825,8.52E-42
-14.2904,8.04E-42
-14.2983,7.56E-42
-14.3061,7.08E-42
-14.314,6.61E-42
-14.3219,6.13E-42
-14.3298,5.65E-42
-14.3377,5.17E-42
-14.3456,4.69E-42
-14.3535,4.21E-42
-14.3614,3.73E-42
-14.3693,3.25E-42
-14.3772,2.76E-42
-14.3851,2.28E-42
-14.393,1.79E-42
-14.4009,1.31E-42
-14.4088,8.21E-43
-14.4167,3.33E-43
-14.4246,-1.57E-43
-14.4325,-6.48E-43
-14.4404,-1.14E-42
-14.4483,-1.64E-42
-14.4562,-2.13E-42
-14.4642,-2.63E-42
-14.4721,-3.13E-42
-14.48,-3.63E-42
-14.4879,-4.14E-42
-14.4958,-4.65E-42
-14.5037,-5.16E-42
-14.5117,-5.68E-42
-14.5196,-6.19E-42
-14.5275,-6.66E-42
-14.5354,-6.98E-42
-14.5434,-7.30E-42
-14.5513,-7.60E-42
-14.5592,-7.90E-42
-14.5671,-8.19E-42
-14.5751,-8.47E-42
-14.583,-8.75E-42
-14.5909,-9.01E-42
-14.5989,-9.26E-42
-14.6068,-9.51E-42
-14.6148,-9.75E-42
-14.6227,-9.97E-42
-14.6306,-1.02E-41
-14.6386,-1.04E-41
-14.6465,-1.06E-41
-14.6545,-1.08E-41
-14.6624,-1.10E-41
-14.6704,-1.11E-41
-14.6783,-1.13E-41
-14.6863,-1.14E-41
-14.6942,-1.16E-41
-14.7022,-1.17E-41
-14.7101,-1.18E-41
-14.7181,-1.19E-41
-14.726,-1.20E-41
-14.734,-1.21E-41
-14.7419,-1.22E-41
-14.7499,-1.23E-41
-14.7579,-1.23E-41
-14.7658,-1.24E-41
-14.7738,-1.24E-41
-14.7817,-1.24E-41
-14.7897,-1.25E-41
-14.7977,-1.25E-41
-14.8057,-1.24E-41
-14.8136,-1.24E-41
-14.8216,-1.24E-41
-14.8296,-1.24E-41
-14.8375,-1.23E-41
-14.8455,-1.23E-41
-14.8535,-1.22E-41
-14.8615,-1.21E-41
-14.8694,-1.20E-41
-14.8774,-1.19E-41
-14.8854,-1.18E-41
-14.8934,-1.17E-41
-14.9014,-1.16E-41
-14.9094,-1.14E-41
-14.9174,-1.13E-41
-14.9253,-1.11E-41
-14.9333,-1.09E-41
-14.9413,-1.08E-41
-14.9493,-1.06E-41
-14.9573,-1.04E-41
-14.9653,-1.01E-41
-14.9733,-9.92E-42
-14.9813,-9.69E-42
-14.9893,-9.45E-42
-14.9973,-9.25E-42
-15.0053,-9.05E-42
-15.0133,-8.84E-42
-15.0213,-8.63E-42
-15.0293,-8.41E-42
-15.0373,-8.19E-42
-15.0453,-7.96E-42
-15.0533,-7.73E-42
-15.0613,-7.49E-42
-15.0693,-7.25E-42
-15.0774,-7.00E-42
-15.0854,-6.75E-42
-15.0934,-6.50E-42
-15.1014,-6.25E-42
-15.1094,-5.99E-42
-15.1174,-5.73E-42
-15.1255,-5.46E-42
-15.1335,-5.20E-42
-15.1415,-4.93E-42
-15.1495,-4.66E-42
-15.1576,-4.39E-42
-15.1656,-4.12E-42
-15.1736,-3.85E-42
-15.1816,-3.57E-42
-15.1897,-3.30E-42
-15.1977,-3.03E-42
-15.2057,-2.76E-42
-15.2138,-2.49E-42
-15.2218,-2.22E-42
-15.2298,-1.95E-42
-15.2379,-1.68E-42
-15.2459,-1.42E-42
-15.254,-1.16E-42
-15.262,-8.98E-43
-15.27,-6.43E-43
-15.2781,-3.91E-43
-15.2861,-1.44E-43
-15.2942,9.93E-44
-15.3022,3.38E-43
-15.3103,5.71E-43
-15.3183,7.98E-43
-15.3264,1.02E-42
-15.3344,1.23E-42
-15.3425,1.44E-42
-15.3505,1.64E-42
-15.3586,1.84E-42
-15.3667,2.02E-42
-15.3747,2.20E-42
-15.3828,2.37E-42
-15.3908,2.53E-42
-15.3989,2.68E-42
-15.407,2.82E-42
-15.415,2.95E-42
-15.4231,3.07E-42
-15.4312,3.17E-42
-15.4392,3.27E-42
-15.4473,3.35E-42
-15.4554,3.42E-42
-15.4635,3.57E-42
-15.4715,3.76E-42
-15.4796,3.94E-42
-15.4877,4.11E-42
-15.4958,4.28E-42
-15.5038,4.45E-42
-15.5119,4.60E-42
-15.52,4.76E-42
-15.5281,4.90E-42
-15.5362,5.04E-42
-15.5443,5.17E-42
-15.5523,5.30E-42
-15.5604,5.42E-42
-15.5685,5.53E-42
-15.5766,5.63E-42
-15.5847,5.73E-42
-15.5928,5.81E-42
-15.6009,5.89E-42
-15.609,5.96E-42
-15.6171,6.03E-42
-15.6252,6.08E-42
-15.6333,6.12E-42
-15.6414,6.16E-42
-15.6495,6.19E-42
-15.6576,6.20E-42
-15.6657,6.21E-42
-15.6738,6.21E-42
-15.6819,6.19E-42
-15.69,6.17E-42
-15.6981,6.14E-42
-15.7062,6.09E-42
-15.7143,6.03E-42
-15.7225,5.96E-42
-15.7306,5.89E-42
-15.7387,5.79E-42
-15.7468,5.69E-42
-15.7549,5.58E-42
-15.763,5.45E-42
-15.7712,5.31E-42
-15.7793,5.15E-42
-15.7874,4.99E-42
-15.7955,4.81E-42
-15.8037,4.62E-42
-15.8118,4.41E-42
-15.8199,4.19E-42
-15.8281,3.95E-42
-15.8362,3.71E-42
-15.8443,3.44E-42
-15.8524,3.16E-42
-15.8606,2.87E-42
-15.8687,2.56E-42
-15.8769,2.24E-42
-15.885,1.90E-42
-15.8931,1.54E-42
-15.9013,1.17E-42
-15.9094,7.86E-43
-15.9176,3.83E-43
-15.9257,-3.80E-44
-15.9339,-3.91E-43
-15.942,-6.55E-43
-15.9501,-9.24E-43
-15.9583,-1.20E-42
-15.9664,-1.48E-42
-15.9746,-1.76E-42
-15.9828,-2.05E-42
-15.9909,-2.34E-42
-15.9991,-2.63E-42
-16.0072,-2.93E-42
-16.0154,-3.23E-42
-16.0235,-3.54E-42
-16.0317,-3.84E-42
-16.0399,-4.16E-42
-16.048,-4.47E-42
-16.0562,-4.78E-42
-16.0644,-5.10E-42
-16.0725,-5.42E-42
-16.0807,-5.74E-42
-16.0889,-6.07E-42
-16.097,-6.39E-42
-16.1052,-6.71E-42
-16.1134,-7.04E-42
-16.1215,-7.37E-42
-16.1297,-7.69E-42
-16.1379,-8.02E-42
-16.1461,-8.34E-42
-16.1543,-8.67E-42
-16.1624,-8.99E-42
-16.1706,-9.31E-42
-16.1788,-9.63E-42
-16.187,-9.95E-42
-16.1952,-1.03E-41
-16.2034,-1.06E-41
-16.2115,-1.09E-41
-16.2197,-1.12E-41
-16.2279,-1.15E-41
-16.2361,-1.18E-41
-16.2443,-1.21E-41
-16.2525,-1.24E-41
-16.2607,-1.27E-41
-16.2689,-1.30E-41
-16.2771,-1.32E-41
-16.2853,-1.35E-41
-16.2935,-1.38E-41
-16.3017,-1.40E-41
-16.3099,-1.43E-41
-16.3181,-1.45E-41
-16.3263,-1.47E-41
-16.3345,-1.50E-41
-16.3427,-1.52E-41
-16.3509,-1.54E-41
-16.3591,-1.56E-41
-16.3673,-1.58E-41
-16.3756,-1.60E-41
-16.3838,-1.61E-41
-16.392,-1.63E-41
-16.4002,-1.64E-41
-16.4084,-1.66E-41
-16.4166,-1.68E-41
-16.4249,-1.70E-41
-16.4331,-1.72E-41
-16.4413,-1.74E-41
-16.4495,-1.76E-41
-16.4577,-1.78E-41
-16.466,-1.79E-41
-16.4742,-1.81E-41
-16.4824,-1.82E-41
-16.4906,-1.84E-41
-16.4989,-1.85E-41
-16.5071,-1.87E-41
-16.5153,-1.88E-41
-16.5236,-1.89E-41
-16.5318,-1.90E-41
-16.5401,-1.91E-41
-16.5483,-1.91E-41
-16.5565,-1.92E-41
-16.5648,-1.93E-41
-16.573,-1.93E-41
-16.5813,-1.93E-41
-16.5895,-1.94E-41
-16.5977,-1.94E-41
-16.606,-1.94E-41
-16.6142,-1.93E-41
-16.6225,-1.93E-41
-16.6307,-1.93E-41
-16.639,-1.92E-41
-16.6472,-1.91E-41
-16.6555,-1.91E-41
-16.6637,-1.90E-41
-16.672,-1.88E-41
-16.6803,-1.87E-41
-16.6885,-1.86E-41
-16.6968,-1.84E-41
-16.705,-1.82E-41
-16.7133,-1.80E-41
-16.7216,-1.78E-41
-16.7298,-1.76E-41
-16.7381,-1.73E-41
-16.7464,-1.70E-41
-16.7546,-1.68E-41
-16.7629,-1.65E-41
-16.7712,-1.61E-41
-16.7794,-1.58E-41
-16.7877,-1.54E-41
-16.796,-1.51E-41
-16.8043,-1.47E-41
-16.8125,-1.42E-41
-16.8208,-1.38E-41
-16.8291,-1.33E-41
-16.8374,-1.28E-41
-16.8456,-1.23E-41
-16.8539,-1.18E-41
-16.8622,-1.13E-41
-16.8705,-1.07E-41
-16.8788,-1.01E-41
-16.8871,-9.46E-42
-16.8954,-9.04E-42
-16.9036,-8.64E-42
-16.9119,-8.22E-42
-16.9202,-7.80E-42
-16.9285,-7.38E-42
-16.9368,-6.94E-42
-16.9451,-6.50E-42
-16.9534,-6.06E-42
-16.9617,-5.60E-42
-16.97,-5.14E-42
-16.9783,-4.68E-42
-16.9866,-4.20E-42
-16.9949,-3.73E-42
-17.0032,-3.24E-42
-17.0115,-2.76E-42
-17.0198,-2.26E-42
-17.0281,-1.76E-42
-17.0364,-1.26E-42
-17.0447,-7.57E-43
-17.0531,-2.47E-43
-17.0614,2.66E-43
-17.0697,7.83E-43
-17.078,1.30E-42
-17.0863,1.83E-42
-17.0946,2.35E-42
-17.1029,2.88E-42
-17.1113,3.41E-42
-17.1196,3.94E-42
-17.1279,4.47E-42
-17.1362,5.00E-42
-17.1446,5.54E-42
-17.1529,6.07E-42
-17.1612,6.61E-42
-17.1695,7.14E-42
-17.1779,7.67E-42
-17.1862,8.20E-42
-17.1945,8.73E-42
-17.2028,9.26E-42
-17.2112,9.79E-42
-17.2195,1.03E-41
-17.2279,1.08E-41
-17.2362,1.14E-41
-17.2445,1.19E-41
-17.2529,1.24E-41
-17.2612,1.29E-41
-17.2695,1.34E-41
-17.2779,1.39E-41
-17.2862,1.44E-41
-17.2946,1.49E-41
-17.3029,1.53E-41
-17.3113,1.58E-41
-17.3196,1.63E-41
-17.328,1.67E-41
-17.3363,1.72E-41
-17.3447,1.76E-41
-17.353,1.80E-41
-17.3614,1.85E-41
-17.3697,1.89E-41
-17.3781,1.93E-41
-17.3865,1.97E-41
-17.3948,2.02E-41
-17.4032,2.06E-41
-17.4115,2.10E-41
-17.4199,2.14E-41
-17.4283,2.18E-41
-17.4366,2.22E-41
-17.445,2.26E-41
-17.4534,2.29E-41
-17.4617,2.33E-41
-17.4701,2.36E-41
-17.4785,2.40E-41
-17.4868,2.43E-41
-17.4952,2.46E-41
-17.5036,2.49E-41
-17.512,2.52E-41
-17.5203,2.54E-41
-17.5287,2.57E-41
-17.5371,2.59E-41
-17.5455,2.61E-41
-17.5539,2.63E-41
-17.5622,2.65E-41
-17.5706,2.67E-41
-17.579,2.68E-41
-17.5874,2.70E-41
-17.5958,2.71E-41
-17.6042,2.72E-41
-17.6126,2.73E-41
-17.6209,2.73E-41
-17.6293,2.74E-41
-17.6377,2.74E-41
-17.6461,2.74E-41
-17.6545,2.73E-41
-17.6629,2.73E-41
-17.6713,2.72E-41
-17.6797,2.71E-41
-17.6881,2.70E-41
-17.6965,2.69E-41
-17.7049,2.67E-41
-17.7133,2.65E-41
-17.7217,2.63E-41
-17.7301,2.61E-41
-17.7385,2.58E-41
-17.7469,2.55E-41
-17.7554,2.52E-41
-17.7638,2.48E-41
-17.7722,2.44E-41
-17.7806,2.40E-41
-17.789,2.36E-41
-17.7974,2.31E-41
-17.8058,2.26E-41
-17.8142,2.21E-41
-17.8227,2.15E-41
-17.8311,2.09E-41
-17.8395,2.03E-41
-17.8479,1.96E-41
-17.8564,1.89E-41
-17.8648,1.83E-41
-17.8732,1.79E-41
-17.8816,1.75E-41
-17.8901,1.70E-41
-17.8985,1.65E-41
-17.9069,1.61E-41
-17.9153,1.56E-41
-17.9238,1.51E-41
-17.9322,1.45E-41
-17.9406,1.40E-41
-17.9491,1.35E-41
-17.9575,1.29E-41
-17.966,1.24E-41
-17.9744,1.18E-41
-17.9828,1.12E-41
-17.9913,1.06E-41
-17.9997,9.98E-42
-18.0082,9.36E-42
-18.0166,8.72E-42
-18.0251,8.08E-42
-18.0335,7.43E-42
-18.0419,6.76E-42
-18.0504,6.09E-42
-18.0588,5.41E-42
-18.0673,4.71E-42
-18.0758,4.01E-42
-18.0842,3.30E-42
-18.0927,2.59E-42
-18.1011,1.86E-42
-18.1096,1.13E-42
-18.118,3.86E-43
-18.1265,-3.63E-43
-18.135,-1.12E-42
-18.1434,-1.88E-42
-18.1519,-2.65E-42
-18.1603,-3.42E-42
-18.1688,-4.20E-42
-18.1773,-4.99E-42
-18.1857,-5.78E-42
-18.1942,-6.57E-42
-18.2027,-7.37E-42
-18.2112,-8.17E-42
-18.2196,-8.98E-42
-18.2281,-9.79E-42
-18.2366,-1.06E-41
-18.2451,-1.14E-41
-18.2535,-1.22E-41
-18.262,-1.30E-41
-18.2705,-1.39E-41
-18.279,-1.47E-41
-18.2874,-1.55E-41
-18.2959,-1.63E-41
-18.3044,-1.71E-41
-18.3129,-1.80E-41
-18.3214,-1.88E-41
-18.3299,-1.96E-41
-18.3384,-2.04E-41
-18.3468,-2.12E-41
-18.3553,-2.20E-41
-18.3638,-2.28E-41
-18.3723,-2.35E-41
-18.3808,-2.43E-41
-18.3893,-2.50E-41
-18.3978,-2.57E-41
-18.4063,-2.65E-41
-18.4148,-2.72E-41
-18.4233,-2.79E-41
-18.4318,-2.86E-41
-18.4403,-2.93E-41
-18.4488,-2.99E-41
-18.4573,-3.06E-41
-18.4658,-3.12E-41
-18.4743,-3.18E-41
-18.4828,-3.25E-41
-18.4913,-3.31E-41
-18.4998,-3.36E-41
-18.5084,-3.42E-41
-18.5169,-3.47E-41
-18.5254,-3.53E-41
-18.5339,-3.58E-41
-18.5424,-3.63E-41
-18.5509,-3.67E-41
-18.5594,-3.72E-41
-18.568,-3.76E-41
-18.5765,-3.80E-41
-18.585,-3.84E-41
-18.5935,-3.88E-41
-18.6021,-3.91E-41
-18.6106,-3.94E-41
-18.6191,-3.97E-41
-18.6276,-3.99E-41
-18.6362,-4.02E-41
-18.6447,-4.04E-41
-18.6532,-4.05E-41
-18.6617,-4.07E-41
-18.6703,-4.08E-41
-18.6788,-4.08E-41
-18.6873,-4.09E-41
-18.6959,-4.09E-41
-18.7044,-4.09E-41
-18.713,-4.08E-41
-18.7215,-4.07E-41
-18.73,-4.06E-41
-18.7386,-4.04E-41
-18.7471,-4.02E-41
-18.7557,-3.99E-41
-18.7642,-3.97E-41
-18.7728,-3.93E-41
-18.7813,-3.90E-41
-18.7898,-3.85E-41
-18.7984,-3.81E-41
-18.8069,-3.76E-41
-18.8155,-3.70E-41
-18.824,-3.64E-41
-18.8326,-3.58E-41
-18.8412,-3.51E-41
-18.8497,-3.44E-41
-18.8583,-3.39E-41
-18.8668,-3.35E-41
-18.8754,-3.31E-41
-18.8839,-3.27E-41
-18.8925,-3.23E-41
-18.9011,-3.18E-41
-18.9096,-3.13E-41
-18.9182,-3.08E-41
-18.9268,-3.03E-41
-18.9353,-2.97E-41
-18.9439,-2.92E-41
-18.9525,-2.86E-41
-18.961,-2.80E-41
-18.9696,-2.73E-41
-18.9782,-2.67E-41
-18.9868,-2.60E-41
-18.9953,-2.53E-41
-19.0039,-2.45E-41
-19.0125,-2.38E-41
-19.0211,-2.30E-41
-19.0296,-2.22E-41
-19.0382,-2.14E-41
-19.0468,-2.06E-41
-19.0554,-1.97E-41
-19.064,-1.88E-41
-19.0726,-1.80E-41
-19.0811,-1.70E-41
-19.0897,-1.61E-41
-19.0983,-1.51E-41
-19.1069,-1.42E-41
-19.1155,-1.32E-41
-19.1241,-1.21E-41
-19.1327,-1.11E-41
-19.1413,-1.00E-41
-19.1499,-8.96E-42
-19.1585,-7.86E-42
-19.1671,-6.75E-42
-19.1757,-5.61E-42
-19.1843,-4.46E-42
-19.1929,-3.28E-42
-19.2015,-2.09E-42
-19.2101,-8.83E-43
-19.2187,3.44E-43
-19.2273,1.59E-42
-19.2359,2.85E-42
-19.2445,4.13E-42
-19.2531,5.42E-42
-19.2617,6.74E-42
-19.2703,8.06E-42
-19.2789,9.41E-42
-19.2875,1.08E-41
-19.2961,1.21E-41
-19.3048,1.35E-41
-19.3134,1.49E-41
-19.322,1.64E-41
-19.3306,1.78E-41
-19.3392,1.92E-41
-19.3478,2.07E-41
-19.3565,2.21E-41
-19.3651,2.34E-41
-19.3737,2.48E-41
-19.3823,2.61E-41
-19.391,2.74E-41
-19.3996,2.88E-41
-19.4082,3.01E-41
-19.4168,3.15E-41
-19.4255,3.28E-41
-19.4341,3.42E-41
-19.4427,3.55E-41
-19.4514,3.68E-41
-19.46,3.82E-41
-19.4686,3.95E-41
-19.4773,4.09E-41
-19.4859,4.22E-41
-19.4946,4.35E-41
-19.5032,4.49E-41
-19.5118,4.62E-41
-19.5205,4.75E-41
-19.5291,4.88E-41
-19.5378,5.01E-41
-19.5464,5.14E-41
-19.5551,5.27E-41
-19.5637,5.39E-41
-19.5724,5.52E-41
-19.581,5.65E-41
-19.5897,5.77E-41
-19.5983,5.89E-41
-19.607,6.01E-41
-19.6156,6.14E-41
-19.6243,6.25E-41
-19.6329,6.37E-41
-19.6416,6.49E-41
-19.6502,6.60E-41
-19.6589,6.71E-41
-19.6676,6.83E-41
-19.6762,6.93E-41
-19.6849,7.04E-41
-19.6936,7.15E-41
-19.7022,7.25E-41
-19.7109,7.35E-41
-19.7196,7.45E-41
-19.7282,7.55E-41
-19.7369,7.64E-41
-19.7456,7.73E-41
-19.7542,7.82E-41
-19.7629,7.91E-41
-19.7716,7.99E-41
-19.7803,8.07E-41
-19.7889,8.15E-41
-19.7976,8.23E-41
-19.8063,8.30E-41
-19.815,8.37E-41
-19.8236,8.43E-41
-19.8323,8.50E-41
-19.841,8.56E-41
-19.8497,8.61E-41
-19.8584,8.66E-41
-19.8671,8.71E-41
-19.8758,8.76E-41
-19.8844,8.80E-41
-19.8931,8.84E-41
-19.9018,8.87E-41
-19.9105,8.90E-41
-19.9192,8.93E-41
-19.9279,8.95E-41
-19.9366,8.97E-41
-19.9453,8.98E-41
-19.954,8.99E-41
-19.9627,8.99E-41
-19.9714,8.99E-41
-19.9801,8.99E-41
-19.9888,8.98E-41
-19.9975,8.96E-41
-20.0062,8.94E-41
-20.0149,8.92E-41
-20.0236,8.89E-41
-20.0323,8.85E-41
-20.041,8.81E-41
-20.0497,8.76E-41
-20.0584,8.71E-41
-20.0671,8.66E-41
-20.0759,8.59E-41
-20.0846,8.52E-41
-20.0933,8.45E-41
-20.102,8.37E-41
-20.1107,8.28E-41
-20.1194,8.19E-41
-20.1282,8.09E-41
-20.1369,7.99E-41
-20.1456,7.87E-41
-20.1543,7.76E-41
-20.163,7.63E-41
-20.1718,7.50E-41
-20.1805,7.36E-41
-20.1892,7.22E-41
-20.1979,7.15E-41
-20.2067,7.07E-41
-20.2154,6.99E-41
-20.2241,6.90E-41
-20.2329,6.82E-41
-20.2416,6.73E-41
-20.2503,6.64E-41
-20.2591,6.55E-41
-20.2678,6.45E-41
-20.2765,6.35E-41
-20.2853,6.25E-41
-20.294,6.15E-41
-20.3028,6.05E-41
-20.3115,5.95E-41
-20.3202,5.84E-41
-20.329,5.73E-41
-20.3377,5.62E-41
-20.3465,5.51E-41
-20.3552,5.40E-41
-20.364,5.28E-41
-20.3727,5.16E-41
-20.3815,5.05E-41
-20.3902,4.93E-41
-20.399,4.81E-41
-20.4077,4.69E-41
-20.4165,4.57E-41
-20.4252,4.44E-41
-20.434,4.32E-41
-20.4428,4.19E-41
-20.4515,4.07E-41
-20.4603,3.94E-41
-20.469,3.82E-41
-20.4778,3.69E-41
-20.4866,3.57E-41
-20.4953,3.44E-41
-20.5041,3.31E-41
-20.5129,3.19E-41
-20.5216,3.06E-41
-20.5304,2.93E-41
-20.5392,2.81E-41
-20.5479,2.68E-41
-20.5567,2.56E-41
-20.5655,2.43E-41
-20.5743,2.31E-41
-20.583,2.18E-41
-20.5918,2.06E-41
-20.6006,1.94E-41
-20.6094,1.82E-41
-20.6181,1.71E-41
-20.6269,1.59E-41
-20.6357,1.48E-41
-20.6445,1.36E-41
-20.6533,1.25E-41
-20.6621,1.14E-41
-20.6708,1.04E-41
-20.6796,9.32E-42
-20.6884,8.30E-42
-20.6972,7.31E-42
-20.706,6.35E-42
-20.7148,5.40E-42
-20.7236,4.21E-42
-20.7324,3.05E-42
-20.7412,1.90E-42
-20.75,7.60E-43
-20.7588,-3.59E-43
-20.7676,-1.46E-42
-20.7764,-2.54E-42
-20.7852,-3.61E-42
-20.794,-4.65E-42
-20.8028,-5.67E-42
-20.8116,-6.66E-42
-20.8204,-7.64E-42
-20.8292,-8.59E-42
-20.838,-9.51E-42
-20.8468,-1.04E-41
-20.8556,-1.13E-41
-20.8644,-1.21E-41
-20.8732,-1.29E-41
-20.882,-1.37E-41
-20.8909,-1.44E-41
-20.8997,-1.52E-41
-20.9085,-1.58E-41
-20.9173,-1.65E-41
-20.9261,-1.71E-41
-20.9349,-1.76E-41
-20.9438,-1.82E-41
-20.9526,-1.87E-41
-20.9614,-1.91E-41
-20.9702,-1.95E-41
-20.979,-1.99E-41
-20.9879,-2.02E-41
-20.9967,-2.04E-41
-21.0055,-2.07E-41
-21.0144,-2.08E-41
-21.0232,-2.10E-41
-21.032,-2.10E-41
-21.0408,-2.10E-41
-21.0497,-2.10E-41
-21.0585,-2.09E-41
-21.0673,-2.08E-41
-21.0762,-2.06E-41
-21.085,-2.03E-41
-21.0939,-2.00E-41
-21.1027,-1.96E-41
-21.1115,-1.92E-41
-21.1204,-1.87E-41
-21.1292,-1.81E-41
-21.1381,-1.74E-41
-21.1469,-1.67E-41
-21.1558,-1.60E-41
-21.1646,-1.51E-41
-21.1735,-1.42E-41
-21.1823,-1.32E-41
-21.1911,-1.21E-41
-21.2,-1.10E-41
-21.2089,-9.77E-42
-21.2177,-8.48E-42
-21.2266,-7.10E-42
-21.2354,-5.64E-42
-21.2443,-4.11E-42
-21.2531,-3.27E-42
-21.262,-2.40E-42
-21.2709,-1.50E-42
-21.2797,-5.61E-43
-21.2886,4.11E-43
-21.2974,1.42E-42
-21.3063,2.46E-42
-21.3152,3.53E-42
-21.324,4.64E-42
-21.3329,5.78E-42
-21.3418,6.95E-42
-21.3506,8.16E-42
-21.3595,9.40E-42
-21.3684,1.07E-41
-21.3773,1.20E-41
-21.3861,1.33E-41
-21.395,1.47E-41
-21.4039,1.61E-41
-21.4128,1.75E-41
-21.4216,1.90E-41
-21.4305,2.04E-41
-21.4394,2.20E-41
-21.4483,2.35E-41
-21.4572,2.51E-41
-21.466,2.67E-41
-21.4749,2.83E-41
-21.4838,3.00E-41
-21.4927,3.17E-41
-21.5016,3.34E-41
-21.5105,3.51E-41
-21.5194,3.69E-41
-21.5283,3.87E-41
-21.5372,4.05E-41
-21.546,4.24E-41
-21.5549,4.42E-41
-21.5638,4.61E-41
-21.5727,4.80E-41
-21.5816,5.00E-41
-21.5905,5.19E-41
-21.5994,5.39E-41
-21.6083,5.59E-41
-21.6172,5.79E-41
-21.6261,5.99E-41
-21.635,6.20E-41
-21.644,6.40E-41
-21.6529,6.61E-41
-21.6618,6.82E-41
-21.6707,7.03E-41
-21.6796,7.25E-41
-21.6885,7.46E-41
-21.6974,7.68E-41
-21.7063,7.90E-41
-21.7152,8.11E-41
-21.7242,8.33E-41
-21.7331,8.55E-41
-21.742,8.77E-41
-21.7509,9.00E-41
-21.7598,9.22E-41
-21.7687,9.44E-41
-21.7777,9.67E-41
-21.7866,9.86E-41
-21.7955,1.01E-40
-21.8044,1.02E-40
-21.8134,1.04E-40
-21.8223,1.06E-40
-21.8312,1.08E-40
-21.8402,1.10E-40
-21.8491,1.12E-40
-21.858,1.13E-40
-21.8669,1.15E-40
-21.8759,1.17E-40
-21.8848,1.19E-40
-21.8938,1.20E-40
-21.9027,1.22E-40
-21.9116,1.23E-40
-21.9206,1.25E-40
-21.9295,1.26E-40
-21.9385,1.28E-40
-21.9474,1.29E-40
-21.9563,1.31E-40
-21.9653,1.32E-40
-21.9742,1.33E-40
-21.9832,1.34E-40
-21.9921,1.36E-40
-22.0011,1.37E-40
-22.01,1.38E-40
-22.019,1.39E-40
-22.0279,1.40E-40
-22.0369,1.40E-40
-22.0458,1.41E-40
-22.0548,1.42E-40
-22.0638,1.43E-40
-22.0727,1.43E-40
-22.0817,1.44E-40
-22.0906,1.44E-40
-22.0996,1.44E-40
-22.1086,1.45E-40
-22.1175,1.45E-40
-22.1265,1.45E-40
-22.1354,1.45E-40
-22.1444,1.45E-40
-22.1534,1.45E-40
-22.1624,1.44E-40
-22.1713,1.44E-40
-22.1803,1.44E-40
-22.1893,1.43E-40
-22.1982,1.42E-40
-22.2072,1.42E-40
-22.2162,1.41E-40
-22.2252,1.40E-40
-22.2341,1.39E-40
-22.2431,1.37E-40
-22.2521,1.36E-40
-22.2611,1.35E-40
-22.2701,1.33E-40
-22.279,1.31E-40
-22.288,1.29E-40
-22.297,1.27E-40
-22.306,1.25E-40
-22.315,1.23E-40
-22.324,1.22E-40
-22.333,1.20E-40
-22.342,1.19E-40
-22.351,1.17E-40
-22.3599,1.16E-40
-22.3689,1.14E-40
-22.3779,1.12E-40
-22.3869,1.11E-40
-22.3959,1.09E-40
-22.4049,1.07E-40
-22.4139,1.05E-40
-22.4229,1.03E-40
-22.4319,1.02E-40
-22.4409,9.96E-41
-22.4499,9.76E-41
-22.4589,9.56E-41
-22.468,9.36E-41
-22.477,9.15E-41
-22.486,8.94E-41
-22.495,8.73E-41
-22.504,8.52E-41
-22.513,8.31E-41
-22.522,8.09E-41
-22.531,7.88E-41
-22.54,7.66E-41
-22.5491,7.44E-41
-22.5581,7.22E-41
-22.5671,7.00E-41
-22.5761,6.78E-41
-22.5851,6.57E-41
-22.5942,6.35E-41
-22.6032,6.13E-41
-22.6122,5.92E-41
-22.6212,5.70E-41
-22.6303,5.49E-41
-22.6393,5.28E-41
-22.6483,5.08E-41
-22.6573,4.87E-41
-22.6664,4.67E-41
-22.6754,4.48E-41
-22.6844,4.29E-41
-22.6935,4.10E-41
-22.7025,3.92E-41
-22.7116,3.74E-41
-22.7206,3.54E-41
-22.7296,3.33E-41
-22.7387,3.13E-41
-22.7477,2.92E-41
-22.7567,2.72E-41
-22.7658,2.52E-41
-22.7748,2.33E-41
-22.7839,2.14E-41
-22.7929,1.95E-41
-22.802,1.77E-41
-22.811,1.59E-41
-22.8201,1.42E-41
-22.8291,1.25E-41
-22.8382,1.09E-41
-22.8472,9.36E-42
-22.8563,7.88E-42
-22.8653,6.46E-42
-22.8744,5.11E-42
-22.8835,3.83E-42
-22.8925,2.62E-42
-22.9016,1.50E-42
-22.9106,4.50E-43
-22.9197,-5.10E-43
-22.9288,-1.38E-42
-22.9378,-2.16E-42
-22.9469,-2.85E-42
-22.956,-3.44E-42
-22.965,-3.92E-42
-22.9741,-4.30E-42
-22.9832,-4.58E-42
-22.9922,-4.74E-42
-23.0013,-4.78E-42
-23.0104,-4.71E-42
-23.0195,-4.51E-42
-23.0285,-4.19E-42
-23.0376,-3.73E-42
-23.0467,-3.15E-42
-23.0558,-2.42E-42
-23.0648,-1.55E-42
-23.0739,-5.43E-43
-23.083,6.19E-43
-23.0921,1.93E-42
-23.1012,3.40E-42
-23.1103,5.04E-42
-23.1193,6.53E-42
-23.1284,7.36E-42
-23.1375,8.25E-42
-23.1466,9.22E-42
-23.1557,1.03E-41
-23.1648,1.14E-41
-23.1739,1.26E-41
-23.183,1.38E-41
-23.1921,1.52E-41
-23.2012,1.66E-41
-23.2103,1.80E-41
-23.2194,1.96E-41
-23.2285,2.12E-41
-23.2376,2.28E-41
-23.2467,2.46E-41
-23.2558,2.64E-41
-23.2649,2.83E-41
-23.274,3.02E-41
-23.2831,3.22E-41
-23.2922,3.43E-41
-23.3013,3.64E-41
-23.3104,3.86E-41
-23.3195,4.08E-41
-23.3287,4.31E-41
-23.3378,4.55E-41
-23.3469,4.79E-41
-23.356,5.04E-41
-23.3651,5.29E-41
-23.3742,5.55E-41
-23.3834,5.81E-41
-23.3925,6.08E-41
-23.4016,6.35E-41
-23.4107,6.63E-41
-23.4198,6.91E-41
-23.429,7.19E-41
-23.4381,7.48E-41
-23.4472,7.77E-41
-23.4563,8.07E-41
-23.4655,8.37E-41
-23.4746,8.67E-41
-23.4837,8.98E-41
-23.4929,9.28E-41
-23.502,9.59E-41
-23.5111,9.90E-41
-23.5203,1.02E-40
-23.5294,1.05E-40
-23.5386,1.08E-40
-23.5477,1.11E-40
-23.5568,1.13E-40
-23.566,1.16E-40
-23.5751,1.19E-40
-23.5843,1.22E-40
-23.5934,1.24E-40
-23.6026,1.27E-40
-23.6117,1.29E-40
-23.6209,1.32E-40
-23.63,1.34E-40
-23.6392,1.37E-40
-23.6483,1.39E-40
-23.6575,1.41E-40
-23.6666,1.43E-40
-23.6758,1.45E-40
-23.6849,1.47E-40
-23.6941,1.49E-40
-23.7032,1.51E-40
-23.7124,1.53E-40
-23.7216,1.54E-40
-23.7307,1.56E-40
-23.7399,1.57E-40
-23.7491,1.58E-40
-23.7582,1.59E-40
-23.7674,1.60E-40
-23.7766,1.61E-40
-23.7857,1.62E-40
-23.7949,1.62E-40
-23.8041,1.62E-40
-23.8132,1.63E-40
-23.8224,1.63E-40
-23.8316,1.62E-40
-23.8408,1.62E-40
-23.85,1.61E-40
-23.8591,1.61E-40
-23.8683,1.60E-40
-23.8775,1.58E-40
-23.8867,1.57E-40
-23.8959,1.55E-40
-23.905,1.53E-40
-23.9142,1.51E-40
-23.9234,1.49E-40
-23.9326,1.47E-40
-23.9418,1.46E-40
-23.951,1.44E-40
-23.9602,1.43E-40
-23.9694,1.41E-40
-23.9786,1.40E-40
-23.9878,1.38E-40
-23.9969,1.36E-40
-24.0061,1.34E-40
-24.0153,1.31E-40
-24.0245,1.29E-40
-24.0337,1.27E-40
-24.0429,1.24E-40
-24.0521,1.21E-40
-24.0614,1.18E-40
-24.0706,1.15E-40
-24.0798,1.12E-40
-24.089,1.08E-40
-24.0982,1.05E-40
-24.1074,1.01E-40
-24.1166,9.75E-41
-24.1258,9.35E-41
-24.135,8.94E-41
-24.1442,8.52E-41
-24.1535,8.08E-41
-24.1627,7.63E-41
-24.1719,7.16E-41
-24.1811,6.67E-41
-24.1903,6.18E-41
-24.1996,5.66E-41
-24.2088,5.13E-41
-24.218,4.59E-41
-24.2272,4.03E-41
-24.2365,3.46E-41
-24.2457,2.87E-41
-24.2549,2.27E-41
-24.2641,1.65E-41
-24.2734,1.01E-41
-24.2826,3.64E-42
-24.2918,-2.99E-42
-24.3011,-9.78E-42
-24.3103,-1.67E-41
-24.3195,-2.38E-41
-24.3288,-3.10E-41
-24.338,-3.80E-41
-24.3473,-4.43E-41
-24.3565,-5.06E-41
-24.3657,-5.70E-41
-24.375,-6.33E-41
-24.3842,-6.97E-41
-24.3935,-7.62E-41
-24.4027,-8.26E-41
-24.412,-8.90E-41
-24.4212,-9.54E-41
-24.4305,-1.02E-40
-24.4397,-1.08E-40
-24.449,-1.15E-40
-24.4582,-1.21E-40
-24.4675,-1.27E-40
-24.4767,-1.34E-40
-24.486,-1.40E-40
-24.4953,-1.46E-40
-24.5045,-1.52E-40
-24.5138,-1.58E-40
-24.523,-1.64E-40
-24.5323,-1.70E-40
-24.5416,-1.76E-40
-24.5508,-1.81E-40
-24.5601,-1.87E-40
-24.5694,-1.92E-40
-24.5786,-1.97E-40
-24.5879,-2.03E-40
-24.5972,-2.08E-40
-24.6064,-2.12E-40
-24.6157,-2.17E-40
-24.625,-2.22E-40
-24.6343,-2.26E-40
-24.6436,-2.30E-40
-24.6528,-2.34E-40
-24.6621,-2.38E-40
-24.6714,-2.41E-40
-24.6807,-2.44E-40
-24.69,-2.47E-40
-24.6992,-2.50E-40
-24.7085,-2.52E-40
-24.7178,-2.55E-40
-24.7271,-2.57E-40
-24.7364,-2.58E-40
-24.7457,-2.59E-40
-24.755,-2.62E-40
-24.7643,-2.65E-40
-24.7736,-2.67E-40
-24.7829,-2.69E-40
-24.7922,-2.71E-40
-24.8014,-2.72E-40
-24.8107,-2.74E-40
-24.82,-2.75E-40
-24.8293,-2.76E-40
-24.8386,-2.77E-40
-24.848,-2.77E-40
-24.8573,-2.78E-40
-24.8666,-2.78E-40
-24.8759,-2.78E-40
-24.8852,-2.77E-40
-24.8945,-2.76E-40
-24.9038,-2.75E-40
-24.9131,-2.74E-40
-24.9224,-2.72E-40
-24.9317,-2.71E-40
-24.9411,-2.69E-40
-24.9504,-2.66E-40
-24.9597,-2.63E-40
-24.969,-2.60E-40
-24.9783,-2.57E-40
-24.9876,-2.53E-40
-24.997,-2.49E-40
-25.0063,-2.45E-40
-25.0156,-2.40E-40
-25.0249,-2.35E-40
-25.0343,-2.30E-40
-25.0436,-2.24E-40
-25.0529,-2.18E-40
-25.0623,-2.11E-40
-25.0716,-2.05E-40
-25.0809,-1.97E-40
-25.0903,-1.90E-40
-25.0996,-1.82E-40
-25.1089,-1.73E-40
-25.1183,-1.65E-40
-25.1276,-1.55E-40
-25.1369,-1.46E-40
-25.1463,-1.36E-40
-25.1556,-1.25E-40
-25.165,-1.16E-40
-25.1743,-1.08E-40
-25.1837,-9.92E-41
-25.193,-9.05E-41
-25.2024,-8.16E-41
-25.2117,-7.26E-41
-25.2211,-6.34E-41
-25.2304,-5.40E-41
-25.2398,-4.45E-41
-25.2491,-3.48E-41
-25.2585,-2.50E-41
-25.2678,-1.51E-41
-25.2772,-5.05E-42
-25.2866,5.13E-42
-25.2959,1.54E-41
-25.3053,2.58E-41
-25.3146,3.63E-41
-25.324,4.68E-41
-25.3334,5.75E-41
-25.3427,6.82E-41
-25.3521,7.90E-41
-25.3615,8.98E-41
-25.3708,1.01E-40
-25.3802,1.12E-40
-25.3896,1.23E-40
-25.399,1.33E-40
-25.4083,1.44E-40
-25.4177,1.55E-40
-25.4271,1.66E-40
-25.4365,1.77E-40
-25.4458,1.88E-40
-25.4552,1.99E-40
-25.4646,2.10E-40
-25.474,2.20E-40
-25.4834,2.31E-40
-25.4928,2.41E-40
-25.5022,2.52E-40
-25.5115,2.62E-40
-25.5209,2.72E-40
-25.5303,2.82E-40
-25.5397,2.92E-40
-25.5491,3.02E-40
-25.5585,3.11E-40
-25.5679,3.20E-40
-25.5773,3.30E-40
-25.5867,3.39E-40
-25.5961,3.49E-40
-25.6055,3.58E-40
-25.6149,3.67E-40
-25.6243,3.76E-40
-25.6337,3.84E-40
-25.6431,3.93E-40
-25.6525,4.01E-40
-25.6619,4.09E-40
-25.6713,4.16E-40
-25.6807,4.24E-40
-25.6901,4.31E-40
-25.6996,4.37E-40
-25.709,4.44E-40
-25.7184,4.50E-40
-25.7278,4.55E-40
-25.7372,4.61E-40
-25.7466,4.65E-40
-25.7561,4.70E-40
-25.7655,4.74E-40
-25.7749,4.78E-40
-25.7843,4.81E-40
-25.7937,4.84E-40
-25.8032,4.86E-40
-25.8126,4.88E-40
-25.822,4.89E-40
-25.8315,4.89E-40
-25.8409,4.90E-40
-25.8503,4.89E-40
-25.8598,4.88E-40
-25.8692,4.87E-40
-25.8786,4.85E-40
-25.8881,4.82E-40
-25.8975,4.78E-40
-25.9069,4.74E-40
-25.9164,4.69E-40
-25.9258,4.64E-40
-25.9353,4.58E-40
-25.9447,4.51E-40
-25.9542,4.43E-40
-25.9636,4.35E-40
-25.973,4.25E-40
-25.9825,4.15E-40
-25.9919,4.05E-40
-26.0014,3.98E-40
-26.0108,3.91E-40
-26.0203,3.83E-40
-26.0298,3.75E-40
-26.0392,3.67E-40
-26.0487,3.58E-40
-26.0581,3.49E-40
-26.0676,3.39E-40
-26.077,3.29E-40
-26.0865,3.19E-40
-26.096,3.08E-40
-26.1054,2.97E-40
-26.1149,2.85E-40
-26.1244,2.73E-40
-26.1338,2.61E-40
-26.1433,2.48E-40
-26.1528,2.34E-40
-26.1623,2.21E-40
-26.1717,2.07E-40
-26.1812,1.92E-40
-26.1907,1.77E-40
-26.2002,1.62E-40
-26.2096,1.46E-40
-26.2191,1.30E-40
-26.2286,1.14E-40
-26.2381,9.72E-41
-26.2476,8.01E-41
-26.257,6.27E-41
-26.2665,4.49E-41
-26.276,2.68E-41
-26.2855,8.36E-42
-26.295,-1.04E-41
-26.3045,-2.95E-41
-26.314,-4.89E-41
-26.3235,-6.86E-41
-26.333,-8.86E-41
-26.3425,-1.09E-40
-26.352,-1.30E-40
-26.3614,-1.50E-40
-26.3709,-1.71E-40
-26.3804,-1.93E-40
-26.39,-2.14E-40
-26.3995,-2.36E-40
-26.409,-2.58E-40
-26.4185,-2.79E-40
-26.428,-2.99E-40
-26.4375,-3.20E-40
-26.447,-3.40E-40
-26.4565,-3.60E-40
-26.466,-3.80E-40
-26.4755,-4.00E-40
-26.485,-4.20E-40
-26.4945,-4.40E-40
-26.5041,-4.59E-40
-26.5136,-4.79E-40
-26.5231,-4.98E-40
-26.5326,-5.17E-40
-26.5421,-5.36E-40
-26.5517,-5.55E-40
-26.5612,-5.73E-40
-26.5707,-5.91E-40
-26.5802,-6.09E-40
-26.5898,-6.26E-40
-26.5993,-6.43E-40
-26.6088,-6.59E-40
-26.6184,-6.75E-40
-26.6279,-6.91E-40
-26.6374,-7.06E-40
-26.647,-7.21E-40
-26.6565,-7.35E-40
-26.666,-7.48E-40
-26.6756,-7.61E-40
-26.6851,-7.73E-40
-26.6946,-7.85E-40
-26.7042,-7.96E-40
-26.7137,-8.06E-40
-26.7233,-8.15E-40
-26.7328,-8.24E-40
-26.7424,-8.31E-40
-26.7519,-8.38E-40
-26.7615,-8.44E-40
-26.771,-8.49E-40
-26.7806,-8.53E-40
-26.7901,-8.56E-40
-26.7997,-8.58E-40
-26.8092,-8.59E-40
-26.8188,-8.59E-40
-26.8284,-8.58E-40
-26.8379,-8.58E-40
-26.8475,-8.61E-40
-26.857,-8.63E-40
-26.8666,-8.65E-40
-26.8762,-8.66E-40
-26.8857,-8.66E-40
-26.8953,-8.65E-40
-26.9049,-8.64E-40
-26.9144,-8.62E-40
-26.924,-8.59E-40
-26.9336,-8.55E-40
-26.9431,-8.51E-40
-26.9527,-8.46E-40
-26.9623,-8.39E-40
-26.9719,-8.33E-40
-26.9815,-8.25E-40
-26.991,-8.16E-40
-27.0006,-8.07E-40
-27.0102,-7.96E-40
-27.0198,-7.85E-40
-27.0294,-7.73E-40
-27.0389,-7.60E-40
-27.0485,-7.46E-40
-27.0581,-7.31E-40
-27.0677,-7.15E-40
-27.0773,-6.98E-40
-27.0869,-6.80E-40
-27.0965,-6.61E-40
-27.1061,-6.41E-40
-27.1157,-6.20E-40
-27.1253,-5.98E-40
-27.1349,-5.75E-40
-27.1445,-5.50E-40
-27.1541,-5.25E-40
-27.1637,-4.99E-40
-27.1733,-4.72E-40
-27.1829,-4.43E-40
-27.1925,-4.13E-40
-27.2021,-3.83E-40
-27.2117,-3.51E-40
-27.2213,-3.18E-40
-27.2309,-2.84E-40
-27.2405,-2.48E-40
-27.2501,-2.12E-40
-27.2598,-1.75E-40
-27.2694,-1.45E-40
-27.279,-1.15E-40
-27.2886,-8.42E-41
-27.2982,-5.38E-41
-27.3078,-2.34E-41
-27.3175,6.93E-42
-27.3271,3.72E-41
-27.3367,6.72E-41
-27.3463,9.71E-41
-27.356,1.27E-40
-27.3656,1.56E-40
-27.3752,1.84E-40
-27.3849,2.13E-40
-27.3945,2.40E-40
-27.4041,2.67E-40
-27.4138,2.93E-40
-27.4234,3.19E-40
-27.433,3.43E-40
-27.4427,3.66E-40
-27.4523,3.89E-40
-27.4619,4.10E-40
-27.4716,4.30E-40
-27.4812,4.48E-40
-27.4909,4.65E-40
-27.5005,4.81E-40
-27.5102,4.95E-40
-27.5198,5.07E-40
-27.5295,5.17E-40
-27.5391,5.25E-40
-27.5488,5.32E-40
-27.5584,5.36E-40
-27.5681,5.37E-40
-27.5777,5.39E-40
-27.5874,5.44E-40
-27.597,5.48E-40
-27.6067,5.51E-40
-27.6164,5.53E-40
-27.626,5.54E-40
-27.6357,5.54E-40
-27.6453,5.52E-40
-27.655,5.50E-40
-27.6647,5.47E-40
-27.6743,5.43E-40
-27.684,5.38E-40
-27.6937,5.32E-40
-27.7034,5.25E-40
-27.713,5.18E-40
-27.7227,5.10E-40
-27.7324,5.01E-40
-27.742,4.92E-40
-27.7517,4.83E-40
-27.7614,4.72E-40
-27.7711,4.62E-40
-27.7808,4.51E-40
-27.7904,4.40E-40
-27.8001,4.27E-40
-27.8098,4.14E-40
-27.8195,4.01E-40
-27.8292,3.87E-40
-27.8389,3.73E-40
-27.8486,3.59E-40
-27.8583,3.45E-40
-27.868,3.31E-40
-27.8776,3.17E-40
-27.8873,3.04E-40
-27.897,2.91E-40
-27.9067,2.78E-40
-27.9164,2.66E-40
-27.9261,2.54E-40
-27.9358,2.43E-40
-27.9455,2.33E-40
-27.9552,2.24E-40
-27.965,2.16E-40
-27.9747,2.09E-40
-27.9844,2.04E-40
-27.9941,2.00E-40
-28.0038,1.96E-40
-28.0135,1.88E-40
-28.0232,1.80E-40
-28.0329,1.72E-40
-28.0426,1.65E-40
-28.0524,1.59E-40
-28.0621,1.53E-40
-28.0718,1.48E-40
-28.0815,1.43E-40
-28.0912,1.38E-40
-28.101,1.34E-40
-28.1107,1.31E-40
-28.1204,1.28E-40
-28.1301,1.26E-40
-28.1399,1.24E-40
-28.1496,1.23E-40
-28.1593,1.22E-40
-28.169,1.21E-40
-28.1788,1.21E-40
-28.1885,1.22E-40
-28.1982,1.22E-40
-28.208,1.24E-40
-28.2177,1.25E-40
-28.2275,1.27E-40
-28.2372,1.30E-40
-28.2469,1.32E-40
-28.2567,1.36E-40
-28.2664,1.39E-40
-28.2762,1.42E-40
-28.2859,1.46E-40
-28.2957,1.49E-40
-28.3054,1.53E-40
-28.3152,1.57E-40
-28.3249,1.60E-40
-28.3347,1.64E-40
-28.3444,1.67E-40
-28.3542,1.70E-40
-28.3639,1.72E-40
-28.3737,1.74E-40
-28.3834,1.76E-40
-28.3932,1.77E-40
-28.403,1.77E-40
-28.4127,1.77E-40
-28.4225,1.76E-40
-28.4323,1.73E-40
-28.442,1.75E-40
-28.4518,1.77E-40
-28.4616,1.79E-40
-28.4713,1.80E-40
-28.4811,1.81E-40
-28.4909,1.82E-40
-28.5006,1.83E-40
-28.5104,1.84E-40
-28.5202,1.84E-40
-28.53,1.84E-40
-28.5398,1.83E-40
-28.5495,1.83E-40
-28.5593,1.82E-40
-28.5691,1.80E-40
-28.5789,1.78E-40
-28.5887,1.76E-40
-28.5985,1.74E-40
-28.6082,1.71E-40
-28.618,1.67E-40
-28.6278,1.64E-40
-28.6376,1.59E-40
-28.6474,1.55E-40
-28.6572,1.51E-40
-28.667,1.46E-40
-28.6768,1.42E-40
-28.6866,1.38E-40
-28.6964,1.33E-40
-28.7062,1.29E-40
-28.716,1.24E-40
-28.7258,1.19E-40
-28.7356,1.14E-40
-28.7454,1.09E-40
-28.7552,1.04E-40
-28.765,9.92E-41
-28.7748,9.43E-41
-28.7846,8.96E-41
-28.7944,8.51E-41
-28.8042,8.08E-41
-28.8141,7.67E-41
-28.8239,7.29E-41
-28.8337,6.95E-41
-28.8435,6.65E-41
-28.8533,6.39E-41
-28.8631,6.19E-41
-28.873,5.84E-41
-28.8828,5.41E-41
-28.8926,4.99E-41
-28.9024,4.59E-41
-28.9123,4.19E-41
-28.9221,3.81E-41
-28.9319,3.45E-41
-28.9417,3.11E-41
-28.9516,2.78E-41
-28.9614,2.48E-41
-28.9712,2.20E-41
-28.9811,1.95E-41
-28.9909,1.72E-41
-29.0007,1.53E-41
-29.0106,1.36E-41
-29.0204,1.22E-41
-29.0303,1.12E-41
-29.0401,1.06E-41
-29.0499,1.03E-41
-29.0598,1.04E-41
-29.0696,1.10E-41
-29.0795,1.19E-41
-29.0893,1.25E-41
-29.0992,1.26E-41
-29.109,1.28E-41
-29.1189,1.32E-41
-29.1287,1.38E-41
-29.1386,1.46E-41
-29.1484,1.54E-41
-29.1583,1.64E-41
-29.1682,1.75E-41
-29.178,1.87E-41
-29.1879,1.99E-41
-29.1977,2.13E-41
-29.2076,2.26E-41
-29.2175,2.40E-41
-29.2273,2.54E-41
-29.2372,2.67E-41
-29.2471,2.80E-41
-29.2569,2.92E-41
-29.2668,3.04E-41
-29.2767,3.14E-41
-29.2865,3.22E-41
-29.2964,3.28E-41
-29.3063,3.37E-41
-29.3162,3.52E-41
-29.326,3.67E-41
-29.3359,3.81E-41
-29.3458,3.93E-41
-29.3557,4.05E-41
-29.3656,4.16E-41
-29.3754,4.25E-41
-29.3853,4.32E-41
-29.3952,4.38E-41
-29.4051,4.41E-41
-29.415,4.42E-41
-29.4249,4.41E-41
-29.4348,4.36E-41
-29.4447,4.29E-41
-29.4546,4.19E-41
-29.4645,4.05E-41
-29.4743,3.87E-41
-29.4842,3.66E-41
-29.4941,3.40E-41
-29.504,3.09E-41
-29.5139,2.74E-41
-29.5238,2.40E-41
-29.5337,2.15E-41
-29.5437,1.88E-41
-29.5536,1.59E-41
-29.5635,1.29E-41
-29.5734,9.60E-42
-29.5833,6.15E-42
-29.5932,2.53E-42
-29.6031,-1.27E-42
-29.613,-5.23E-42
-29.6229,-9.36E-42
-29.6328,-1.36E-41
-29.6428,-1.80E-41
-29.6527,-2.26E-41
-29.6626,-2.73E-41
-29.6725,-3.20E-41
-29.6824,-3.69E-41
-29.6924,-4.18E-41
-29.7023,-4.68E-41
-29.7122,-5.19E-41
-29.7221,-5.70E-41
-29.7321,-6.21E-41
-29.742,-6.71E-41
-29.7519,-7.19E-41
-29.7618,-7.65E-41
-29.7718,-8.10E-41
-29.7817,-8.52E-41
-29.7916,-8.93E-41
-29.8016,-9.31E-41
-29.8115,-9.66E-41
-29.8215,-9.97E-41
-29.8314,-1.02E-40
-29.8413,-1.05E-40
-29.8513,-1.07E-40
-29.8612,-1.08E-40
-29.8712,-1.09E-40
-29.8811,-1.09E-40
-29.8911,-1.08E-40
-29.901,-1.07E-40
-29.911,-1.08E-40
-29.9209,-1.08E-40
-29.9309,-1.08E-40
-29.9408,-1.07E-40
-29.9508,-1.06E-40
-29.9607,-1.06E-40
-29.9707,-1.05E-40
-29.9806,-1.03E-40
-29.9906,-1.02E-40
-30.0006,-1.00E-40
-30.0105,-9.90E-41
-30.0205,-9.74E-41
-30.0304,-9.59E-41
-30.0404,-9.44E-41
-30.0504,-9.29E-41
-30.0603,-9.12E-41
-30.0703,-8.88E-41
-30.0803,-8.63E-41
-30.0902,-8.38E-41
-30.1002,-8.12E-41
-30.1102,-7.86E-41
-30.1202,-7.60E-41
-30.1301,-7.35E-41
-30.1401,-7.11E-41
-30.1501,-6.87E-41
-30.1601,-6.65E-41
-30.1701,-6.45E-41
-30.18,-6.26E-41
-30.19,-6.10E-41
-30.2,-5.96E-41
-30.21,-5.85E-41
-30.22,-5.72E-41
-30.23,-5.55E-41
-30.2399,-5.38E-41
-30.2499,-5.23E-41
-30.2599,-5.09E-41
-30.2699,-4.96E-41
-30.2799,-4.84E-41
-30.2899,-4.72E-41
-30.2999,-4.62E-41
-30.3099,-4.53E-41
-30.3199,-4.44E-41
-30.3299,-4.37E-41
-30.3399,-4.30E-41
-30.3499,-4.23E-41
-30.3599,-4.18E-41
-30.3699,-4.12E-41
-30.3799,-4.09E-41
-30.3899,-4.07E-41
-30.3999,-4.06E-41
-30.4099,-4.06E-41
-30.4199,-4.06E-41
-30.43,-4.06E-41
-30.44,-4.07E-41
-30.45,-4.08E-41
-30.46,-4.09E-41
-30.47,-4.10E-41
-30.48,-4.10E-41
-30.49,-4.10E-41
-30.5001,-4.10E-41
-30.5101,-4.08E-41
-30.5201,-4.05E-41
-30.5301,-4.01E-41
-30.5402,-4.01E-41
-30.5502,-4.02E-41
-30.5602,-4.02E-41
-30.5702,-4.03E-41
-30.5803,-4.04E-41
-30.5903,-4.04E-41
-30.6003,-4.04E-41
-30.6104,-4.03E-41
-30.6204,-4.02E-41
-30.6304,-4.01E-41
-30.6405,-3.99E-41
-30.6505,-3.97E-41
-30.6605,-3.94E-41
-30.6706,-3.90E-41
-30.6806,-3.86E-41
-30.6906,-3.81E-41
-30.7007,-3.77E-41
-30.7107,-3.72E-41
-30.7208,-3.68E-41
-30.7308,-3.62E-41
-30.7409,-3.57E-41
-30.7509,-3.51E-41
-30.761,-3.46E-41
-30.771,-3.40E-41
-30.7811,-3.34E-41
-30.7911,-3.28E-41
-30.8012,-3.22E-41
-30.8112,-3.16E-41
-30.8213,-3.10E-41
-30.8314,-3.05E-41
-30.8414,-3.00E-41
-30.8515,-2.96E-41
-30.8615,-2.90E-41
-30.8716,-2.83E-41
-30.8817,-2.76E-41
-30.8917,-2.69E-41
-30.9018,-2.63E-41
-30.9119,-2.56E-41
-30.9219,-2.50E-41
-30.932,-2.44E-41
-30.9421,-2.38E-41
-30.9521,-2.33E-41
-30.9622,-2.27E-41
-30.9723,-2.22E-41
-30.9824,-2.18E-41
-30.9924,-2.14E-41
-31.0025,-2.11E-41
-31.0126,-2.08E-41
-31.0227,-2.04E-41
-31.0327,-2.00E-41
-31.0428,-1.96E-41
-31.0529,-1.93E-41
-31.063,-1.90E-41
-31.0731,-1.87E-41
-31.0832,-1.84E-41
-31.0933,-1.81E-41
-31.1033,-1.79E-41
-31.1134,-1.77E-41
-31.1235,-1.75E-41
-31.1336,-1.72E-41
-31.1437,-1.70E-41
-31.1538,-1.69E-41
-31.1639,-1.67E-41
-31.174,-1.65E-41
-31.1841,-1.64E-41
-31.1942,-1.63E-41
-31.2043,-1.62E-41
-31.2144,-1.61E-41
-31.2245,-1.60E-41
-31.2346,-1.60E-41
-31.2447,-1.59E-41
-31.2548,-1.59E-41
-31.2649,-1.58E-41
-31.275,-1.57E-41
-31.2851,-1.56E-41
-31.2953,-1.55E-41
-31.3054,-1.54E-41
-31.3155,-1.53E-41
-31.3256,-1.51E-41
-31.3357,-1.50E-41
-31.3458,-1.49E-41
-31.3559,-1.48E-41
-31.3661,-1.47E-41
-31.3762,-1.46E-41
-31.3863,-1.45E-41
-31.3964,-1.44E-41
-31.4065,-1.43E-41
-31.4167,-1.42E-41
-31.4268,-1.41E-41
-31.4369,-1.40E-41
-31.447,-1.38E-41
-31.4572,-1.37E-41
-31.4673,-1.35E-41
-31.4774,-1.34E-41
-31.4876,-1.32E-41
-31.4977,-1.30E-41
-31.5078,-1.28E-41
-31.518,-1.27E-41
-31.5281,-1.25E-41
-31.5382,-1.23E-41
-31.5484,-1.21E-41
-31.5585,-1.19E-41
-31.5687,-1.17E-41
-31.5788,-1.15E-41
-31.5889,-1.14E-41
-31.5991,-1.12E-41
-31.6092,-1.10E-41
-31.6194,-1.08E-41
-31.6295,-1.07E-41
-31.6397,-1.05E-41
-31.6498,-1.04E-41
-31.66,-1.02E-41
-31.6701,-1.00E-41
-31.6803,-9.84E-42
-31.6904,-9.66E-42
-31.7006,-9.49E-42
-31.7107,-9.32E-42
-31.7209,-9.15E-42
-31.7311,-8.99E-42
-31.7412,-8.84E-42
-31.7514,-8.69E-42
-31.7615,-8.55E-42
-31.7717,-8.41E-42
-31.7819,-8.29E-42
-31.792,-8.17E-42
-31.8022,-8.06E-42
-31.8124,-7.96E-42
-31.8225,-7.86E-42
-31.8327,-7.75E-42
-31.8429,-7.65E-42
-31.853,-7.55E-42
-31.8632,-7.46E-42
-31.8734,-7.37E-42
-31.8836,-7.29E-42
-31.8937,-7.21E-42
-31.9039,-7.13E-42
-31.9141,-7.06E-42
-31.9243,-6.98E-42
-31.9345,-6.91E-42
-31.9446,-6.84E-42
-31.9548,-6.77E-42
-31.965,-6.70E-42
-31.9752,-6.62E-42
-31.9854,-6.59E-42
-31.9956,-6.58E-42
-32.0057,-6.58E-42
-32.0159,-6.59E-42
-32.0261,-6.61E-42
-32.0363,-6.63E-42
-32.0465,-6.66E-42
-32.0567,-6.70E-42
-32.0669,-6.75E-42
-32.0771,-6.80E-42
-32.0873,-6.86E-42
-32.0975,-6.93E-42
-32.1077,-6.99E-42
-32.1179,-7.07E-42
-32.1281,-7.14E-42
-32.1383,-7.21E-42
-32.1485,-7.29E-42
-32.1587,-7.36E-42
-32.1689,-7.43E-42
-32.1791,-7.50E-42
-32.1893,-7.56E-42
-32.1995,-7.61E-42
-32.2097,-7.65E-42
-32.2199,-7.68E-42
-32.2302,-7.69E-42
-32.2404,-7.69E-42
-32.2506,-7.67E-42
-32.2608,-7.63E-42
-32.271,-7.57E-42
-32.2812,-7.62E-42
-32.2914,-7.77E-42
-32.3017,-7.94E-42
-32.3119,-8.11E-42
-32.3221,-8.29E-42
-32.3323,-8.48E-42
-32.3426,-8.66E-42
-32.3528,-8.85E-42
-32.363,-9.05E-42
-32.3732,-9.24E-42
-32.3835,-9.43E-42
-32.3937,-9.63E-42
-32.4039,-9.82E-42
-32.4141,-1.00E-41
-32.4244,-1.02E-41
-32.4346,-1.04E-41
-32.4448,-1.05E-41
-32.4551,-1.07E-41
-32.4653,-1.08E-41
-32.4755,-1.10E-41
-32.4858,-1.11E-41
-32.496,-1.12E-41
-32.5063,-1.13E-41
-32.5165,-1.13E-41
-32.5267,-1.14E-41
-32.537,-1.14E-41
-32.5472,-1.14E-41
-32.5575,-1.13E-41
-32.5677,-1.12E-41
-32.578,-1.12E-41
-32.5882,-1.13E-41
-32.5985,-1.15E-41
-32.6087,-1.16E-41
-32.619,-1.17E-41
-32.6292,-1.19E-41
-32.6395,-1.20E-41
-32.6497,-1.21E-41
-32.66,-1.22E-41
-32.6702,-1.23E-41
-32.6805,-1.24E-41
-32.6908,-1.25E-41
-32.701,-1.26E-41
-32.7113,-1.27E-41
-32.7215,-1.27E-41
-32.7318,-1.28E-41
-32.7421,-1.28E-41
-32.7523,-1.29E-41
-32.7626,-1.29E-41
-32.7729,-1.29E-41
-32.7831,-1.29E-41
-32.7934,-1.28E-41
-32.8037,-1.28E-41
-32.8139,-1.27E-41
-32.8242,-1.26E-41
-32.8345,-1.25E-41
-32.8448,-1.24E-41
-32.855,-1.22E-41
-32.8653,-1.20E-41
-32.8756,-1.18E-41
-32.8859,-1.18E-41
-32.8962,-1.17E-41
-32.9064,-1.16E-41
-32.9167,-1.15E-41
-32.927,-1.14E-41
-32.9373,-1.13E-41
-32.9476,-1.12E-41
-32.9579,-1.11E-41
-32.9681,-1.10E-41
-32.9784,-1.09E-41
-32.9887,-1.08E-41
-32.999,-1.07E-41
-33.0093,-1.05E-41
-33.0196,-1.04E-41
-33.0299,-1.03E-41
-33.0402,-1.01E-41
-33.0505,-1.00E-41
-33.0608,-9.85E-42
-33.0711,-9.71E-42
-33.0814,-9.56E-42
-33.0917,-9.41E-42
-33.1019,-9.26E-42
-33.1122,-9.11E-42
-33.1226,-8.95E-42
-33.1329,-8.80E-42
-33.1432,-8.65E-42
-33.1535,-8.50E-42
-33.1638,-8.35E-42
-33.1741,-8.20E-42
-33.1844,-8.03E-42
-33.1947,-7.86E-42
-33.205,-7.69E-42
-33.2153,-7.52E-42
-33.2256,-7.35E-42
-33.2359,-7.18E-42
-33.2462,-7.01E-42
-33.2566,-6.84E-42
-33.2669,-6.67E-42
-33.2772,-6.51E-42
-33.2875,-6.35E-42
-33.2978,-6.19E-42
-33.3081,-6.03E-42
-33.3185,-5.88E-42
-33.3288,-5.73E-42
-33.3391,-5.59E-42
-33.3494,-5.45E-42
-33.3598,-5.31E-42
-33.3701,-5.18E-42
-33.3804,-5.06E-42
-33.3907,-4.94E-42
-33.4011,-4.84E-42
-33.4114,-4.73E-42
-33.4217,-4.64E-42
-33.4321,-4.55E-42
-33.4424,-4.48E-42
-33.4527,-4.41E-42
-33.463,-4.35E-42
-33.4734,-4.30E-42
-33.4837,-4.23E-42
-33.4941,-4.14E-42
-33.5044,-4.06E-42
-33.5147,-3.98E-42
-33.5251,-3.90E-42
-33.5354,-3.83E-42
-33.5458,-3.76E-42
-33.5561,-3.69E-42
-33.5664,-3.63E-42
-33.5768,-3.57E-42
-33.5871,-3.52E-42
-33.5975,-3.47E-42
-33.6078,-3.42E-42
-33.6182,-3.37E-42
-33.6285,-3.33E-42
-33.6389,-3.29E-42
-33.6492,-3.26E-42
-33.6596,-3.23E-42
-33.6699,-3.20E-42
-33.6803,-3.17E-42
-33.6906,-3.15E-42
-33.701,-3.13E-42
-33.7113,-3.11E-42
-33.7217,-3.09E-42
-33.7321,-3.08E-42
-33.7424,-3.06E-42
-33.7528,-3.05E-42
-33.7631,-3.04E-42
-33.7735,-3.03E-42
-33.7839,-3.02E-42
-33.7942,-3.03E-42
-33.8046,-3.03E-42
-33.815,-3.04E-42
-33.8253,-3.05E-42
-33.8357,-3.06E-42
-33.8461,-3.07E-42
-33.8564,-3.08E-42
-33.8668,-3.10E-42
-33.8772,-3.11E-42
-33.8876,-3.13E-42
-33.8979,-3.14E-42
-33.9083,-3.16E-42
-33.9187,-3.17E-42
-33.9291,-3.18E-42
-33.9394,-3.20E-42
-33.9498,-3.21E-42
-33.9602,-3.22E-42
-33.9706,-3.22E-42
-33.981,-3.23E-42
-33.9913,-3.23E-42
-34.0017,-3.23E-42
-34.0121,-3.23E-42
-34.0225,-3.22E-42
-34.0329,-3.21E-42
-34.0433,-3.19E-42
-34.0537,-3.17E-42
-34.064,-3.15E-42
-34.0744,-3.12E-42
-34.0848,-3.09E-42
-34.0952,-3.09E-42
-34.1056,-3.09E-42
-34.116,-3.09E-42
-34.1264,-3.08E-42
-34.1368,-3.08E-42
-34.1472,-3.07E-42
-34.1576,-3.06E-42
-34.168,-3.05E-42
-34.1784,-3.04E-42
-34.1888,-3.03E-42
-34.1992,-3.02E-42
-34.2096,-3.00E-42
-34.22,-2.98E-42
-34.2304,-2.97E-42
-34.2408,-2.95E-42
-34.2512,-2.93E-42
-34.2616,-2.90E-42
-34.272,-2.88E-42
-34.2824,-2.85E-42
-34.2928,-2.82E-42
-34.3032,-2.79E-42
-34.3136,-2.76E-42
-34.3241,-2.73E-42
-34.3345,-2.69E-42
-34.3449,-2.66E-42
-34.3553,-2.62E-42
-34.3657,-2.58E-42
-34.3761,-2.54E-42
-34.3865,-2.50E-42
-34.397,-2.45E-42
-34.4074,-2.41E-42
-34.4178,-2.37E-42
-34.4282,-2.33E-42
-34.4386,-2.28E-42
-34.4491,-2.24E-42
-34.4595,-2.19E-42
-34.4699,-2.15E-42
-34.4803,-2.10E-42
-34.4908,-2.06E-42
-34.5012,-2.01E-42
-34.5116,-1.96E-42
-34.5221,-1.92E-42
-34.5325,-1.87E-42
-34.5429,-1.83E-42
-34.5533,-1.78E-42
-34.5638,-1.74E-42
-34.5742,-1.70E-42
-34.5846,-1.66E-42
-34.5951,-1.62E-42
-34.6055,-1.58E-42
-34.616,-1.54E-42
-34.6264,-1.51E-42
-34.6368,-1.48E-42
-34.6473,-1.45E-42
-34.6577,-1.42E-42
-34.6681,-1.40E-42
-34.6786,-1.37E-42
-34.689,-1.36E-42
-34.6995,-1.32E-42
-34.7099,-1.29E-42
-34.7204,-1.25E-42
-34.7308,-1.22E-42
-34.7413,-1.18E-42
-34.7517,-1.15E-42
-34.7622,-1.12E-42
-34.7726,-1.09E-42
-34.7831,-1.06E-42
-34.7935,-1.03E-42
-34.804,-1.00E-42
-34.8144,-9.74E-43
-34.8249,-9.48E-43
-34.8353,-9.24E-43
-34.8458,-9.02E-43
-34.8562,-8.80E-43
-34.8667,-8.61E-43
-34.8772,-8.42E-43
-34.8876,-8.26E-43
-34.8981,-8.11E-43
-34.9085,-7.98E-43
-34.919,-7.86E-43
-34.9295,-7.76E-43
-34.9399,-7.68E-43
-34.9504,-7.62E-43
-34.9609,-7.58E-43
-34.9713,-7.56E-43
-34.9818,-7.56E-43
-34.9923,-7.57E-43
-35.0027,-7.57E-43
-35.0132,-7.53E-43
-35.0237,-7.51E-43
-35.0341,-7.49E-43
-35.0446,-7.49E-43
-35.0551,-7.49E-43
-35.0656,-7.50E-43
-35.076,-7.52E-43
-35.0865,-7.54E-43
-35.097,-7.57E-43
-35.1075,-7.60E-43
-35.1179,-7.64E-43
-35.1284,-7.69E-43
-35.1389,-7.73E-43
-35.1494,-7.78E-43
-35.1599,-7.83E-43
-35.1703,-7.88E-43
-35.1808,-7.94E-43
-35.1913,-7.99E-43
-35.2018,-8.04E-43
-35.2123,-8.08E-43
-35.2228,-8.12E-43
-35.2332,-8.16E-43
-35.2437,-8.19E-43
-35.2542,-8.21E-43
-35.2647,-8.23E-43
-35.2752,-8.23E-43
-35.2857,-8.23E-43
-35.2962,-8.21E-43
-35.3067,-8.22E-43
-35.3172,-8.29E-43
-35.3277,-8.36E-43
-35.3382,-8.43E-43
-35.3487,-8.50E-43
-35.3592,-8.57E-43
-35.3697,-8.63E-43
-35.3802,-8.69E-43
-35.3907,-8.75E-43
-35.4012,-8.81E-43
-35.4117,-8.86E-43
-35.4222,-8.91E-43
-35.4327,-8.95E-43
-35.4432,-8.98E-43
-35.4537,-9.01E-43
-35.4642,-9.03E-43
-35.4747,-9.05E-43
-35.4852,-9.05E-43
-35.4957,-9.05E-43
-35.5062,-9.04E-43
-35.5167,-9.02E-43
-35.5272,-8.99E-43
-35.5377,-8.94E-43
-35.5483,-8.89E-43
-35.5588,-8.82E-43
-35.5693,-8.75E-43
-35.5798,-8.65E-43
-35.5903,-8.55E-43
-35.6008,-8.43E-43
-35.6113,-8.30E-43
-35.6219,-8.24E-43
-35.6324,-8.16E-43
-35.6429,-8.09E-43
-35.6534,-8.01E-43
-35.6639,-7.92E-43
-35.6745,-7.83E-43
-35.685,-7.74E-43
-35.6955,-7.64E-43
-35.706,-7.54E-43
-35.7166,-7.43E-43
-35.7271,-7.32E-43
-35.7376,-7.21E-43
-35.7481,-7.09E-43
-35.7587,-6.98E-43
-35.7692,-6.86E-43
-35.7797,-6.74E-43
-35.7903,-6.62E-43
-35.8008,-6.49E-43
-35.8113,-6.37E-43
-35.8219,-6.25E-43
-35.8324,-6.12E-43
-35.8429,-6.00E-43
-35.8535,-5.88E-43
-35.864,-5.76E-43
-35.8745,-5.65E-43
-35.8851,-5.53E-43
-35.8956,-5.43E-43
-35.9062,-5.32E-43
-35.9167,-5.22E-43
-35.9272,-5.08E-43
-35.9378,-4.94E-43
-35.9483,-4.80E-43
-35.9589,-4.66E-43
-35.9694,-4.52E-43
-35.98,-4.38E-43
-35.9905,-4.24E-43
-36.0011,-4.11E-43
-36.0116,-3.97E-43
-36.0221,-3.84E-43
-36.0327,-3.71E-43
-36.0432,-3.59E-43
-36.0538,-3.46E-43
-36.0643,-3.35E-43
-36.0749,-3.23E-43
-36.0855,-3.12E-43
-36.096,-3.02E-43
-36.1066,-2.92E-43
-36.1171,-2.83E-43
-36.1277,-2.75E-43
-36.1382,-2.67E-43
-36.1488,-2.60E-43
-36.1593,-2.54E-43
-36.1699,-2.48E-43
-36.1805,-2.44E-43
-36.191,-2.40E-43
-36.2016,-2.38E-43
-36.2122,-2.36E-43
-36.2227,-2.36E-43
-36.2333,-2.33E-43
-36.2438,-2.28E-43
-36.2544,-2.23E-43
-36.265,-2.19E-43
-36.2755,-2.15E-43
-36.2861,-2.12E-43
-36.2967,-2.09E-43
-36.3073,-2.06E-43
-36.3178,-2.03E-43
-36.3284,-2.01E-43
-36.339,-2.00E-43
-36.3495,-1.98E-43
-36.3601,-1.97E-43
-36.3707,-1.97E-43
-36.3813,-1.96E-43
-36.3918,-1.96E-43
-36.4024,-1.96E-43
-36.413,-1.96E-43
-36.4236,-1.97E-43
-36.4341,-1.98E-43
-36.4447,-1.99E-43
-36.4553,-2.00E-43
-36.4659,-2.02E-43
-36.4765,-2.03E-43
-36.4871,-2.05E-43
-36.4976,-2.07E-43
-36.5082,-2.09E-43
-36.5188,-2.11E-43
-36.5294,-2.13E-43
-36.54,-2.15E-43
-36.5506,-2.19E-43
-36.5612,-2.22E-43
-36.5717,-2.26E-43
-36.5823,-2.29E-43
-36.5929,-2.33E-43
-36.6035,-2.37E-43
-36.6141,-2.41E-43
-36.6247,-2.45E-43
-36.6353,-2.49E-43
-36.6459,-2.52E-43
-36.6565,-2.56E-43
-36.6671,-2.60E-43
-36.6777,-2.63E-43
-36.6883,-2.67E-43
-36.6989,-2.70E-43
-36.7095,-2.73E-43
-36.7201,-2.75E-43
-36.7307,-2.78E-43
-36.7413,-2.80E-43
-36.7519,-2.82E-43
-36.7625,-2.83E-43
-36.7731,-2.84E-43
-36.7837,-2.84E-43
-36.7943,-2.84E-43
-36.8049,-2.84E-43
-36.8155,-2.82E-43
-36.8261,-2.81E-43
-36.8367,-2.78E-43
-36.8473,-2.76E-43
-36.8579,-2.77E-43
-36.8685,-2.77E-43
-36.8791,-2.78E-43
-36.8897,-2.78E-43
-36.9004,-2.78E-43
-36.911,-2.78E-43
-36.9216,-2.77E-43
-36.9322,-2.76E-43
-36.9428,-2.76E-43
-36.9534,-2.75E-43
-36.964,-2.73E-43
-36.9747,-2.72E-43
-36.9853,-2.70E-43
-36.9959,-2.68E-43
-37.0065,-2.66E-43
-37.0171,-2.64E-43
-37.0278,-2.62E-43
-37.0384,-2.59E-43
-37.049,-2.56E-43
-37.0596,-2.53E-43
-37.0703,-2.50E-43
-37.0809,-2.46E-43
-37.0915,-2.43E-43
-37.1021,-2.39E-43
-37.1128,-2.35E-43
-37.1234,-2.30E-43
-37.134,-2.26E-43
-37.1446,-2.21E-43
-37.1553,-2.17E-43
-37.1659,-2.12E-43
-37.1765,-2.07E-43
-37.1872,-2.03E-43
-37.1978,-1.98E-43
-37.2084,-1.93E-43
-37.2191,-1.88E-43
-37.2297,-1.83E-43
-37.2403,-1.77E-43
-37.251,-1.72E-43
-37.2616,-1.67E-43
-37.2722,-1.62E-43
-37.2829,-1.57E-43
-37.2935,-1.52E-43
-37.3042,-1.47E-43
-37.3148,-1.42E-43
-37.3254,-1.37E-43
-37.3361,-1.33E-43
-37.3467,-1.28E-43
-37.3574,-1.24E-43
-37.368,-1.20E-43
-37.3787,-1.16E-43
-37.3893,-1.12E-43
-37.3999,-1.09E-43
-37.4106,-1.05E-43
-37.4212,-1.03E-43
-37.4319,-1.00E-43
-37.4425,-9.79E-44
-37.4532,-9.62E-44
-37.4638,-9.49E-44
-37.4745,-9.18E-44
-37.4851,-8.83E-44
-37.4958,-8.49E-44
-37.5065,-8.17E-44
-37.5171,-7.86E-44
-37.5278,-7.56E-44
-37.5384,-7.27E-44
-37.5491,-7.00E-44
-37.5597,-6.74E-44
-37.5704,-6.49E-44
-37.581,-6.26E-44
-37.5917,-6.05E-44
-37.6024,-5.86E-44
-37.613,-5.68E-44
-37.6237,-5.52E-44
-37.6344,-5.37E-44
-37.645,-5.25E-44
-37.6557,-5.14E-44
-37.6663,-5.06E-44
-37.677,-4.99E-44
-37.6877,-4.94E-44
-37.6983,-4.92E-44
-37.709,-4.91E-44
-37.7197,-4.93E-44
-37.7303,-4.96E-44
-37.741,-5.02E-44
-37.7517,-5.11E-44
-37.7624,-5.21E-44
-37.773,-5.34E-44
-37.7837,-5.43E-44
-37.7944,-5.51E-44
-37.805,-5.60E-44
-37.8157,-5.69E-44
-37.8264,-5.80E-44
-37.8371,-5.92E-44
-37.8477,-6.04E-44
-37.8584,-6.17E-44
-37.8691,-6.31E-44
-37.8798,-6.45E-44
-37.8905,-6.60E-44
-37.9011,-6.75E-44
-37.9118,-6.91E-44
-37.9225,-7.06E-44
-37.9332,-7.22E-44
-37.9439,-7.37E-44
-37.9545,-7.52E-44
-37.9652,-7.67E-44
-37.9759,-7.82E-44
-37.9866,-7.96E-44
-37.9973,-8.09E-44
-38.008,-8.21E-44
-38.0187,-8.32E-44
-38.0293,-8.42E-44
-38.04,-8.51E-44
-38.0507,-8.58E-44
-38.0614,-8.64E-44
-38.0721,-8.67E-44
-38.0828,-8.69E-44
-38.0935,-8.74E-44
-38.1042,-8.88E-44
-38.1149,-9.01E-44
-38.1256,-9.15E-44
-38.1363,-9.27E-44
-38.147,-9.39E-44
-38.1577,-9.51E-44
-38.1684,-9.62E-44
-38.1791,-9.72E-44
-38.1898,-9.82E-44
-38.2005,-9.90E-44
-38.2112,-9.98E-44
-38.2219,-1.00E-43
-38.2326,-1.01E-43
-38.2433,-1.02E-43
-38.254,-1.02E-43
-38.2647,-1.02E-43
-38.2754,-1.02E-43
-38.2861,-1.02E-43
-38.2968,-1.02E-43
-38.3075,-1.02E-43
-38.3182,-1.01E-43
-38.3289,-1.01E-43
-38.3396,-1.00E-43
-38.3503,-9.91E-44
-38.361,-9.80E-44
-38.3717,-9.67E-44
-38.3824,-9.52E-44
-38.3932,-9.36E-44
-38.4039,-9.19E-44
-38.4146,-9.08E-44
-38.4253,-8.97E-44
-38.436,-8.85E-44
-38.4467,-8.72E-44
-38.4574,-8.59E-44
-38.4682,-8.45E-44
-38.4789,-8.31E-44
-38.4896,-8.16E-44
-38.5003,-8.00E-44
-38.511,-7.84E-44
-38.5218,-7.68E-44
-38.5325,-7.51E-44
-38.5432,-7.34E-44
-38.5539,-7.16E-44
-38.5646,-6.99E-44
-38.5754,-6.81E-44
-38.5861,-6.63E-44
-38.5968,-6.46E-44
-38.6075,-6.28E-44
-38.6183,-6.11E-44
-38.629,-5.93E-44
-38.6397,-5.77E-44
-38.6505,-5.60E-44
-38.6612,-5.44E-44
-38.6719,-5.29E-44
-38.6826,-5.14E-44
-38.6934,-5.00E-44
-38.7041,-4.87E-44
-38.7148,-4.75E-44
-38.7256,-4.56E-44
-38.7363,-4.37E-44
-38.747,-4.19E-44
-38.7578,-4.00E-44
-38.7685,-3.82E-44
-38.7792,-3.64E-44
-38.79,-3.46E-44
-38.8007,-3.28E-44
-38.8115,-3.12E-44
-38.8222,-2.95E-44
-38.8329,-2.79E-44
-38.8437,-2.64E-44
-38.8544,-2.49E-44
-38.8652,-2.35E-44
-38.8759,-2.22E-44
-38.8866,-2.09E-44
-38.8974,-1.98E-44
-38.9081,-1.87E-44
-38.9189,-1.77E-44
-38.9296,-1.69E-44
-38.9404,-1.61E-44
-38.9511,-1.55E-44
-38.9619,-1.50E-44
-38.9726,-1.46E-44
-38.9834,-1.44E-44
-38.9941,-1.43E-44
-39.0049,-1.43E-44
-39.0156,-1.45E-44
-39.0264,-1.49E-44
-39.0371,-1.48E-44
-39.0479,-1.45E-44
-39.0586,-1.43E-44
-39.0694,-1.42E-44
-39.0801,-1.41E-44
-39.0909,-1.41E-44
-39.1017,-1.41E-44
-39.1124,-1.42E-44
-39.1232,-1.43E-44
-39.1339,-1.45E-44
-39.1447,-1.47E-44
-39.1555,-1.50E-44
-39.1662,-1.53E-44
-39.177,-1.57E-44
-39.1877,-1.61E-44
-39.1985,-1.65E-44
-39.2093,-1.70E-44
-39.22,-1.74E-44
-39.2308,-1.80E-44
-39.2416,-1.85E-44
-39.2523,-1.90E-44
-39.2631,-1.96E-44
-39.2739,-2.02E-44
-39.2846,-2.08E-44
-39.2954,-2.13E-44
-39.3062,-2.19E-44
-39.3169,-2.25E-44
-39.3277,-2.30E-44
-39.3385,-2.36E-44
-39.3493,-2.42E-44
-39.36,-2.51E-44
-39.3708,-2.59E-44
-39.3816,-2.68E-44
-39.3924,-2.76E-44
-39.4031,-2.84E-44
-39.4139,-2.93E-44
-39.4247,-3.01E-44
-39.4355,-3.09E-44
-39.4462,-3.17E-44
-39.457,-3.25E-44
-39.4678,-3.33E-44
-39.4786,-3.40E-44
-39.4894,-3.47E-44
-39.5001,-3.54E-44
-39.5109,-3.60E-44
-39.5217,-3.65E-44
-39.5325,-3.71E-44
-39.5433,-3.75E-44
-39.5541,-3.79E-44
-39.5649,-3.83E-44
-39.5756,-3.85E-44
-39.5864,-3.87E-44
-39.5972,-3.88E-44
-39.608,-3.88E-44
-39.6188,-3.87E-44
-39.6296,-3.85E-44
-39.6404,-3.82E-44
-39.6512,-3.78E-44
-39.662,-3.75E-44
-39.6728,-3.76E-44
-39.6835,-3.76E-44
-39.6943,-3.76E-44
-39.7051,-3.76E-44
-39.7159,-3.75E-44
-39.7267,-3.74E-44
-39.7375,-3.72E-44
-39.7483,-3.71E-44
-39.7591,-3.68E-44
-39.7699,-3.66E-44
-39.7807,-3.63E-44
-39.7915,-3.60E-44
-39.8023,-3.56E-44
-39.8131,-3.52E-44
-39.8239,-3.48E-44
-39.8347,-3.43E-44
-39.8455,-3.38E-44
-39.8563,-3.33E-44
-39.8671,-3.28E-44
-39.8779,-3.22E-44
-39.8888,-3.16E-44
-39.8996,-3.10E-44
-39.9104,-3.03E-44
-39.9212,-2.96E-44
-39.932,-2.89E-44
-39.9428,-2.82E-44
-39.9536,-2.75E-44
-39.9644,-2.67E-44
-39.9752,-3.43E-15
-39.986,-1.10E-11
-39.9969,-2.39E-10
-40.0077,-1.44E-09
-40.0185,-4.36E-09
-40.0293,-9.46E-09
-40.0401,-1.65E-08
-40.0509,-2.51E-08
-40.0617,-3.52E-08
-40.0726,-4.66E-08
-40.0834,-5.92E-08
-40.0942,-7.36E-08
-40.105,-8.94E-08
-40.1158,-1.07E-07
-40.1267,-1.27E-07
-40.1375,-1.49E-07
-40.1483,-1.72E-07
-40.1591,-1.97E-07
-40.17,-2.24E-07
-40.1808,-2.53E-07
-40.1916,-2.83E-07
-40.2024,-3.15E-07
-40.2133,-3.48E-07
-40.2241,-3.83E-07
-40.2349,-4.20E-07
-40.2457,-4.58E-07
-40.2566,-4.98E-07
-40.2674,-5.39E-07
-40.2782,-5.81E-07
-40.2891,-6.26E-07
-40.2999,-6.71E-07
-40.3107,-7.19E-07
-40.3216,-7.67E-07
-40.3324,-8.18E-07
-40.3432,-8.69E-07
-40.3541,-9.23E-07
-40.3649,-9.78E-07
-40.3757,-1.03E-06
-40.3866,-1.09E-06
-40.3974,-1.15E-06
-40.4082,-1.21E-06
-40.4191,-1.28E-06
-40.4299,-1.34E-06
-40.4408,-1.41E-06
-40.4516,-1.47E-06
-40.4625,-1.54E-06
-40.4733,-1.61E-06
-40.4841,-1.69E-06
-40.495,-1.76E-06
-40.5058,-1.84E-06
-40.5167,-1.91E-06
-40.5275,-1.99E-06
-40.5384,-2.07E-06
-40.5492,-2.15E-06
-40.5601,-2.24E-06
-40.5709,-2.32E-06
-40.5818,-2.41E-06
-40.5926,-2.50E-06
-40.6035,-2.59E-06
-40.6143,-2.68E-06
-40.6252,-2.77E-06
-40.636,-2.87E-06
-40.6469,-2.96E-06
-40.6577,-3.06E-06
-40.6686,-3.16E-06
-40.6794,-3.26E-06
-40.6903,-3.36E-06
-40.7011,-3.47E-06
-40.712,-3.57E-06
-40.7229,-3.68E-06
-40.7337,-3.79E-06
-40.7446,-3.90E-06
-40.7554,-4.01E-06
-40.7663,-4.12E-06
-40.7772,-4.24E-06
-40.788,-4.35E-06
-40.7989,-4.47E-06
-40.8098,-4.59E-06
-40.8206,-4.71E-06
-40.8315,-4.83E-06
-40.8423,-4.96E-06
-40.8532,-5.08E-06
-40.8641,-5.21E-06
-40.8749,-5.34E-06
-40.8858,-5.47E-06
-40.8967,-5.60E-06
-40.9076,-5.73E-06
-40.9184,-5.87E-06
-40.9293,-6.00E-06
-40.9402,-6.14E-06
-40.951,-6.28E-06
-40.9619,-6.42E-06
-40.9728,-6.56E-06
-40.9837,-6.71E-06
-40.9945,-6.85E-06
-41.0054,-7.00E-06
-41.0163,-7.15E-06
-41.0272,-7.30E-06
-41.038,-7.45E-06
-41.0489,-7.60E-06
-41.0598,-7.76E-06
-41.0707,-7.92E-06
-41.0816,-8.07E-06
-41.0924,-8.23E-06
-41.1033,-8.39E-06
-41.1142,-8.56E-06
-41.1251,-8.72E-06
-41.136,-8.89E-06
-41.1469,-9.05E-06
-41.1577,-9.22E-06
-41.1686,-9.39E-06
-41.1795,-9.56E-06
-41.1904,-9.74E-06
-41.2013,-9.91E-06
-41.2122,-1.01E-05
-41.2231,-1.03E-05
-41.234,-1.04E-05
-41.2449,-1.06E-05
-41.2557,-1.08E-05
-41.2666,-1.10E-05
-41.2775,-1.12E-05
-41.2884,-1.14E-05
-41.2993,-1.16E-05
-41.3102,-1.17E-05
-41.3211,-1.19E-05
-41.332,-1.21E-05
-41.3429,-1.23E-05
-41.3538,-1.25E-05
-41.3647,-1.27E-05
-41.3756,-1.29E-05
-41.3865,-1.31E-05
-41.3974,-1.33E-05
-41.4083,-1.35E-05
-41.4192,-1.37E-05
-41.4301,-1.39E-05
-41.441,-1.41E-05
-41.4519,-1.44E-05
-41.4628,-1.46E-05
-41.4737,-1.48E-05
-41.4846,-1.50E-05
-41.4955,-1.52E-05
-41.5064,-1.54E-05
-41.5173,-1.56E-05
-41.5283,-1.59E-05
-41.5392,-1.61E-05
-41.5501,-1.63E-05
-41.561,-1.65E-05
-41.5719,-1.68E-05
-41.5828,-1.70E-05
-41.5937,-1.72E-05
-41.6046,-1.75E-05
-41.6155,-1.77E-05
-41.6265,-1.79E-05
-41.6374,-1.82E-05
-41.6483,-1.84E-05
-41.6592,-1.86E-05
-41.6701,-1.89E-05
-41.681,-1.91E-05
-41.692,-1.94E-05
-41.7029,-1.96E-05
-41.7138,-1.99E-05
-41.7247,-2.01E-05
-41.7356,-2.03E-05
-41.7466,-2.06E-05
-41.7575,-2.09E-05
-41.7684,-2.11E-05
-41.7793,-2.14E-05
-41.7903,-2.16E-05
-41.8012,-2.19E-05
-41.8121,-2.21E-05
-41.823,-2.24E-05
-41.834,-2.27E-05
-41.8449,-2.29E-05
-41.8558,-2.32E-05
-41.8668,-2.35E-05
-41.8777,-2.37E-05
-41.8886,-2.40E-05
-41.8995,-2.43E-05
-41.9105,-2.46E-05
-41.9214,-2.48E-05
-41.9323,-2.51E-05
-41.9433,-2.54E-05
-41.9542,-2.57E-05
-41.9652,-2.59E-05
-41.9761,-2.62E-05
-41.987,-2.65E-05
-41.998,-2.68E-05
-42.0089,-2.71E-05
-42.0198,-2.74E-05
-42.0308,-2.77E-05
-42.0417,-2.80E-05
-42.0527,-2.83E-05
-42.0636,-2.85E-05
-42.0746,-2.88E-05
-42.0855,-2.91E-05
-42.0964,-2.94E-05
-42.1074,-2.97E-05
-42.1183,-3.01E-05
-42.1293,-3.04E-05
-42.1402,-3.07E-05
-42.1512,-3.10E-05
-42.1621,-3.13E-05
-42.1731,-3.16E-05
-42.184,-3.19E-05
-42.195,-3.22E-05
-42.2059,-3.25E-05
-42.2169,-3.28E-05
-42.2278,-3.32E-05
-42.2388,-3.35E-05
-42.2497,-3.38E-05
-42.2607,-3.41E-05
-42.2716,-3.45E-05
-42.2826,-3.48E-05
-42.2936,-3.51E-05
-42.3045,-3.54E-05
-42.3155,-3.58E-05
-42.3264,-3.61E-05
-42.3374,-3.64E-05
-42.3484,-3.68E-05
-42.3593,-3.71E-05
-42.3703,-3.74E-05
-42.3812,-3.78E-05
-42.3922,-3.81E-05
-42.4032,-3.85E-05
-42.4141,-3.88E-05
-42.4251,-3.92E-05
-42.4361,-3.95E-05
-42.447,-3.98E-05
-42.458,-4.02E-05
-42.469,-4.05E-05
-42.4799,-4.09E-05
-42.4909,-4.13E-05
-42.5019,-4.16E-05
-42.5128,-4.20E-05
-42.5238,-4.23E-05
-42.5348,-4.27E-05
-42.5458,-4.31E-05
-42.5567,-4.34E-05
-42.5677,-4.38E-05
-42.5787,-4.41E-05
-42.5897,-4.45E-05
-42.6006,-4.49E-05
-42.6116,-4.53E-05
-42.6226,-4.56E-05
-42.6336,-4.60E-05
-42.6445,-4.64E-05
-42.6555,-4.68E-05
-42.6665,-4.71E-05
-42.6775,-4.75E-05
-42.6885,-4.79E-05
-42.6995,-4.83E-05
-42.7104,-4.87E-05
-42.7214,-4.90E-05
-42.7324,-4.94E-05
-42.7434,-4.98E-05
-42.7544,-5.02E-05
-42.7654,-5.06E-05
-42.7764,-5.10E-05
-42.7873,-5.14E-05
-42.7983,-5.18E-05
-42.8093,-5.22E-05
-42.8203,-5.26E-05
-42.8313,-5.30E-05
-42.8423,-5.34E-05
-42.8533,-5.38E-05
-42.8643,-5.42E-05
-42.8753,-5.46E-05
-42.8863,-5.50E-05
-42.8973,-5.54E-05
-42.9083,-5.58E-05
-42.9193,-5.62E-05
-42.9303,-5.67E-05
-42.9413,-5.71E-05
-42.9523,-5.75E-05
-42.9633,-5.79E-05
-42.9743,-5.83E-05
-42.9853,-5.88E-05
-42.9963,-5.92E-05
-43.0073,-5.96E-05
-43.0183,-6.00E-05
-43.0293,-6.05E-05
-43.0403,-6.09E-05
-43.0513,-6.13E-05
-43.0623,-6.17E-05
-43.0733,-6.22E-05
-43.0843,-6.26E-05
-43.0953,-6.30E-05
-43.1063,-6.35E-05
-43.1173,-6.39E-05
-43.1283,-6.44E-05
-43.1394,-6.48E-05
-43.1504,-6.52E-05
-43.1614,-6.57E-05
-43.1724,-6.61E-05
-43.1834,-6.66E-05
-43.1944,-6.70E-05
-43.2054,-6.75E-05
-43.2165,-6.79E-05
-43.2275,-6.84E-05
-43.2385,-6.88E-05
-43.2495,-6.93E-05
-43.2605,-6.98E-05
-43.2715,-7.02E-05
-43.2826,-7.07E-05
-43.2936,-7.11E-05
-43.3046,-7.16E-05
-43.3156,-7.21E-05
-43.3267,-7.25E-05
-43.3377,-7.30E-05
-43.3487,-7.35E-05
-43.3597,-7.39E-05
-43.3708,-7.44E-05
-43.3818,-7.49E-05
-43.3928,-7.53E-05
-43.4038,-7.58E-05
-43.4149,-7.63E-05
-43.4259,-7.68E-05
-43.4369,-7.73E-05
-43.448,-7.77E-05
-43.459,-7.82E-05
-43.47,-7.87E-05
-43.4811,-7.92E-05
-43.4921,-7.97E-05
-43.5031,-8.02E-05
-43.5142,-8.07E-05
-43.5252,-8.11E-05
-43.5362,-8.16E-05
-43.5473,-8.21E-05
-43.5583,-8.26E-05
-43.5694,-8.31E-05
-43.5804,-8.36E-05
-43.5914,-8.41E-05
-43.6025,-8.46E-05
-43.6135,-8.51E-05
-43.6246,-8.56E-05
-43.6356,-8.61E-05
-43.6467,-8.66E-05
-43.6577,-8.71E-05
-43.6688,-8.76E-05
-43.6798,-8.82E-05
-43.6908,-8.87E-05
-43.7019,-8.92E-05
-43.7129,-8.97E-05
-43.724,-9.02E-05
-43.735,-9.07E-05
-43.7461,-9.12E-05
-43.7571,-9.18E-05
-43.7682,-9.23E-05
-43.7793,-9.28E-05
-43.7903,-9.33E-05
-43.8014,-9.39E-05
-43.8124,-9.44E-05
-43.8235,-9.49E-05
-43.8345,-9.54E-05
-43.8456,-9.60E-05
-43.8567,-9.65E-05
-43.8677,-9.70E-05
-43.8788,-9.76E-05
-43.8898,-9.81E-05
-43.9009,-9.86E-05
-43.912,-9.92E-05
-43.923,-9.97E-05
-43.9341,-0.000100244
-43.9452,-0.000100785
-43.9562,-0.000101328
-43.9673,-0.000101871
-43.9784,-0.000102416
-43.9894,-0.000102962
-44.0005,-0.00010351
-44.0116,-0.000104058
-44.0226,-0.000104608
-44.0337,-0.000105159
-44.0448,-0.000105712
-44.0558,-0.000106266
-44.0669,-0.000106821
-44.078,-0.000107377
-44.0891,-0.000107934
-44.1001,-0.000108493
-44.1112,-0.000109053
-44.1223,-0.000109614
-44.1334,-0.000110176
-44.1444,-0.00011074
-44.1555,-0.000111305
-44.1666,-0.000111871
-44.1777,-0.000112438
-44.1888,-0.000113006
-44.1999,-0.000113576
-44.2109,-0.000114147
-44.222,-0.000114719
-44.2331,-0.000115292
-44.2442,-0.000115867
-44.2553,-0.000116442
-44.2664,-0.000117019
-44.2774,-0.000117597
-44.2885,-0.000118176
-44.2996,-0.000118757
-44.3107,-0.000119338
-44.3218,-0.000119921
-44.3329,-0.000120505
-44.344,-0.00012109
-44.3551,-0.000121676
-44.3662,-0.000122264
-44.3773,-0.000122852
-44.3884,-0.000123442
-44.3995,-0.000124033
-44.4106,-0.000124625
-44.4217,-0.000125218
-44.4328,-0.000125813
-44.4439,-0.000126408
-44.4549,-0.000127004
-44.4661,-0.000127602
-44.4772,-0.000128201
-44.4883,-0.000128801
-44.4994,-0.000129402
-44.5105,-0.000130004
-44.5216,-0.000130607
-44.5327,-0.000131212
-44.5438,-0.000131817
-44.5549,-0.000132424
-44.566,-0.000133032
-44.5771,-0.00013364
-44.5882,-0.00013425
-44.5993,-0.000134861
-44.6104,-0.000135473
-44.6215,-0.000136086
-44.6326,-0.0001367
-44.6438,-0.000137316
-44.6549,-0.000137932
-44.666,-0.000138549
-44.6771,-0.000139168
-44.6882,-0.000139787
-44.6993,-0.000140408
-44.7105,-0.000141029
-44.7216,-0.000141652
-44.7327,-0.000142275
-44.7438,-0.0001429
-44.7549,-0.000143526
-44.7661,-0.000144152
-44.7772,-0.00014478
-44.7883,-0.000145409
-44.7994,-0.000146038
-44.8105,-0.000146669
-44.8217,-0.000147301
-44.8328,-0.000147934
-44.8439,-0.000148568
-44.8551,-0.000149202
-44.8662,-0.000149838
-44.8773,-0.000150475
-44.8884,-0.000151112
-44.8996,-0.000151751
-44.9107,-0.000152391
-44.9218,-0.000153031
-44.933,-0.000153673
-44.9441,-0.000154315
-44.9552,-0.000154959
-44.9664,-0.000155603
-44.9775,-0.000156249
-44.9886,-0.000156895
-44.9998,-0.000157542
-45.0109,-0.00015819
-45.0221,-0.000158839
-45.0332,-0.000159489
-45.0443,-0.00016014
-45.0555,-0.000160792
-45.0666,-0.000161445
-45.0778,-0.000162098
-45.0889,-0.000162753
-45.1001,-0.000163408
-45.1112,-0.000164065
-45.1223,-0.000164722
-45.1335,-0.00016538
-45.1446,-0.000166039
-45.1558,-0.000166699
-45.1669,-0.000167359
-45.1781,-0.000168021
-45.1892,-0.000168683
-45.2004,-0.000169347
-45.2115,-0.000170011
-45.2227,-0.000170676
-45.2339,-0.000171342
-45.245,-0.000172008
-45.2562,-0.000172676
-45.2673,-0.000173344
-45.2785,-0.000174013
-45.2896,-0.000174683
-45.3008,-0.000175354
-45.312,-0.000176025
-45.3231,-0.000176698
-45.3343,-0.000177371
-45.3454,-0.000178045
-45.3566,-0.000178719
-45.3678,-0.000179395
-45.3789,-0.000180071
-45.3901,-0.000180748
-45.4013,-0.000181426
-45.4124,-0.000182104
-45.4236,-0.000182784
-45.4348,-0.000183464
-45.4459,-0.000184145
-45.4571,-0.000184826
-45.4683,-0.000185508
-45.4795,-0.000186191
-45.4906,-0.000186875
-45.5018,-0.00018756
-45.513,-0.000188245
-45.5241,-0.000188931
-45.5353,-0.000189617
-45.5465,-0.000190305
-45.5577,-0.000190993
-45.5689,-0.000191681
-45.58,-0.000192371
-45.5912,-0.000193061
-45.6024,-0.000193751
-45.6136,-0.000194443
-45.6248,-0.000195135
-45.6359,-0.000195828
-45.6471,-0.000196521
-45.6583,-0.000197215
-45.6695,-0.00019791
-45.6807,-0.000198605
-45.6919,-0.000199301
-45.7031,-0.000199997
-45.7143,-0.000200695
-45.7254,-0.000201392
-45.7366,-0.000202091
-45.7478,-0.00020279
-45.759,-0.000203489
-45.7702,-0.00020419
-45.7814,-0.00020489
-45.7926,-0.000205592
-45.8038,-0.000206294
-45.815,-0.000206996
-45.8262,-0.000207699
-45.8374,-0.000208403
-45.8486,-0.000209107
-45.8598,-0.000209812
-45.871,-0.000210517
-45.8822,-0.000211223
-45.8934,-0.00021193
-45.9046,-0.000212637
-45.9158,-0.000213344
-45.927,-0.000214052
-45.9382,-0.000214761
-45.9494,-0.00021547
-45.9606,-0.000216179
-45.9718,-0.000216889
-45.983,-0.0002176
-45.9942,-0.000218311
-46.0055,-0.000219022
-46.0167,-0.000219734
-46.0279,-0.000220447
-46.0391,-0.000221159
-46.0503,-0.000221873
-46.0615,-0.000222587
-46.0727,-0.000223301
-46.084,-0.000224016
-46.0952,-0.000224731
-46.1064,-0.000225446
-46.1176,-0.000226162
-46.1288,-0.000226879
-46.1401,-0.000227595
-46.1513,-0.000228313
-46.1625,-0.00022903
-46.1737,-0.000229748
-46.1849,-0.000230467
-46.1962,-0.000231186
-46.2074,-0.000231905
-46.2186,-0.000232624
-46.2298,-0.000233344
-46.2411,-0.000234065
-46.2523,-0.000234785
-46.2635,-0.000235506
-46.2748,-0.000236228
-46.286,-0.000236949
-46.2972,-0.000237671
-46.3085,-0.000238394
-46.3197,-0.000239116
-46.3309,-0.000239839
-46.3422,-0.000240562
-46.3534,-0.000241286
-46.3646,-0.00024201
-46.3759,-0.000242734
-46.3871,-0.000243459
-46.3984,-0.000244183
-46.4096,-0.000244908
-46.4208,-0.000245634
-46.4321,-0.000246359
-46.4433,-0.000247085
-46.4546,-0.000247811
-46.4658,-0.000248538
-46.4771,-0.000249264
-46.4883,-0.000249991
-46.4996,-0.000250718
-46.5108,-0.000251445
-46.5221,-0.000252173
-46.5333,-0.0002529
-46.5446,-0.000253628
-46.5558,-0.000254356
-46.5671,-0.000255084
-46.5783,-0.000255813
-46.5896,-0.000256542
-46.6008,-0.00025727
-46.6121,-0.000257999
-46.6233,-0.000258728
-46.6346,-0.000259458
-46.6459,-0.000260187
-46.6571,-0.000260917
-46.6684,-0.000261647
-46.6796,-0.000262376
-46.6909,-0.000263106
-46.7022,-0.000263837
-46.7134,-0.000264567
-46.7247,-0.000265297
-46.736,-0.000266028
-46.7472,-0.000266758
-46.7585,-0.000267489
-46.7698,-0.000268219
-46.781,-0.00026895
-46.7923,-0.000269681
-46.8036,-0.000270412
-46.8149,-0.000271143
-46.8261,-0.000271874
-46.8374,-0.000272605
-46.8487,-0.000273336
-46.86,-0.000274067
-46.8712,-0.000274799
-46.8825,-0.00027553
-46.8938,-0.000276261
-46.9051,-0.000276992
-46.9163,-0.000277723
-46.9276,-0.000278455
-46.9389,-0.000279186
-46.9502,-0.000279917
-46.9615,-0.000280648
-46.9728,-0.00028138
-46.984,-0.000282111
-46.9953,-0.000282842
-47.0066,-0.000283573
-47.0179,-0.000284304
-47.0292,-0.000285035
-47.0405,-0.000285766
-47.0518,-0.000286497
-47.0631,-0.000287228
-47.0744,-0.000287958
-47.0857,-0.000288689
-47.097,-0.000289419
-47.1082,-0.00029015
-47.1195,-0.00029088
-47.1308,-0.00029161
-47.1421,-0.00029234
-47.1534,-0.00029307
-47.1647,-0.0002938
-47.176,-0.00029453
-47.1873,-0.000295259
-47.1986,-0.000295989
-47.2099,-0.000296718
-47.2213,-0.000297447
-47.2326,-0.000298176
-47.2439,-0.000298905
-47.2552,-0.000299633
-47.2665,-0.000300362
-47.2778,-0.00030109
-47.2891,-0.000301818
-47.3004,-0.000302546
-47.3117,-0.000303273
-47.323,-0.000304001
-47.3343,-0.000304728
-47.3457,-0.000305455
-47.357,-0.000306182
-47.3683,-0.000306908
-47.3796,-0.000307634
-47.3909,-0.00030836
-47.4022,-0.000309086
-47.4136,-0.000309811
-47.4249,-0.000310537
-47.4362,-0.000311261
-47.4475,-0.000311986
-47.4589,-0.00031271
-47.4702,-0.000313434
-47.4815,-0.000314158
-47.4928,-0.000314882
-47.5042,-0.000315605
-47.5155,-0.000316327
-47.5268,-0.00031705
-47.5381,-0.000317772
-47.5495,-0.000318494
-47.5608,-0.000319215
-47.5721,-0.000319936
-47.5835,-0.000320657
-47.5948,-0.000321377
-47.6061,-0.000322097
-47.6175,-0.000322817
-47.6288,-0.000323536
-47.6402,-0.000324255
-47.6515,-0.000324974
-47.6628,-0.000325692
-47.6742,-0.000326409
-47.6855,-0.000327127
-47.6969,-0.000327844
-47.7082,-0.00032856
-47.7196,-0.000329276
-47.7309,-0.000329992
-47.7422,-0.000330707
-47.7536,-0.000331421
-47.7649,-0.000332136
-47.7763,-0.000332849
-47.7876,-0.000333563
-47.799,-0.000334275
-47.8103,-0.000334988
-47.8217,-0.0003357
-47.833,-0.000336411
-47.8444,-0.000337122
-47.8558,-0.000337832
-47.8671,-0.000338542
-47.8785,-0.000339251
-47.8898,-0.00033996
-47.9012,-0.000340669
-47.9126,-0.000341376
-47.9239,-0.000342084
-47.9353,-0.00034279
-47.9466,-0.000343496
-47.958,-0.000344202
-47.9694,-0.000344907
-47.9807,-0.000345611
-47.9921,-0.000346315
-48.0035,-0.000347019
-48.0148,-0.000347721
-48.0262,-0.000348423
-48.0376,-0.000349125
-48.049,-0.000349826
-48.0603,-0.000350526
-48.0717,-0.000351226
-48.0831,-0.000351925
-48.0945,-0.000352623
-48.1058,-0.000353321
-48.1172,-0.000354018
-48.1286,-0.000354715
-48.14,-0.000355411
-48.1513,-0.000356106
-48.1627,-0.0003568
-48.1741,-0.000357494
-48.1855,-0.000358187
-48.1969,-0.00035888
-48.2083,-0.000359572
-48.2197,-0.000360263
-48.231,-0.000360953
-48.2424,-0.000361643
-48.2538,-0.000362332
-48.2652,-0.000363021
-48.2766,-0.000363708
-48.288,-0.000364395
-48.2994,-0.000365081
-48.3108,-0.000365767
-48.3222,-0.000366451
-48.3336,-0.000367135
-48.345,-0.000367818
-48.3564,-0.000368501
-48.3678,-0.000369182
-48.3792,-0.000369863
-48.3906,-0.000370543
-48.402,-0.000371222
-48.4134,-0.000371901
-48.4248,-0.000372579
-48.4362,-0.000373255
-48.4476,-0.000373931
-48.459,-0.000374607
-48.4704,-0.000375281
-48.4818,-0.000375955
-48.4932,-0.000376628
-48.5046,-0.0003773
-48.516,-0.000377971
-48.5275,-0.000378641
-48.5389,-0.00037931
-48.5503,-0.000379979
-48.5617,-0.000380647
-48.5731,-0.000381313
-48.5845,-0.000381979
-48.596,-0.000382644
-48.6074,-0.000383308
-48.6188,-0.000383972
-48.6302,-0.000384634
-48.6416,-0.000385296
-48.6531,-0.000385956
-48.6645,-0.000386616
-48.6759,-0.000387274
-48.6873,-0.000387932
-48.6988,-0.000388589
-48.7102,-0.000389245
-48.7216,-0.0003899
-48.7331,-0.000390554
-48.7445,-0.000391207
-48.7559,-0.000391859
-48.7674,-0.00039251
-48.7788,-0.000393161
-48.7902,-0.00039381
-48.8017,-0.000394458
-48.8131,-0.000395105
-48.8245,-0.000395751
-48.836,-0.000396397
-48.8474,-0.000397041
-48.8589,-0.000397684
-48.8703,-0.000398326
-48.8817,-0.000398968
-48.8932,-0.000399608
-48.9046,-0.000400247
-48.9161,-0.000400885
-48.9275,-0.000401522
-48.939,-0.000402158
-48.9504,-0.000402793
-48.9619,-0.000403427
-48.9733,-0.00040406
-48.9848,-0.000404692
-48.9962,-0.000405323
-49.0077,-0.000405952
-49.0191,-0.000406581
-49.0306,-0.000407208
-49.0421,-0.000407835
-49.0535,-0.00040846
-49.065,-0.000409084
-49.0764,-0.000409707
-49.0879,-0.000410329
-49.0994,-0.00041095
-49.1108,-0.00041157
-49.1223,-0.000412188
-49.1338,-0.000412806
-49.1452,-0.000413422
-49.1567,-0.000414037
-49.1682,-0.000414652
-49.1796,-0.000415264
-49.1911,-0.000415876
-49.2026,-0.000416487
-49.2141,-0.000417096
-49.2255,-0.000417704
-49.237,-0.000418311
-49.2485,-0.000418917
-49.26,-0.000419522
-49.2714,-0.000420125
-49.2829,-0.000420728
-49.2944,-0.000421329
-49.3059,-0.000421929
-49.3174,-0.000422527
-49.3288,-0.000423125
-49.3403,-0.000423721
-49.3518,-0.000424316
-49.3633,-0.00042491
-49.3748,-0.000425502
-49.3863,-0.000426093
-49.3978,-0.000426683
-49.4093,-0.000427272
-49.4207,-0.00042786
-49.4322,-0.000428446
-49.4437,-0.000429031
-49.4552,-0.000429615
-49.4667,-0.000430197
-49.4782,-0.000430778
-49.4897,-0.000431358
-49.5012,-0.000431937
-49.5127,-0.000432514
-49.5242,-0.00043309
-49.5357,-0.000433665
-49.5472,-0.000434239
-49.5587,-0.000434811
-49.5702,-0.000435382
-49.5817,-0.000435951
-49.5932,-0.000436519
-49.6048,-0.000437086
-49.6163,-0.000437652
-49.6278,-0.000438216
-49.6393,-0.000438779
-49.6508,-0.00043934
-49.6623,-0.0004399
-49.6738,-0.000440459
-49.6853,-0.000441016
-49.6969,-0.000441572
-49.7084,-0.000442127
-49.7199,-0.000442681
-49.7314,-0.000443232
-49.7429,-0.000443783
-49.7545,-0.000444332
-49.766,-0.00044488
-49.7775,-0.000445426
-49.789,-0.000445971
-49.8006,-0.000446515
-49.8121,-0.000447057
-49.8236,-0.000447598
-49.8352,-0.000448137
-49.8467,-0.000448675
-49.8582,-0.000449212
-49.8697,-0.000449747
-49.8813,-0.000450281
-49.8928,-0.000450813
-49.9044,-0.000451344
-49.9159,-0.000451873
-49.9274,-0.000452401
-49.939,-0.000452928
-49.9505,-0.000453453
-49.9621,-0.000453976
-49.9736,-0.000454498
-49.9851,-0.000455019
-49.9967,-0.000455538
-50.0082,-0.000456056
-50.0198,-0.000456572
-50.0313,-0.000457087
-50.0429,-0.0004576
-50.0544,-0.000458112
-50.066,-0.000458622
-50.0775,-0.000459131
-50.0891,-0.000459638
-50.1006,-0.000460144
-50.1122,-0.000460648
-50.1238,-0.000461151
-50.1353,-0.000461652
-50.1469,-0.000462152
-50.1584,-0.00046265
-50.17,-0.000463147
-50.1816,-0.000463642
-50.1931,-0.000464135
-50.2047,-0.000464627
-50.2162,-0.000465118
-50.2278,-0.000465607
-50.2394,-0.000466094
-50.251,-0.00046658
-50.2625,-0.000467064
-50.2741,-0.000467547
-50.2857,-0.000468028
-50.2972,-0.000468508
-50.3088,-0.000468986
-50.3204,-0.000469462
-50.332,-0.000469937
-50.3435,-0.00047041
-50.3551,-0.000470882
-50.3667,-0.000471352
-50.3783,-0.000471821
-50.3899,-0.000472287
-50.4014,-0.000472753
-50.413,-0.000473216
-50.4246,-0.000473679
-50.4362,-0.000474139
-50.4478,-0.000474598
-50.4594,-0.000475055
-50.471,-0.000475511
-50.4826,-0.000475965
-50.4942,-0.000476417
-50.5058,-0.000476868
-50.5173,-0.000477317
-50.5289,-0.000477764
-50.5405,-0.00047821
-50.5521,-0.000478654
-50.5637,-0.000479097
-50.5753,-0.000479538
-50.5869,-0.000479977
-50.5985,-0.000480415
-50.6101,-0.00048085
-50.6217,-0.000481285
-50.6334,-0.000481717
-50.645,-0.000482148
-50.6566,-0.000482578
-50.6682,-0.000483005
-50.6798,-0.000483431
-50.6914,-0.000483856
-50.703,-0.000484278
-50.7146,-0.000484699
-50.7262,-0.000485119
-50.7379,-0.000485536
-50.7495,-0.000485952
-50.7611,-0.000486367
-50.7727,-0.000486779
-50.7843,-0.00048719
-50.796,-0.000487599
-50.8076,-0.000488007
-50.8192,-0.000488413
-50.8308,-0.000488817
-50.8425,-0.000489219
-50.8541,-0.00048962
-50.8657,-0.000490019
-50.8773,-0.000490416
-50.889,-0.000490812
-50.9006,-0.000491206
-50.9122,-0.000491598
-50.9239,-0.000491989
-50.9355,-0.000492377
-50.9471,-0.000492764
-50.9588,-0.00049315
-50.9704,-0.000493533
-50.9821,-0.000493915
-50.9937,-0.000494295
-51.0053,-0.000494674
-51.017,-0.00049505
-51.0286,-0.000495425
-51.0403,-0.000495798
-51.0519,-0.00049617
-51.0636,-0.00049654
-51.0752,-0.000496908
-51.0869,-0.000497274
-51.0985,-0.000497638
-51.1102,-0.000498001
-51.1218,-0.000498362
-51.1335,-0.000498721
-51.1451,-0.000499079
-51.1568,-0.000499435
-51.1684,-0.000499789
-51.1801,-0.000500141
-51.1918,-0.000500492
-51.2034,-0.00050084
-51.2151,-0.000501187
-51.2268,-0.000501533
-51.2384,-0.000501876
-51.2501,-0.000502218
-51.2618,-0.000502558
-51.2734,-0.000502896
-51.2851,-0.000503232
-51.2968,-0.000503566
-51.3084,-0.000503899
-51.3201,-0.000504229
-51.3318,-0.000504558
-51.3435,-0.000504886
-51.3551,-0.000505211
-51.3668,-0.000505534
-51.3785,-0.000505856
-51.3902,-0.000506176
-51.4019,-0.000506494
-51.4135,-0.00050681
-51.4252,-0.000507125
-51.4369,-0.000507437
-51.4486,-0.000507748
-51.4603,-0.000508057
-51.472,-0.000508364
-51.4837,-0.000508669
-51.4954,-0.000508972
-51.5071,-0.000509274
-51.5187,-0.000509574
-51.5304,-0.000509871
-51.5421,-0.000510167
-51.5538,-0.000510461
-51.5655,-0.000510754
-51.5772,-0.000511044
-51.5889,-0.000511332
-51.6006,-0.000511619
-51.6123,-0.000511903
-51.624,-0.000512186
-51.6357,-0.000512467
-51.6475,-0.000512746
-51.6592,-0.000513023
-51.6709,-0.000513298
-51.6826,-0.000513572
-51.6943,-0.000513843
-51.706,-0.000514113
-51.7177,-0.000514381
-51.7294,-0.000514647
-51.7412,-0.000514911
-51.7529,-0.000515173
-51.7646,-0.000515434
-51.7763,-0.000515692
-51.788,-0.000515949
-51.7998,-0.000516204
-51.8115,-0.000516457
-51.8232,-0.000516708
-51.8349,-0.000516957
-51.8467,-0.000517205
-51.8584,-0.00051745
-51.8701,-0.000517694
-51.8818,-0.000517936
-51.8936,-0.000518176
-51.9053,-0.000518414
-51.917,-0.00051865
-51.9288,-0.000518885
-51.9405,-0.000519117
-51.9523,-0.000519348
-51.964,-0.000519577
-51.9757,-0.000519804
-51.9875,-0.000520029
-51.9992,-0.000520252
-52.011,-0.000520474
-52.0227,-0.000520693
-52.0345,-0.000520911
-52.0462,-0.000521127
-52.058,-0.000521341
-52.0697,-0.000521553
-52.0815,-0.000521764
-52.0932,-0.000521972
-52.105,-0.000522179
-52.1167,-0.000522384
-52.1285,-0.000522587
-52.1402,-0.000522788
-52.152,-0.000522987
-52.1637,-0.000523185
-52.1755,-0.000523381
-52.1873,-0.000523574
-52.199,-0.000523767
-52.2108,-0.000523957
-52.2226,-0.000524145
-52.2343,-0.000524332
-52.2461,-0.000524517
-52.2579,-0.0005247
-52.2696,-0.000524881
-52.2814,-0.00052506
-52.2932,-0.000525237
-52.305,-0.000525413
-52.3167,-0.000525586
-52.3285,-0.000525758
-52.3403,-0.000525928
-52.3521,-0.000526096
-52.3639,-0.000526262
-52.3756,-0.000526426
-52.3874,-0.000526588
-52.3992,-0.000526749
-52.411,-0.000526907
-52.4228,-0.000527064
-52.4346,-0.000527219
-52.4464,-0.000527372
-52.4582,-0.000527523
-52.4699,-0.000527672
-52.4817,-0.000527819
-52.4935,-0.000527964
-52.5053,-0.000528108
-52.5171,-0.000528249
-52.5289,-0.000528389
-52.5407,-0.000528526
-52.5525,-0.000528662
-52.5643,-0.000528796
-52.5761,-0.000528928
-52.5879,-0.000529059
-52.5997,-0.000529187
-52.6115,-0.000529313
-52.6234,-0.000529438
-52.6352,-0.000529561
-52.647,-0.000529681
-52.6588,-0.0005298
-52.6706,-0.000529917
-52.6824,-0.000530032
-52.6942,-0.000530145
-52.706,-0.000530256
-52.7179,-0.000530366
-52.7297,-0.000530473
-52.7415,-0.000530578
-52.7533,-0.000530682
-52.7652,-0.000530783
-52.777,-0.000530883
-52.7888,-0.00053098
-52.8006,-0.000531076
-52.8125,-0.00053117
-52.8243,-0.000531261
-52.8361,-0.000531351
-52.848,-0.000531439
-52.8598,-0.000531526
-52.8716,-0.00053161
-52.8835,-0.000531693
-52.8953,-0.000531774
-52.9071,-0.000531853
-52.919,-0.00053193
-52.9308,-0.000532005
-52.9427,-0.000532078
-52.9545,-0.00053215
-52.9663,-0.00053222
-52.9782,-0.000532287
-52.99,-0.000532354
-53.0019,-0.000532418
-53.0137,-0.00053248
-53.0256,-0.000532541
-53.0374,-0.0005326
-53.0493,-0.000532657
-53.0612,-0.000532712
-53.073,-0.000532766
-53.0849,-0.000532818
-53.0967,-0.000532868
-53.1086,-0.000532917
-53.1205,-0.000532963
-53.1323,-0.000533008
-53.1442,-0.000533051
-53.156,-0.000533092
-53.1679,-0.000533131
-53.1798,-0.000533169
-53.1916,-0.000533205
-53.2035,-0.000533238
-53.2154,-0.00053327
-53.2273,-0.000533301
-53.2391,-0.000533329
-53.251,-0.000533355
-53.2629,-0.00053338
-53.2748,-0.000533403
-53.2867,-0.000533424
-53.2985,-0.000533443
-53.3104,-0.00053346
-53.3223,-0.000533476
-53.3342,-0.000533489
-53.3461,-0.000533501
-53.358,-0.000533511
-53.3698,-0.000533519
-53.3817,-0.000533526
-53.3936,-0.00053353
-53.4055,-0.000533533
-53.4174,-0.000533534
-53.4293,-0.000533533
-53.4412,-0.00053353
-53.4531,-0.000533525
-53.465,-0.000533518
-53.4769,-0.00053351
-53.4888,-0.000533499
-53.5007,-0.000533487
-53.5126,-0.000533472
-53.5245,-0.000533456
-53.5364,-0.000533438
-53.5483,-0.000533418
-53.5602,-0.000533396
-53.5722,-0.000533373
-53.5841,-0.000533348
-53.596,-0.000533321
-53.6079,-0.000533292
-53.6198,-0.000533261
-53.6317,-0.000533229
-53.6436,-0.000533195
-53.6556,-0.000533159
-53.6675,-0.000533121
-53.6794,-0.000533082
-53.6913,-0.000533041
-53.7033,-0.000532998
-53.7152,-0.000532953
-53.7271,-0.000532907
-53.739,-0.000532859
-53.751,-0.000532809
-53.7629,-0.000532758
-53.7748,-0.000532704
-53.7868,-0.000532649
-53.7987,-0.000532592
-53.8106,-0.000532534
-53.8226,-0.000532474
-53.8345,-0.000532412
-53.8465,-0.000532348
-53.8584,-0.000532283
-53.8704,-0.000532216
-53.8823,-0.000532148
-53.8942,-0.000532078
-53.9062,-0.000532006
-53.9181,-0.000531933
-53.9301,-0.000531858
-53.942,-0.000531782
-53.954,-0.000531704
-53.966,-0.000531623
-53.9779,-0.000531542
-53.9899,-0.000531458
-54.0018,-0.000531373
-54.0138,-0.000531286
-54.0257,-0.000531198
-54.0377,-0.000531107
-54.0497,-0.000531015
-54.0616,-0.000530922
-54.0736,-0.000530826
-54.0856,-0.000530729
-54.0975,-0.00053063
-54.1095,-0.00053053
-54.1215,-0.000530427
-54.1335,-0.000530323
-54.1454,-0.000530217
-54.1574,-0.000530109
-54.1694,-0.00053
-54.1814,-0.000529889
-54.1933,-0.000529776
-54.2053,-0.000529662
-54.2173,-0.000529546
-54.2293,-0.000529428
-54.2413,-0.000529308
-54.2533,-0.000529187
-54.2652,-0.000529064
-54.2772,-0.000528939
-54.2892,-0.000528812
-54.3012,-0.000528683
-54.3132,-0.000528553
-54.3252,-0.000528421
-54.3372,-0.000528287
-54.3492,-0.000528151
-54.3612,-0.000528013
-54.3732,-0.000527874
-54.3852,-0.000527734
-54.3972,-0.000527591
-54.4092,-0.000527448
-54.4212,-0.000527302
-54.4332,-0.000527155
-54.4452,-0.000527006
-54.4572,-0.000526856
-54.4692,-0.000526704
-54.4813,-0.00052655
-54.4933,-0.000526395
-54.5053,-0.000526238
-54.5173,-0.00052608
-54.5293,-0.000525921
-54.5413,-0.00052576
-54.5534,-0.000525597
-54.5654,-0.000525433
-54.5774,-0.000525267
-54.5894,-0.0005251
-54.6014,-0.000524931
-54.6135,-0.00052476
-54.6255,-0.000524588
-54.6375,-0.000524415
-54.6496,-0.00052424
-54.6616,-0.000524064
-54.6736,-0.000523886
-54.6857,-0.000523707
-54.6977,-0.000523526
-54.7097,-0.000523344
-54.7218,-0.000523161
-54.7338,-0.000522976
-54.7459,-0.00052279
-54.7579,-0.000522603
-54.7699,-0.000522414
-54.782,-0.000522224
-54.794,-0.000522031
-54.8061,-0.000521837
-54.8181,-0.000521642
-54.8302,-0.000521445
-54.8422,-0.000521247
-54.8543,-0.000521047
-54.8663,-0.000520845
-54.8784,-0.000520642
-54.8905,-0.000520437
-54.9025,-0.00052023
-54.9146,-0.000520022
-54.9266,-0.000519811
-54.9387,-0.0005196
-54.9508,-0.000519386
-54.9628,-0.00051917
-54.9749,-0.000518953
-54.987,-0.000518734
-54.999,-0.000518514
-55.0111,-0.000518293
-55.0232,-0.000518069
-55.0353,-0.000517845
-55.0473,-0.000517618
-55.0594,-0.000517391
-55.0715,-0.000517161
-55.0836,-0.000516931
-55.0956,-0.000516699
-55.1077,-0.000516465
-55.1198,-0.000516231
-55.1319,-0.000515994
-55.144,-0.000515756
-55.1561,-0.000515517
-55.1682,-0.000515277
-55.1803,-0.000515035
-55.1923,-0.000514792
-55.2044,-0.000514548
-55.2165,-0.000514302
-55.2286,-0.000514056
-55.2407,-0.000513808
-55.2528,-0.00051356
-55.2649,-0.00051331
-55.277,-0.000513058
-55.2891,-0.000512805
-55.3012,-0.000512551
-55.3133,-0.000512295
-55.3254,-0.000512038
-55.3376,-0.00051178
-55.3497,-0.00051152
-55.3618,-0.000511259
-55.3739,-0.000510996
-55.386,-0.000510732
-55.3981,-0.000510466
-55.4102,-0.000510199
-55.4224,-0.000509931
-55.4345,-0.000509661
-55.4466,-0.00050939
-55.4587,-0.000509117
-55.4708,-0.000508843
-55.483,-0.000508567
-55.4951,-0.00050829
-55.5072,-0.00050801
-55.5193,-0.000507729
-55.5315,-0.000507447
-55.5436,-0.000507163
-55.5557,-0.000506878
-55.5679,-0.000506591
-55.58,-0.000506303
-55.5921,-0.000506014
-55.6043,-0.000505723
-55.6164,-0.000505431
-55.6286,-0.000505138
-55.6407,-0.000504844
-55.6529,-0.000504548
-55.665,-0.000504251
-55.6771,-0.000503953
-55.6893,-0.000503654
-55.7014,-0.000503353
-55.7136,-0.000503051
-55.7257,-0.000502748
-55.7379,-0.000502444
-55.7501,-0.000502138
-55.7622,-0.000501832
-55.7744,-0.000501525
-55.7865,-0.000501217
-55.7987,-0.000500908
-55.8109,-0.000500598
-55.823,-0.000500288
-55.8352,-0.000499975
-55.8473,-0.000499662
-55.8595,-0.000499347
-55.8717,-0.000499031
-55.8839,-0.000498714
-55.896,-0.000498396
-55.9082,-0.000498076
-55.9204,-0.000497756
-55.9325,-0.000497433
-55.9447,-0.00049711
-55.9569,-0.000496785
-55.9691,-0.000496459
-55.9813,-0.000496132
-55.9934,-0.000495803
-56.0056,-0.000495474
-56.0178,-0.000495143
-56.03,-0.00049481
-56.0422,-0.000494476
-56.0544,-0.00049414
-56.0666,-0.000493803
-56.0788,-0.000493464
-56.091,-0.000493124
-56.1032,-0.000492781
-56.1154,-0.000492439
-56.1275,-0.000492095
-56.1397,-0.000491749
-56.1519,-0.000491403
-56.1642,-0.000491055
-56.1764,-0.000490706
-56.1886,-0.000490356
-56.2008,-0.000490005
-56.213,-0.000489653
-56.2252,-0.0004893
-56.2374,-0.000488946
-56.2496,-0.000488592
-56.2618,-0.000488235
-56.274,-0.000487878
-56.2862,-0.00048752
-56.2985,-0.000487161
-56.3107,-0.000486801
-56.3229,-0.000486441
-56.3351,-0.000486079
-56.3473,-0.000485718
-56.3596,-0.000485355
-56.3718,-0.000484993
-56.384,-0.000484629
-56.3963,-0.000484265
-56.4085,-0.000483899
-56.4207,-0.000483532
-56.4329,-0.000483165
-56.4452,-0.000482795
-56.4574,-0.000482425
-56.4697,-0.000482053
-56.4819,-0.000481679
-56.4941,-0.000481304
-56.5064,-0.000480929
-56.5186,-0.000480552
-56.5309,-0.000480174
-56.5431,-0.000479795
-56.5553,-0.000479415
-56.5676,-0.000479033
-56.5798,-0.00047865
-56.5921,-0.000478266
-56.6043,-0.000477881
-56.6166,-0.000477494
-56.6289,-0.000477107
-56.6411,-0.000476718
-56.6534,-0.000476329
-56.6656,-0.000475938
-56.6779,-0.000475547
-56.6901,-0.000475155
-56.7024,-0.000474763
-56.7147,-0.000474369
-56.7269,-0.000473974
-56.7392,-0.000473578
-56.7515,-0.000473181
-56.7637,-0.000472784
-56.776,-0.000472386
-56.7883,-0.000471987
-56.8006,-0.000471587
-56.8128,-0.000471187
-56.8251,-0.000470785
-56.8374,-0.000470383
-56.8497,-0.00046998
-56.862,-0.000469576
-56.8742,-0.000469171
-56.8865,-0.000468765
-56.8988,-0.000468358
-56.9111,-0.00046795
-56.9234,-0.000467541
-56.9357,-0.000467132
-56.948,-0.000466721
-56.9602,-0.00046631
-56.9725,-0.000465898
-56.9848,-0.000465484
-56.9971,-0.00046507
-57.0094,-0.000464654
-57.0217,-0.000464238
-57.034,-0.000463821
-57.0463,-0.000463403
-57.0586,-0.000462984
-57.0709,-0.000462564
-57.0832,-0.000462143
-57.0955,-0.000461722
-57.1079,-0.000461299
-57.1202,-0.000460876
-57.1325,-0.000460452
-57.1448,-0.000460027
-57.1571,-0.000459601
-57.1694,-0.000459174
-57.1817,-0.000458747
-57.1941,-0.000458319
-57.2064,-0.00045789
-57.2187,-0.00045746
-57.231,-0.00045703
-57.2433,-0.000456599
-57.2557,-0.000456167
-57.268,-0.000455734
-57.2803,-0.0004553
-57.2926,-0.000454866
-57.305,-0.000454431
-57.3173,-0.000453995
-57.3296,-0.000453559
-57.342,-0.000453122
-57.3543,-0.000452684
-57.3666,-0.000452245
-57.379,-0.000451805
-57.3913,-0.000451365
-57.4037,-0.000450924
-57.416,-0.000450482
-57.4284,-0.00045004
-57.4407,-0.000449597
-57.453,-0.000449153
-57.4654,-0.000448708
-57.4777,-0.000448262
-57.4901,-0.000447816
-57.5024,-0.000447369
-57.5148,-0.000446922
-57.5272,-0.000446473
-57.5395,-0.000446024
-57.5519,-0.000445574
-57.5642,-0.000445124
-57.5766,-0.000444672
-57.5889,-0.00044422
-57.6013,-0.000443768
-57.6137,-0.000443314
-57.626,-0.00044286
-57.6384,-0.000442406
-57.6508,-0.00044195
-57.6631,-0.000441494
-57.6755,-0.000441037
-57.6879,-0.000440579
-57.7003,-0.000440121
-57.7126,-0.000439662
-57.725,-0.000439202
-57.7374,-0.000438742
-57.7498,-0.000438281
-57.7622,-0.000437819
-57.7745,-0.000437356
-57.7869,-0.000436894
-57.7993,-0.00043643
-57.8117,-0.000435966
-57.8241,-0.000435502
-57.8365,-0.000435037
-57.8489,-0.000434571
-57.8613,-0.000434105
-57.8736,-0.000433639
-57.886,-0.000433173
-57.8984,-0.000432706
-57.9108,-0.000432237
-57.9232,-0.000431768
-57.9356,-0.000431299
-57.948,-0.000430829
-57.9604,-0.000430359
-57.9728,-0.000429888
-57.9852,-0.000429417
-57.9976,-0.000428945
-58.0101,-0.000428472
-58.0225,-0.000427999
-58.0349,-0.000427526
-58.0473,-0.000427052
-58.0597,-0.000426578
-58.0721,-0.000426103
-58.0845,-0.000425627
-58.0969,-0.000425151
-58.1094,-0.000424675
-58.1218,-0.000424198
-58.1342,-0.00042372
-58.1466,-0.000423242
-58.1591,-0.000422763
-58.1715,-0.000422283
-58.1839,-0.000421803
-58.1963,-0.000421323
-58.2088,-0.000420841
-58.2212,-0.00042036
-58.2336,-0.000419878
-58.2461,-0.000419395
-58.2585,-0.000418912
-58.2709,-0.000418429
-58.2834,-0.000417945
-58.2958,-0.00041746
-58.3082,-0.000416975
-58.3207,-0.000416489
-58.3331,-0.000416003
-58.3456,-0.000415517
-58.358,-0.00041503
-58.3705,-0.000414542
-58.3829,-0.000414054
-58.3954,-0.000413566
-58.4078,-0.000413077
-58.4203,-0.000412588
-58.4327,-0.000412098
-58.4452,-0.000411608
-58.4576,-0.000411117
-58.4701,-0.000410626
-58.4825,-0.000410135
-58.495,-0.000409644
-58.5075,-0.000409152
-58.5199,-0.000408659
-58.5324,-0.000408167
-58.5449,-0.000407674
-58.5573,-0.00040718
-58.5698,-0.000406686
-58.5823,-0.000406192
-58.5947,-0.000405698
-58.6072,-0.000405203
-58.6197,-0.000404707
-58.6321,-0.000404211
-58.6446,-0.000403715
-58.6571,-0.000403219
-58.6696,-0.000402722
-58.6821,-0.000402225
-58.6945,-0.000401728
-58.707,-0.00040123
-58.7195,-0.000400732
-58.732,-0.000400234
-58.7445,-0.000399735
-58.757,-0.000399236
-58.7694,-0.000398737
-58.7819,-0.000398237
-58.7944,-0.000397737
-58.8069,-0.000397237
-58.8194,-0.000396737
-58.8319,-0.000396236
-58.8444,-0.000395735
-58.8569,-0.000395234
-58.8694,-0.000394733
-58.8819,-0.000394231
-58.8944,-0.000393729
-58.9069,-0.000393226
-58.9194,-0.000392723
-58.9319,-0.00039222
-58.9444,-0.000391717
-58.9569,-0.000391213
-58.9694,-0.000390709
-58.9819,-0.000390204
-58.9945,-0.0003897
-59.007,-0.000389194
-59.0195,-0.000388689
-59.032,-0.000388184
-59.0445,-0.000387678
-59.057,-0.000387172
-59.0696,-0.000386666
-59.0821,-0.00038616
-59.0946,-0.000385653
-59.1071,-0.000385146
-59.1196,-0.000384639
-59.1322,-0.000384132
-59.1447,-0.000383625
-59.1572,-0.000383117
-59.1698,-0.00038261
-59.1823,-0.000382102
-59.1948,-0.000381593
-59.2074,-0.000381085
-59.2199,-0.000380576
-59.2324,-0.000380067
-59.245,-0.000379558
-59.2575,-0.000379048
-59.27,-0.000378539
-59.2826,-0.000378029
-59.2951,-0.000377519
-59.3077,-0.000377008
-59.3202,-0.000376497
-59.3328,-0.000375986
-59.3453,-0.000375476
-59.3579,-0.000374965
-59.3704,-0.000374454
-59.383,-0.000373942
-59.3955,-0.000373431
-59.4081,-0.00037292
-59.4206,-0.000372408
-59.4332,-0.000371897
-59.4457,-0.000371385
-59.4583,-0.000370874
-59.4708,-0.000370362
-59.4834,-0.000369851
-59.496,-0.000369339
-59.5085,-0.000368828
-59.5211,-0.000368315
-59.5337,-0.000367803
-59.5462,-0.000367291
-59.5588,-0.000366778
-59.5714,-0.000366265
-59.5839,-0.000365752
-59.5965,-0.000365239
-59.6091,-0.000364725
-59.6217,-0.000364211
-59.6342,-0.000363697
-59.6468,-0.000363183
-59.6594,-0.000362668
-59.672,-0.000362154
-59.6845,-0.00036164
-59.6971,-0.000361126
-59.7097,-0.000360612
-59.7223,-0.000360098
-59.7349,-0.000359584
-59.7475,-0.00035907
-59.7601,-0.000358557
-59.7726,-0.000358043
-59.7852,-0.00035753
-59.7978,-0.000357017
-59.8104,-0.000356504
-59.823,-0.000355992
-59.8356,-0.000355479
-59.8482,-0.000354966
-59.8608,-0.000354453
-59.8734,-0.000353939
-59.886,-0.000353426
-59.8986,-0.000352912
-59.9112,-0.000352397
-59.9238,-0.000351883
-59.9364,-0.000351367
-59.949,-0.000350852
-59.9616,-0.000350337
-59.9742,-0.000349822
-59.9868,-0.000349307
-59.9995,-0.000348791
-60.0121,-0.000348276
-60.0247,-0.00034776
-60.0373,-0.000347245
-60.0499,-0.000346729
-60.0625,-0.000346214
-60.0751,-0.000345698
-60.0878,-0.000345182
-60.1004,-0.000344666
-60.113,-0.000344151
-60.1256,-0.000343635
-60.1382,-0.00034312
-60.1509,-0.000342605
-60.1635,-0.00034209
-60.1761,-0.000341576
-60.1887,-0.000341061
-60.2014,-0.000340547
-60.214,-0.000340032
-60.2266,-0.000339518
-60.2393,-0.000339004
-60.2519,-0.000338489
-60.2645,-0.000337975
-60.2772,-0.000337461
-60.2898,-0.000336946
-60.3025,-0.000336432
-60.3151,-0.000335919
-60.3277,-0.000335405
-60.3404,-0.000334892
-60.353,-0.000334379
-60.3657,-0.000333867
-60.3783,-0.000333354
-60.391,-0.000332842
-60.4036,-0.000332331
-60.4162,-0.00033182
-60.4289,-0.000331308
-60.4415,-0.000330796
-60.4542,-0.000330285
-60.4669,-0.000329773
-60.4795,-0.000329261
-60.4922,-0.000328749
-60.5048,-0.000328237
-60.5175,-0.000327724
-60.5301,-0.000327211
-60.5428,-0.000326697
-60.5555,-0.000326184
-60.5681,-0.000325672
-60.5808,-0.000325159
-60.5934,-0.000324647
-60.6061,-0.000324135
-60.6188,-0.000323623
-60.6314,-0.000323111
-60.6441,-0.0003226
-60.6568,-0.000322089
-60.6695,-0.000321578
-60.6821,-0.000321067
-60.6948,-0.000320556
-60.7075,-0.000320045
-60.7201,-0.000319535
-60.7328,-0.000319024
-60.7455,-0.000318514
-60.7582,-0.000318003
-60.7709,-0.000317493
-60.7835,-0.000316984
-60.7962,-0.000316474
-60.8089,-0.000315965
-60.8216,-0.000315457
-60.8343,-0.000314949
-60.847,-0.000314441
-60.8596,-0.000313934
-60.8723,-0.000313427
-60.885,-0.000312921
-60.8977,-0.000312416
-60.9104,-0.00031191
-60.9231,-0.000311404
-60.9358,-0.000310899
-60.9485,-0.000310393
-60.9612,-0.000309888
-60.9739,-0.000309382
-60.9866,-0.000308876
-60.9993,-0.00030837
-61.012,-0.000307863
-61.0247,-0.000307356
-61.0374,-0.00030685
-61.0501,-0.000306345
-61.0628,-0.000305839
-61.0755,-0.000305334
-61.0882,-0.000304829
-61.1009,-0.000304324
-61.1136,-0.00030382
-61.1263,-0.000303316
-61.139,-0.000302813
-61.1517,-0.000302309
-61.1644,-0.000301806
-61.1771,-0.000301302
-61.1899,-0.000300799
-61.2026,-0.000300296
-61.2153,-0.000299794
-61.228,-0.000299291
-61.2407,-0.000298789
-61.2534,-0.000298287
-61.2662,-0.000297786
-61.2789,-0.000297285
-61.2916,-0.000296785
-61.3043,-0.000296285
-61.317,-0.000295785
-61.3298,-0.000295286
-61.3425,-0.000294788
-61.3552,-0.00029429
-61.3679,-0.000293793
-61.3807,-0.000293296
-61.3934,-0.0002928
-61.4061,-0.000292303
-61.4189,-0.000291807
-61.4316,-0.000291311
-61.4443,-0.000290814
-61.4571,-0.000290318
-61.4698,-0.000289822
-61.4825,-0.000289325
-61.4953,-0.000288828
-61.508,-0.000288331
-61.5207,-0.000287835
-61.5335,-0.00028734
-61.5462,-0.000286845
-61.559,-0.00028635
-61.5717,-0.000285855
-61.5845,-0.000285361
-61.5972,-0.000284867
-61.6099,-0.000284374
-61.6227,-0.000283881
-61.6354,-0.000283388
-61.6482,-0.000282895
-61.6609,-0.000282403
-61.6737,-0.000281911
-61.6864,-0.000281419
-61.6992,-0.000280927
-61.7119,-0.000280436
-61.7247,-0.000279945
-61.7374,-0.000279455
-61.7502,-0.000278965
-61.763,-0.000278476
-61.7757,-0.000277987
-61.7885,-0.000277499
-61.8012,-0.000277011
-61.814,-0.000276524
-61.8268,-0.000276037
-61.8395,-0.000275552
-61.8523,-0.000275067
-61.865,-0.000274583
-61.8778,-0.000274098
-61.8906,-0.000273614
-61.9033,-0.00027313
-61.9161,-0.000272646
-61.9289,-0.000272163
-61.9416,-0.000271679
-61.9544,-0.000271195
-61.9672,-0.000270711
-61.9799,-0.000270226
-61.9927,-0.000269741
-62.0055,-0.000269257
-62.0183,-0.000268774
-62.031,-0.000268291
-62.0438,-0.000267809
-62.0566,-0.000267327
-62.0694,-0.000266847
-62.0821,-0.000266368
-62.0949,-0.000265888
-62.1077,-0.000265409
-62.1205,-0.000264931
-62.1333,-0.000264453
-62.146,-0.000263977
-62.1588,-0.000263501
-62.1716,-0.000263025
-62.1844,-0.00026255
-62.1972,-0.000262076
-62.21,-0.000261601
-62.2227,-0.000261126
-62.2355,-0.000260652
-62.2483,-0.000260176
-62.2611,-0.000259701
-62.2739,-0.000259227
-62.2867,-0.000258752
-62.2995,-0.000258279
-62.3123,-0.000257805
-62.3251,-0.000257332
-62.3379,-0.000256859
-62.3506,-0.000256386
-62.3634,-0.000255914
-62.3762,-0.000255442
-62.389,-0.00025497
-62.4018,-0.000254499
-62.4146,-0.000254029
-62.4274,-0.00025356
-62.4402,-0.000253091
-62.453,-0.000252622
-62.4658,-0.000252154
-62.4786,-0.000251687
-62.4914,-0.000251219
-62.5042,-0.000250753
-62.517,-0.000250286
-62.5298,-0.00024982
-62.5426,-0.000249355
-62.5555,-0.000248891
-62.5683,-0.000248428
-62.5811,-0.000247966
-62.5939,-0.000247504
-62.6067,-0.000247043
-62.6195,-0.000246584
-62.6323,-0.000246123
-62.6451,-0.000245663
-62.6579,-0.000245203
-62.6707,-0.000244742
-62.6835,-0.000244281
-62.6964,-0.00024382
-62.7092,-0.000243357
-62.722,-0.000242897
-62.7348,-0.000242437
-62.7476,-0.000241977
-62.7604,-0.000241517
-62.7733,-0.000241059
-62.7861,-0.000240602
-62.7989,-0.000240145
-62.8117,-0.000239688
-62.8245,-0.000239233
-62.8374,-0.000238778
-62.8502,-0.000238324
-62.863,-0.000237871
-62.8758,-0.00023742
-62.8886,-0.00023697
-62.9015,-0.00023652
-62.9143,-0.00023607
-62.9271,-0.000235621
-62.9399,-0.000235173
-62.9528,-0.000234724
-62.9656,-0.000234275
-62.9784,-0.000233826
-62.9912,-0.000233378
-63.0041,-0.000232931
-63.0169,-0.000232483
-63.0297,-0.000232035
-63.0426,-0.000231587
-63.0554,-0.000231139
-63.0682,-0.000230691
-63.0811,-0.000230243
-63.0939,-0.000229796
-63.1067,-0.00022935
-63.1196,-0.000228904
-63.1324,-0.000228458
-63.1452,-0.000228015
-63.1581,-0.000227572
-63.1709,-0.000227129
-63.1837,-0.000226686
-63.1966,-0.000226245
-63.2094,-0.000225805
-63.2222,-0.000225366
-63.2351,-0.000224928
-63.2479,-0.000224491
-63.2608,-0.000224054
-63.2736,-0.000223618
-63.2864,-0.000223183
-63.2993,-0.000222748
-63.3121,-0.000222312
-63.325,-0.000221877
-63.3378,-0.000221441
-63.3507,-0.000221007
-63.3635,-0.000220573
-63.3763,-0.000220139
-63.3892,-0.000219705
-63.402,-0.000219271
-63.4149,-0.000218836
-63.4277,-0.000218402
-63.4406,-0.000217969
-63.4534,-0.000217537
-63.4663,-0.000217105
-63.4791,-0.000216675
-63.492,-0.000216246
-63.5048,-0.000215819
-63.5177,-0.000215394
-63.5305,-0.000214968
-63.5434,-0.000214542
-63.5562,-0.000214117
-63.5691,-0.000213691
-63.5819,-0.000213265
-63.5948,-0.00021284
-63.6076,-0.000212415
-63.6205,-0.000211991
-63.6333,-0.000211566
-63.6462,-0.000211142
-63.659,-0.000210718
-63.6719,-0.000210294
-63.6847,-0.000209871
-63.6976,-0.000209449
-63.7104,-0.000209028
-63.7233,-0.000208607
-63.7362,-0.000208186
-63.749,-0.000207766
-63.7619,-0.000207346
-63.7747,-0.000206928
-63.7876,-0.000206511
-63.8004,-0.000206095
-63.8133,-0.000205679
-63.8262,-0.000205263
-63.839,-0.000204848
-63.8519,-0.000204433
-63.8647,-0.00020402
-63.8776,-0.000203607
-63.8905,-0.000203195
-63.9033,-0.000202784
-63.9162,-0.000202373
-63.929,-0.000201962
-63.9419,-0.000201552
-63.9548,-0.000201142
-63.9676,-0.000200733
-63.9805,-0.000200325
-63.9934,-0.000199916
-64.0062,-0.000199509
-64.0191,-0.000199102
-64.0319,-0.000198695
-64.0448,-0.000198289
-64.0577,-0.000197884
-64.0705,-0.000197479
-64.0834,-0.000197074
-64.0963,-0.00019667
-64.1091,-0.000196266
-64.122,-0.000195863
-64.1349,-0.000195461
-64.1477,-0.000195059
-64.1606,-0.000194658
-64.1735,-0.000194258
-64.1863,-0.000193857
-64.1992,-0.000193458
-64.2121,-0.000193059
-64.2249,-0.000192661
-64.2378,-0.000192263
-64.2507,-0.000191866
-64.2635,-0.000191469
-64.2764,-0.000191073
-64.2893,-0.000190677
-64.3021,-0.000190282
-64.315,-0.000189888
-64.3279,-0.000189494
-64.3407,-0.000189101
-64.3536,-0.000188708
-64.3665,-0.000188317
-64.3793,-0.000187925
-64.3922,-0.000187535
-64.4051,-0.000187145
-64.418,-0.000186755
-64.4308,-0.000186367
-64.4437,-0.000185979
-64.4566,-0.000185591
-64.4694,-0.000185204
-64.4823,-0.000184817
-64.4952,-0.000184431
-64.508,-0.000184045
-64.5209,-0.00018366
-64.5338,-0.000183275
-64.5467,-0.00018289
-64.5595,-0.000182505
-64.5724,-0.000182122
-64.5853,-0.000181739
-64.5981,-0.000181357
-64.611,-0.000180975
-64.6239,-0.000180594
-64.6368,-0.000180213
-64.6496,-0.000179833
-64.6625,-0.000179454
-64.6754,-0.000179075
-64.6882,-0.000178696
-64.7011,-0.000178318
-64.714,-0.000177941
-64.7269,-0.000177564
-64.7397,-0.000177188
-64.7526,-0.000176812
-64.7655,-0.000176437
-64.7783,-0.000176063
-64.7912,-0.000175689
-64.8041,-0.000175316
-64.817,-0.000174944
-64.8298,-0.000174572
-64.8427,-0.000174201
-64.8556,-0.000173831
-64.8684,-0.000173461
-64.8813,-0.000173091
-64.8942,-0.000172722
-64.9071,-0.000172354
-64.9199,-0.000171987
-64.9328,-0.00017162
-64.9457,-0.000171253
-64.9585,-0.000170887
-64.9714,-0.000170521
-64.9843,-0.000170157
-64.9972,-0.000169793
-65.01,-0.000169429
-65.0229,-0.000169067
-65.0358,-0.000168704
-65.0486,-0.000168343
-65.0615,-0.000167982
-65.0744,-0.000167621
-65.0873,-0.000167262
-65.1001,-0.000166903
-65.113,-0.000166544
-65.1259,-0.000166186
-65.1387,-0.000165829
-65.1516,-0.000165472
-65.1645,-0.000165115
-65.1773,-0.000164759
-65.1902,-0.000164404
-65.2031,-0.000164049
-65.216,-0.000163695
-65.2288,-0.000163341
-65.2417,-0.000162987
-65.2546,-0.000162634
-65.2674,-0.000162282
-65.2803,-0.00016193
-65.2932,-0.000161579
-65.306,-0.000161229
-65.3189,-0.000160879
-65.3318,-0.00016053
-65.3446,-0.000160181
-65.3575,-0.000159834
-65.3704,-0.000159487
-65.3832,-0.00015914
-65.3961,-0.000158794
-65.409,-0.000158449
-65.4218,-0.000158104
-65.4347,-0.00015776
-65.4476,-0.000157416
-65.4604,-0.000157073
-65.4733,-0.00015673
-65.4862,-0.000156388
-65.499,-0.000156046
-65.5119,-0.000155705
-65.5248,-0.000155364
-65.5376,-0.000155025
-65.5505,-0.000154685
-65.5633,-0.000154347
-65.5762,-0.000154009
-65.5891,-0.000153671
-65.6019,-0.000153334
-65.6148,-0.000152998
-65.6277,-0.000152662
-65.6405,-0.000152327
-65.6534,-0.000151993
-65.6662,-0.000151659
-65.6791,-0.000151325
-65.692,-0.000150993
-65.7048,-0.00015066
-65.7177,-0.000150328
-65.7305,-0.000149997
-65.7434,-0.000149666
-65.7562,-0.000149336
-65.7691,-0.000149007
-65.782,-0.000148677
-65.7948,-0.000148349
-65.8077,-0.000148021
-65.8205,-0.000147693
-65.8334,-0.000147367
-65.8462,-0.00014704
-65.8591,-0.000146715
-65.8719,-0.00014639
-65.8848,-0.000146066
-65.8976,-0.000145742
-65.9105,-0.00014542
-65.9234,-0.000145098
-65.9362,-0.000144776
-65.9491,-0.000144455
-65.9619,-0.000144135
-65.9748,-0.000143814
-65.9876,-0.000143495
-66.0005,-0.000143176
-66.0133,-0.000142857
-66.0261,-0.000142539
-66.039,-0.000142221
-66.0518,-0.000141904
-66.0647,-0.000141587
-66.0775,-0.00014127
-66.0904,-0.000140955
-66.1032,-0.00014064
-66.1161,-0.000140326
-66.1289,-0.000140013
-66.1418,-0.0001397
-66.1546,-0.000139389
-66.1674,-0.000139078
-66.1803,-0.000138768
-66.1931,-0.000138459
-66.206,-0.00013815
-66.2188,-0.000137843
-66.2316,-0.000137534
-66.2445,-0.000137227
-66.2573,-0.00013692
-66.2701,-0.000136613
-66.283,-0.000136306
-66.2958,-0.000135999
-66.3087,-0.000135693
-66.3215,-0.000135386
-66.3343,-0.00013508
-66.3472,-0.000134773
-66.36,-0.000134467
-66.3728,-0.000134163
-66.3857,-0.000133859
-66.3985,-0.000133556
-66.4113,-0.000133254
-66.4241,-0.000132954
-66.437,-0.000132655
-66.4498,-0.000132358
-66.4626,-0.000132062
-66.4754,-0.000131766
-66.4883,-0.00013147
-66.5011,-0.000131176
-66.5139,-0.000130881
-66.5267,-0.000130587
-66.5396,-0.000130294
-66.5524,-0.000130001
-66.5652,-0.000129707
-66.578,-0.000129414
-66.5908,-0.00012912
-66.6037,-0.000128827
-66.6165,-0.000128535
-66.6293,-0.000128243
-66.6421,-0.000127953
-66.6549,-0.000127663
-66.6677,-0.000127374
-66.6806,-0.000127085
-66.6934,-0.000126795
-66.7062,-0.000126506
-66.719,-0.000126217
-66.7318,-0.000125928
-66.7446,-0.00012564
-66.7574,-0.000125354
-66.7702,-0.000125068
-66.783,-0.000124785
-66.7958,-0.000124503
-66.8086,-0.000124223
-66.8214,-0.000123942
-66.8343,-0.000123662
-66.8471,-0.000123383
-66.8599,-0.000123103
-66.8727,-0.000122822
-66.8855,-0.000122542
-66.8983,-0.000122263
-66.911,-0.000121984
-66.9238,-0.000121705
-66.9366,-0.000121426
-66.9494,-0.000121147
-66.9622,-0.000120868
-66.975,-0.000120591
-66.9878,-0.000120314
-67.0006,-0.000120038
-67.0134,-0.000119764
-67.0262,-0.00011949
-67.039,-0.000119216
-67.0518,-0.000118942
-67.0645,-0.000118669
-67.0773,-0.000118395
-67.0901,-0.000118121
-67.1029,-0.00011785
-67.1157,-0.000117579
-67.1285,-0.00011731
-67.1412,-0.000117043
-67.154,-0.000116778
-67.1668,-0.000116515
-67.1796,-0.000116251
-67.1923,-0.000115987
-67.2051,-0.000115723
-67.2179,-0.000115458
-67.2307,-0.000115192
-67.2434,-0.000114927
-67.2562,-0.000114663
-67.269,-0.000114398
-67.2817,-0.000114133
-67.2945,-0.000113869
-67.3073,-0.000113604
-67.32,-0.00011334
-67.3328,-0.000113076
-67.3455,-0.000112814
-67.3583,-0.000112553
-67.3711,-0.000112294
-67.3838,-0.000112035
-67.3966,-0.000111777
-67.4093,-0.00011152
-67.4221,-0.000111264
-67.4348,-0.000111009
-67.4476,-0.000110754
-67.4603,-0.0001105
-67.4731,-0.000110247
-67.4858,-0.000109994
-67.4986,-0.000109741
-67.5113,-0.000109488
-67.5241,-0.000109234
-67.5368,-0.000108983
-67.5496,-0.000108731
-67.5623,-0.00010848
-67.575,-0.00010823
-67.5878,-0.000107981
-67.6005,-0.000107731
-67.6132,-0.000107481
-67.626,-0.00010723
-67.6387,-0.00010698
-67.6514,-0.000106729
-67.6642,-0.000106478
-67.6769,-0.000106229
-67.6896,-0.000105981
-67.7024,-0.000105735
-67.7151,-0.000105491
-67.7278,-0.00010525
-67.7405,-0.00010501
-67.7532,-0.00010477
-67.766,-0.000104529
-67.7787,-0.000104287
-67.7914,-0.000104045
-67.8041,-0.000103803
-67.8168,-0.000103561
-67.8295,-0.000103317
-67.8422,-0.000103074
-67.8549,-0.000102832
-67.8677,-0.00010259
-67.8804,-0.000102352
-67.8931,-0.000102113
-67.9058,-0.000101876
-67.9185,-0.00010164
-67.9312,-0.000101405
-67.9439,-0.00010117
-67.9566,-0.000100937
-67.9693,-0.000100703
-67.9819,-0.000100469
-67.9946,-0.000100236
-68.0073,-0.000100003
-68.02,-9.98E-05
-68.0327,-9.95E-05
-68.0454,-9.93E-05
-68.0581,-9.91E-05
-68.0708,-9.88E-05
-68.0834,-9.86E-05
-68.0961,-9.84E-05
-68.1088,-9.81E-05
-68.1215,-9.79E-05
-68.1341,-9.77E-05
-68.1468,-9.75E-05
-68.1595,-9.72E-05
-68.1722,-9.70E-05
-68.1848,-9.68E-05
-68.1975,-9.66E-05
-68.2102,-9.63E-05
-68.2228,-9.61E-05
-68.2355,-9.59E-05
-68.2481,-9.57E-05
-68.2608,-9.54E-05
-68.2735,-9.52E-05
-68.2861,-9.50E-05
-68.2988,-9.48E-05
-68.3114,-9.45E-05
-68.3241,-9.43E-05
-68.3367,-9.41E-05
-68.3494,-9.39E-05
-68.362,-9.37E-05
-68.3746,-9.35E-05
-68.3873,-9.32E-05
-68.3999,-9.30E-05
-68.4126,-9.28E-05
-68.4252,-9.26E-05
-68.4378,-9.24E-05
-68.4505,-9.22E-05
-68.4631,-9.19E-05
-68.4757,-9.17E-05
-68.4883,-9.15E-05
-68.501,-9.13E-05
-68.5136,-9.11E-05
-68.5262,-9.09E-05
-68.5388,-9.06E-05
-68.5514,-9.04E-05
-68.5641,-9.02E-05
-68.5767,-9.00E-05
-68.5893,-8.98E-05
-68.6019,-8.96E-05
-68.6145,-8.94E-05
-68.6271,-8.92E-05
-68.6397,-8.90E-05
-68.6523,-8.88E-05
-68.6649,-8.85E-05
-68.6775,-8.83E-05
-68.6901,-8.81E-05
-68.7027,-8.79E-05
-68.7153,-8.77E-05
-68.7279,-8.75E-05
-68.7405,-8.73E-05
-68.7531,-8.71E-05
-68.7656,-8.69E-05
-68.7782,-8.67E-05
-68.7908,-8.65E-05
-68.8034,-8.63E-05
-68.816,-8.61E-05
-68.8285,-8.59E-05
-68.8411,-8.57E-05
-68.8537,-8.55E-05
-68.8662,-8.53E-05
-68.8788,-8.51E-05
-68.8914,-8.49E-05
-68.9039,-8.47E-05
-68.9165,-8.45E-05
-68.929,-8.43E-05
-68.9416,-8.41E-05
-68.9542,-8.39E-05
-68.9667,-8.37E-05
-68.9793,-8.35E-05
-68.9918,-8.33E-05
-69.0043,-8.31E-05
-69.0169,-8.29E-05
-69.0294,-8.27E-05
-69.042,-8.25E-05
-69.0545,-8.23E-05
-69.067,-8.21E-05
-69.0796,-8.19E-05
-69.0921,-8.17E-05
-69.1046,-8.15E-05
-69.1171,-8.14E-05
-69.1297,-8.12E-05
-69.1422,-8.10E-05
-69.1547,-8.08E-05
-69.1672,-8.06E-05
-69.1797,-8.04E-05
-69.1923,-8.02E-05
-69.2048,-8.00E-05
-69.2173,-7.98E-05
-69.2298,-7.97E-05
-69.2423,-7.95E-05
-69.2548,-7.93E-05
-69.2673,-7.91E-05
-69.2798,-7.89E-05
-69.2923,-7.87E-05
-69.3048,-7.85E-05
-69.3172,-7.84E-05
-69.3297,-7.82E-05
-69.3422,-7.80E-05
-69.3547,-7.78E-05
-69.3672,-7.76E-05
-69.3796,-7.74E-05
-69.3921,-7.73E-05
-69.4046,-7.71E-05
-69.4171,-7.69E-05
-69.4295,-7.67E-05
-69.442,-7.65E-05
-69.4545,-7.64E-05
-69.4669,-7.62E-05
-69.4794,-7.60E-05
-69.4918,-7.58E-05
-69.5043,-7.56E-05
-69.5167,-7.55E-05
-69.5292,-7.53E-05
-69.5416,-7.51E-05
-69.5541,-7.49E-05
-69.5665,-7.48E-05
-69.5789,-7.46E-05
-69.5914,-7.44E-05
-69.6038,-7.42E-05
-69.6162,-7.41E-05
-69.6287,-7.39E-05
-69.6411,-7.37E-05
-69.6535,-7.35E-05
-69.6659,-7.34E-05
-69.6783,-7.32E-05
-69.6908,-7.30E-05
-69.7032,-7.28E-05
-69.7156,-7.27E-05
-69.728,-7.25E-05
-69.7404,-7.23E-05
-69.7528,-7.22E-05
-69.7652,-7.20E-05
-69.7776,-7.18E-05
-69.79,-7.17E-05
-69.8024,-7.15E-05
-69.8148,-7.13E-05
-69.8271,-7.12E-05
-69.8395,-7.10E-05
-69.8519,-7.08E-05
-69.8643,-7.07E-05
-69.8767,-7.05E-05
-69.889,-7.03E-05
-69.9014,-7.02E-05
-69.9138,-7.00E-05
-69.9261,-6.98E-05
-69.9385,-6.97E-05
-69.9509,-6.95E-05
-69.9632,-6.93E-05
-69.9756,-6.92E-05
-69.9879,-6.90E-05
-70.0003,-6.89E-05
-70.0126,-6.87E-05
-70.0249,-6.85E-05
-70.0373,-6.84E-05
-70.0496,-6.82E-05
-70.062,-6.81E-05
-70.0743,-6.79E-05
-70.0866,-6.77E-05
-70.0989,-6.76E-05
-70.1113,-6.74E-05
-70.1236,-6.73E-05
-70.1359,-6.71E-05
-70.1482,-6.69E-05
-70.1605,-6.68E-05
-70.1728,-6.66E-05
-70.1851,-6.65E-05
-70.1974,-6.63E-05
-70.2097,-6.62E-05
-70.222,-6.60E-05
-70.2343,-6.59E-05
-70.2466,-6.57E-05
-70.2589,-6.56E-05
-70.2712,-6.54E-05
-70.2835,-6.52E-05
-70.2957,-6.51E-05
-70.308,-6.49E-05
-70.3203,-6.48E-05
-70.3326,-6.46E-05
-70.3448,-6.45E-05
-70.3571,-6.43E-05
-70.3693,-6.42E-05
-70.3816,-6.40E-05
-70.3939,-6.39E-05
-70.4061,-6.37E-05
-70.4184,-6.36E-05
-70.4306,-6.34E-05
-70.4428,-6.33E-05
-70.4551,-6.31E-05
-70.4673,-6.30E-05
-70.4795,-6.28E-05
-70.4918,-6.27E-05
-70.504,-6.26E-05
-70.5162,-6.24E-05
-70.5284,-6.23E-05
-70.5407,-6.21E-05
-70.5529,-6.20E-05
-70.5651,-6.18E-05
-70.5773,-6.17E-05
-70.5895,-6.15E-05
-70.6017,-6.14E-05
-70.6139,-6.13E-05
-70.6261,-6.11E-05
-70.6383,-6.10E-05
-70.6505,-6.08E-05
-70.6626,-6.07E-05
-70.6748,-6.06E-05
-70.687,-6.04E-05
-70.6992,-6.03E-05
-70.7114,-6.01E-05
-70.7235,-6.00E-05
-70.7357,-5.98E-05
-70.7478,-5.97E-05
-70.76,-5.96E-05
-70.7722,-5.94E-05
-70.7843,-5.93E-05
-70.7965,-5.92E-05
-70.8086,-5.90E-05
-70.8207,-5.89E-05
-70.8329,-5.87E-05
-70.845,-5.86E-05
-70.8572,-5.85E-05
-70.8693,-5.83E-05
-70.8814,-5.82E-05
-70.8935,-5.81E-05
-70.9056,-5.79E-05
-70.9178,-5.78E-05
-70.9299,-5.77E-05
-70.942,-5.75E-05
-70.9541,-5.74E-05
-70.9662,-5.73E-05
-70.9783,-5.71E-05
-70.9904,-5.70E-05
-71.0025,-5.69E-05
-71.0146,-5.67E-05
-71.0266,-5.66E-05
-71.0387,-5.65E-05
-71.0508,-5.63E-05
-71.0629,-5.62E-05
-71.0749,-5.61E-05
-71.087,-5.60E-05
-71.0991,-5.58E-05
-71.1111,-5.57E-05
-71.1232,-5.56E-05
-71.1352,-5.54E-05
-71.1473,-5.53E-05
-71.1593,-5.52E-05
-71.1714,-5.51E-05
-71.1834,-5.49E-05
-71.1954,-5.48E-05
-71.2075,-5.47E-05
-71.2195,-5.46E-05
-71.2315,-5.44E-05
-71.2435,-5.43E-05
-71.2556,-5.42E-05
-71.2676,-5.41E-05
-71.2796,-5.39E-05
-71.2916,-5.38E-05
-71.3036,-5.37E-05
-71.3156,-5.36E-05
-71.3276,-5.34E-05
-71.3396,-5.33E-05
-71.3516,-5.32E-05
-71.3635,-5.31E-05
-71.3755,-5.29E-05
-71.3875,-5.28E-05
-71.3995,-5.27E-05
-71.4114,-5.26E-05
-71.4234,-5.25E-05
-71.4354,-5.24E-05
-71.4473,-5.22E-05
-71.4593,-5.21E-05
-71.4712,-5.20E-05
-71.4832,-5.19E-05
-71.4951,-5.17E-05
-71.5071,-5.16E-05
-71.519,-5.15E-05
-71.5309,-5.14E-05
-71.5428,-5.13E-05
-71.5548,-5.12E-05
-71.5667,-5.10E-05
-71.5786,-5.09E-05
-71.5905,-5.08E-05
-71.6024,-5.07E-05
-71.6143,-5.06E-05
-71.6262,-5.05E-05
-71.6381,-5.03E-05
-71.65,-5.02E-05
-71.6619,-5.01E-05
-71.6738,-5.00E-05
-71.6857,-4.99E-05
-71.6975,-4.98E-05
-71.7094,-4.97E-05
-71.7213,-4.96E-05
-71.7331,-4.94E-05
-71.745,-4.93E-05
-71.7569,-4.92E-05
-71.7687,-4.91E-05
-71.7806,-4.90E-05
-71.7924,-4.89E-05
-71.8042,-4.88E-05
-71.8161,-4.87E-05
-71.8279,-4.85E-05
-71.8397,-4.84E-05
-71.8516,-4.83E-05
-71.8634,-4.82E-05
-71.8752,-4.81E-05
-71.887,-4.80E-05
-71.8988,-4.79E-05
-71.9106,-4.78E-05
-71.9224,-4.77E-05
-71.9342,-4.76E-05
-71.946,-4.75E-05
-71.9578,-4.73E-05
-71.9696,-4.72E-05
-71.9814,-4.71E-05
-71.9931,-4.70E-05
-72.0049,-4.69E-05
-72.0167,-4.68E-05
-72.0284,-4.67E-05
-72.0402,-4.66E-05
-72.0519,-4.65E-05
-72.0637,-4.64E-05
-72.0754,-4.63E-05
-72.0872,-4.62E-05
-72.0989,-4.61E-05
-72.1106,-4.60E-05
-72.1224,-4.59E-05
-72.1341,-4.58E-05
-72.1458,-4.57E-05
-72.1575,-4.56E-05
-72.1692,-4.55E-05
-72.181,-4.54E-05
-72.1927,-4.53E-05
-72.2044,-4.52E-05
-72.2161,-4.51E-05
-72.2277,-4.50E-05
-72.2394,-4.49E-05
-72.2511,-4.48E-05
-72.2628,-4.47E-05
-72.2745,-4.46E-05
-72.2861,-4.45E-05
-72.2978,-4.44E-05
-72.3095,-4.43E-05
-72.3211,-4.42E-05
-72.3328,-4.41E-05
-72.3444,-4.40E-05
-72.356,-4.39E-05
-72.3677,-4.38E-05
-72.3793,-4.37E-05
-72.391,-4.36E-05
-72.4026,-4.35E-05
-72.4142,-4.34E-05
-72.4258,-4.33E-05
-72.4374,-4.32E-05
-72.449,-4.31E-05
-72.4606,-4.30E-05
-72.4722,-4.29E-05
-72.4838,-4.28E-05
-72.4954,-4.27E-05
-72.507,-4.26E-05
-72.5186,-4.25E-05
-72.5302,-4.24E-05
-72.5417,-4.23E-05
-72.5533,-4.22E-05
-72.5649,-4.22E-05
-72.5764,-4.21E-05
-72.588,-4.20E-05
-72.5995,-4.19E-05
-72.6111,-4.18E-05
-72.6226,-4.17E-05
-72.6341,-4.16E-05
-72.6457,-4.15E-05
-72.6572,-4.14E-05
-72.6687,-4.13E-05
-72.6802,-4.12E-05
-72.6917,-4.11E-05
-72.7032,-4.10E-05
-72.7147,-4.10E-05
-72.7262,-4.09E-05
-72.7377,-4.08E-05
-72.7492,-4.07E-05
-72.7607,-4.06E-05
-72.7722,-4.05E-05
-72.7837,-4.04E-05
-72.7951,-4.03E-05
-72.8066,-4.02E-05
-72.8181,-4.02E-05
-72.8295,-4.01E-05
-72.841,-4.00E-05
-72.8524,-3.99E-05
-72.8639,-3.98E-05
-72.8753,-3.97E-05
-72.8867,-3.96E-05
-72.8981,-3.95E-05
-72.9096,-3.95E-05
-72.921,-3.94E-05
-72.9324,-3.93E-05
-72.9438,-3.92E-05
-72.9552,-3.91E-05
-72.9666,-3.90E-05
-72.978,-3.89E-05
-72.9894,-3.89E-05
-73.0008,-3.88E-05
-73.0122,-3.87E-05
-73.0235,-3.86E-05
-73.0349,-3.85E-05
-73.0463,-3.84E-05
-73.0576,-3.84E-05
-73.069,-3.83E-05
-73.0803,-3.82E-05
-73.0917,-3.81E-05
-73.103,-3.80E-05
-73.1143,-3.79E-05
-73.1257,-3.79E-05
-73.137,-3.78E-05
-73.1483,-3.77E-05
-73.1596,-3.76E-05
-73.171,-3.75E-05
-73.1823,-3.75E-05
-73.1936,-3.74E-05
-73.2049,-3.73E-05
-73.2161,-3.72E-05
-73.2274,-3.71E-05
-73.2387,-3.71E-05
-73.25,-3.70E-05
-73.2613,-3.69E-05
-73.2725,-3.68E-05
-73.2838,-3.67E-05
-73.295,-3.67E-05
-73.3063,-3.66E-05
-73.3175,-3.65E-05
-73.3288,-3.64E-05
-73.34,-3.63E-05
-73.3512,-3.63E-05
-73.3625,-3.62E-05
-73.3737,-3.61E-05
-73.3849,-3.60E-05
-73.3961,-3.60E-05
-73.4073,-3.59E-05
-73.4185,-3.58E-05
-73.4297,-3.57E-05
-73.4409,-3.57E-05
-73.4521,-3.56E-05
-73.4633,-3.55E-05
-73.4745,-3.54E-05
-73.4856,-3.54E-05
-73.4968,-3.53E-05
-73.5079,-3.52E-05
-73.5191,-3.51E-05
-73.5302,-3.51E-05
-73.5414,-3.50E-05
-73.5525,-3.49E-05
-73.5637,-3.48E-05
-73.5748,-3.48E-05
-73.5859,-3.47E-05
-73.597,-3.46E-05
-73.6081,-3.45E-05
-73.6193,-3.45E-05
-73.6304,-3.44E-05
-73.6415,-3.43E-05
-73.6525,-3.42E-05
-73.6636,-3.42E-05
-73.6747,-3.41E-05
-73.6858,-3.40E-05
-73.6969,-3.40E-05
-73.7079,-3.39E-05
-73.719,-3.38E-05
-73.73,-3.37E-05
-73.7411,-3.37E-05
-73.7521,-3.36E-05
-73.7632,-3.35E-05
-73.7742,-3.35E-05
-73.7852,-3.34E-05
-73.7963,-3.33E-05
-73.8073,-3.33E-05
-73.8183,-3.32E-05
-73.8293,-3.31E-05
-73.8403,-3.31E-05
-73.8513,-3.30E-05
-73.8623,-3.29E-05
-73.8733,-3.28E-05
-73.8842,-3.28E-05
-73.8952,-3.27E-05
-73.9062,-3.26E-05
-73.9171,-3.26E-05
-73.9281,-3.25E-05
-73.9391,-3.24E-05
-73.95,-3.24E-05
-73.9609,-3.23E-05
-73.9719,-3.22E-05
-73.9828,-3.22E-05
-73.9937,-3.21E-05
-74.0047,-3.20E-05
-74.0156,-3.20E-05
-74.0265,-3.19E-05
-74.0374,-3.18E-05
-74.0483,-3.18E-05
-74.0592,-3.17E-05
-74.0701,-3.16E-05
-74.0809,-3.16E-05
-74.0918,-3.15E-05
-74.1027,-3.15E-05
-74.1136,-3.14E-05
-74.1244,-3.13E-05
-74.1353,-3.13E-05
-74.1461,-3.12E-05
-74.157,-3.11E-05
-74.1678,-3.11E-05
-74.1786,-3.10E-05
-74.1895,-3.09E-05
-74.2003,-3.09E-05
-74.2111,-3.08E-05
-74.2219,-3.08E-05
-74.2327,-3.07E-05
-74.2435,-3.06E-05
-74.2543,-3.06E-05
-74.2651,-3.05E-05
-74.2759,-3.04E-05
-74.2866,-3.04E-05
-74.2974,-3.03E-05
-74.3082,-3.03E-05
-74.3189,-3.02E-05
-74.3297,-3.01E-05
-74.3404,-3.01E-05
-74.3512,-3.00E-05
-74.3619,-3.00E-05
-74.3726,-2.99E-05
-74.3834,-2.98E-05
-74.3941,-2.98E-05
-74.4048,-2.97E-05
-74.4155,-2.97E-05
-74.4262,-2.96E-05
-74.4369,-2.95E-05
-74.4476,-2.95E-05
-74.4583,-2.94E-05
-74.469,-2.94E-05
-74.4796,-2.93E-05
-74.4903,-2.92E-05
-74.501,-2.92E-05
-74.5116,-2.91E-05
-74.5223,-2.91E-05
-74.5329,-2.90E-05
-74.5435,-2.89E-05
-74.5542,-2.89E-05
-74.5648,-2.88E-05
-74.5754,-2.88E-05
-74.586,-2.87E-05
-74.5967,-2.87E-05
-74.6073,-2.86E-05
-74.6179,-2.85E-05
-74.6284,-2.85E-05
-74.639,-2.84E-05
-74.6496,-2.84E-05
-74.6602,-2.83E-05
-74.6708,-2.83E-05
-74.6813,-2.82E-05
-74.6919,-2.82E-05
-74.7024,-2.81E-05
-74.713,-2.80E-05
-74.7235,-2.80E-05
-74.734,-2.79E-05
-74.7446,-2.79E-05
-74.7551,-2.78E-05
-74.7656,-2.78E-05
-74.7761,-2.77E-05
-74.7866,-2.77E-05
-74.7971,-2.76E-05
-74.8076,-2.76E-05
-74.8181,-2.75E-05
-74.8286,-2.74E-05
-74.839,-2.74E-05
-74.8495,-2.73E-05
-74.86,-2.73E-05
-74.8704,-2.72E-05
-74.8809,-2.72E-05
-74.8913,-2.71E-05
-74.9018,-2.71E-05
-74.9122,-2.70E-05
-74.9226,-2.70E-05
-74.933,-2.69E-05
-74.9435,-2.69E-05
-74.9539,-2.68E-05
-74.9643,-2.68E-05
-74.9747,-2.67E-05
-74.9851,-2.67E-05
-74.9954,-2.66E-05
-75.0058,-2.66E-05
-75.0162,-2.65E-05
-75.0266,-2.65E-05
-75.0369,-2.64E-05
-75.0473,-2.63E-05
-75.0576,-2.63E-05
-75.068,-2.62E-05
-75.0783,-2.62E-05
-75.0886,-2.61E-05
-75.0989,-2.61E-05
-75.1093,-2.60E-05
-75.1196,-2.60E-05
-75.1299,-2.59E-05
-75.1402,-2.59E-05
-75.1505,-2.58E-05
-75.1608,-2.58E-05
-75.171,-2.58E-05
-75.1813,-2.57E-05
-75.1916,-2.57E-05
-75.2018,-2.56E-05
-75.2121,-2.56E-05
-75.2223,-2.55E-05
-75.2326,-2.55E-05
-75.2428,-2.54E-05
-75.2531,-2.54E-05
-75.2633,-2.53E-05
-75.2735,-2.53E-05
-75.2837,-2.52E-05
-75.2939,-2.52E-05
-75.3041,-2.51E-05
-75.3143,-2.51E-05
-75.3245,-2.50E-05
-75.3347,-2.50E-05
-75.3449,-2.49E-05
-75.355,-2.49E-05
-75.3652,-2.48E-05
-75.3753,-2.48E-05
-75.3855,-2.47E-05
-75.3956,-2.47E-05
-75.4058,-2.47E-05
-75.4159,-2.46E-05
-75.426,-2.46E-05
-75.4362,-2.45E-05
-75.4463,-2.45E-05
-75.4564,-2.44E-05
-75.4665,-2.44E-05
-75.4766,-2.43E-05
-75.4867,-2.43E-05
-75.4967,-2.42E-05
-75.5068,-2.42E-05
-75.5169,-2.42E-05
-75.5269,-2.41E-05
-75.537,-2.41E-05
-75.5471,-2.40E-05
-75.5571,-2.40E-05
-75.5671,-2.39E-05
-75.5772,-2.39E-05
-75.5872,-2.38E-05
-75.5972,-2.38E-05
-75.6072,-2.38E-05
-75.6172,-2.37E-05
-75.6272,-2.37E-05
-75.6372,-2.36E-05
-75.6472,-2.36E-05
-75.6572,-2.35E-05
-75.6672,-2.35E-05
-75.6771,-2.35E-05
-75.6871,-2.34E-05
-75.697,-2.34E-05
-75.707,-2.33E-05
-75.7169,-2.33E-05
-75.7269,-2.32E-05
-75.7368,-2.32E-05
-75.7467,-2.32E-05
-75.7566,-2.31E-05
-75.7666,-2.31E-05
-75.7765,-2.30E-05
-75.7864,-2.30E-05
-75.7962,-2.29E-05
-75.8061,-2.29E-05
-75.816,-2.29E-05
-75.8259,-2.28E-05
-75.8357,-2.28E-05
-75.8456,-2.27E-05
-75.8555,-2.27E-05
-75.8653,-2.27E-05
-75.8751,-2.26E-05
-75.885,-2.26E-05
-75.8948,-2.25E-05
-75.9046,-2.25E-05
-75.9144,-2.25E-05
-75.9242,-2.24E-05
-75.934,-2.24E-05
-75.9438,-2.23E-05
-75.9536,-2.23E-05
-75.9634,-2.23E-05
-75.9732,-2.22E-05
-75.9829,-2.22E-05
-75.9927,-2.21E-05
-76.0025,-2.21E-05
-76.0122,-2.21E-05
-76.022,-2.20E-05
-76.0317,-2.20E-05
-76.0414,-2.19E-05
-76.0511,-2.19E-05
-76.0609,-2.19E-05
-76.0706,-2.18E-05
-76.0803,-2.18E-05
-76.09,-2.18E-05
-76.0997,-2.17E-05
-76.1093,-2.17E-05
-76.119,-2.16E-05
-76.1287,-2.16E-05
-76.1383,-2.16E-05
-76.148,-2.15E-05
-76.1577,-2.15E-05
-76.1673,-2.14E-05
-76.1769,-2.14E-05
-76.1866,-2.14E-05
-76.1962,-2.13E-05
-76.2058,-2.13E-05
-76.2154,-2.13E-05
-76.225,-2.12E-05
-76.2346,-2.12E-05
-76.2442,-2.11E-05
-76.2538,-2.11E-05
-76.2634,-2.11E-05
-76.2729,-2.10E-05
-76.2825,-2.10E-05
-76.2921,-2.10E-05
-76.3016,-2.09E-05
-76.3112,-2.09E-05
-76.3207,-2.09E-05
-76.3302,-2.08E-05
-76.3398,-2.08E-05
-76.3493,-2.08E-05
-76.3588,-2.07E-05
-76.3683,-2.07E-05
-76.3778,-2.06E-05
-76.3873,-2.06E-05
-76.3968,-2.06E-05
-76.4062,-2.05E-05
-76.4157,-2.05E-05
-76.4252,-2.05E-05
-76.4346,-2.04E-05
-76.4441,-2.04E-05
-76.4535,-2.04E-05
-76.463,-2.03E-05
-76.4724,-2.03E-05
-76.4818,-2.03E-05
-76.4913,-2.02E-05
-76.5007,-2.02E-05
-76.5101,-2.02E-05
-76.5195,-2.01E-05
-76.5289,-2.01E-05
-76.5382,-2.01E-05
-76.5476,-2.00E-05
-76.557,-2.00E-05
-76.5664,-2.00E-05
-76.5757,-1.99E-05
-76.5851,-1.99E-05
-76.5944,-1.99E-05
-76.6038,-1.98E-05
-76.6131,-1.98E-05
-76.6224,-1.98E-05
-76.6317,-1.97E-05
-76.641,-1.97E-05
-76.6503,-1.97E-05
-76.6596,-1.96E-05
-76.6689,-1.96E-05
-76.6782,-1.96E-05
-76.6875,-1.95E-05
-76.6968,-1.95E-05
-76.706,-1.95E-05
-76.7153,-1.94E-05
-76.7245,-1.94E-05
-76.7338,-1.94E-05
-76.743,-1.93E-05
-76.7522,-1.93E-05
-76.7615,-1.93E-05
-76.7707,-1.92E-05
-76.7799,-1.92E-05
-76.7891,-1.92E-05
-76.7983,-1.91E-05
-76.8075,-1.91E-05
-76.8167,-1.91E-05
-76.8258,-1.90E-05
-76.835,-1.90E-05
-76.8442,-1.90E-05
-76.8533,-1.90E-05
-76.8625,-1.89E-05
-76.8716,-1.89E-05
-76.8807,-1.89E-05
-76.8899,-1.88E-05
-76.899,-1.88E-05
-76.9081,-1.88E-05
-76.9172,-1.87E-05
-76.9263,-1.87E-05
-76.9354,-1.87E-05
-76.9445,-1.86E-05
-76.9536,-1.86E-05
-76.9626,-1.86E-05
-76.9717,-1.86E-05
-76.9808,-1.85E-05
-76.9898,-1.85E-05
-76.9989,-1.85E-05
-77.0079,-1.84E-05
-77.0169,-1.84E-05
-77.026,-1.84E-05
-77.035,-1.83E-05
-77.044,-1.83E-05
-77.053,-1.83E-05
-77.062,-1.83E-05
-77.071,-1.82E-05
-77.08,-1.82E-05
-77.089,-1.82E-05
-77.0979,-1.81E-05
-77.1069,-1.81E-05
-77.1159,-1.81E-05
-77.1248,-1.81E-05
-77.1337,-1.80E-05
-77.1427,-1.80E-05
-77.1516,-1.80E-05
-77.1605,-1.79E-05
-77.1694,-1.79E-05
-77.1784,-1.79E-05
-77.1873,-1.79E-05
-77.1962,-1.78E-05
-77.205,-1.78E-05
-77.2139,-1.78E-05
-77.2228,-1.77E-05
-77.2317,-1.77E-05
-77.2405,-1.77E-05
-77.2494,-1.77E-05
-77.2582,-1.76E-05
-77.2671,-1.76E-05
-77.2759,-1.76E-05
-77.2847,-1.76E-05
-77.2935,-1.75E-05
-77.3024,-1.75E-05
-77.3112,-1.75E-05
-77.32,-1.74E-05
-77.3288,-1.74E-05
-77.3375,-1.74E-05
-77.3463,-1.74E-05
-77.3551,-1.73E-05
-77.3639,-1.73E-05
-77.3726,-1.73E-05
-77.3814,-1.73E-05
-77.3901,-1.72E-05
-77.3988,-1.72E-05
-77.4076,-1.72E-05
-77.4163,-1.71E-05
-77.425,-1.71E-05
-77.4337,-1.71E-05
-77.4424,-1.71E-05
-77.4511,-1.70E-05
-77.4598,-1.70E-05
-77.4685,-1.70E-05
-77.4772,-1.70E-05
-77.4858,-1.69E-05
-77.4945,-1.69E-05
-77.5031,-1.69E-05
-77.5118,-1.69E-05
-77.5204,-1.68E-05
-77.5291,-1.68E-05
-77.5377,-1.68E-05
-77.5463,-1.68E-05
-77.5549,-1.67E-05
-77.5635,-1.67E-05
-77.5721,-1.67E-05
-77.5807,-1.67E-05
-77.5893,-1.66E-05
-77.5979,-1.66E-05
-77.6064,-1.66E-05
-77.615,-1.66E-05
-77.6236,-1.65E-05
-77.6321,-1.65E-05
-77.6407,-1.65E-05
-77.6492,-1.65E-05
-77.6577,-1.64E-05
-77.6662,-1.64E-05
-77.6748,-1.64E-05
-77.6833,-1.64E-05
-77.6918,-1.63E-05
-77.7003,-1.63E-05
-77.7087,-1.63E-05
-77.7172,-1.63E-05
-77.7257,-1.62E-05
-77.7342,-1.62E-05
-77.7426,-1.62E-05
-77.7511,-1.62E-05
-77.7595,-1.61E-05
-77.768,-1.61E-05
-77.7764,-1.61E-05
-77.7848,-1.61E-05
-77.7932,-1.61E-05
-77.8016,-1.60E-05
-77.81,-1.60E-05
-77.8184,-1.60E-05
-77.8268,-1.60E-05
-77.8352,-1.59E-05
-77.8436,-1.59E-05
-77.852,-1.59E-05
-77.8603,-1.59E-05
-77.8687,-1.58E-05
-77.877,-1.58E-05
-77.8854,-1.58E-05
-77.8937,-1.58E-05
-77.902,-1.58E-05
-77.9103,-1.57E-05
-77.9186,-1.57E-05
-77.927,-1.57E-05
-77.9353,-1.57E-05
-77.9435,-1.56E-05
-77.9518,-1.56E-05
-77.9601,-1.56E-05
-77.9684,-1.56E-05
-77.9766,-1.55E-05
-77.9849,-1.55E-05
-77.9931,-1.55E-05
-78.0014,-1.55E-05
-78.0096,-1.55E-05
-78.0179,-1.54E-05
-78.0261,-1.54E-05
-78.0343,-1.54E-05
-78.0425,-1.54E-05
-78.0507,-1.54E-05
-78.0589,-1.53E-05
-78.0671,-1.53E-05
-78.0753,-1.53E-05
-78.0834,-1.53E-05
-78.0916,-1.52E-05
-78.0998,-1.52E-05
-78.1079,-1.52E-05
-78.1161,-1.52E-05
-78.1242,-1.52E-05
-78.1323,-1.51E-05
-78.1405,-1.51E-05
-78.1486,-1.51E-05
-78.1567,-1.51E-05
-78.1648,-1.50E-05
-78.1729,-1.50E-05
-78.181,-1.50E-05
-78.189,-1.50E-05
-78.1971,-1.50E-05
-78.2052,-1.49E-05
-78.2133,-1.49E-05
-78.2213,-1.49E-05
-78.2294,-1.49E-05
-78.2374,-1.49E-05
-78.2454,-1.48E-05
-78.2535,-1.48E-05
-78.2615,-1.48E-05
-78.2695,-1.48E-05
-78.2775,-1.48E-05
-78.2855,-1.47E-05
-78.2935,-1.47E-05
-78.3015,-1.47E-05
-78.3094,-1.47E-05
-78.3174,-1.47E-05
-78.3254,-1.46E-05
-78.3333,-1.46E-05
-78.3413,-1.46E-05
-78.3492,-1.46E-05
-78.3572,-1.46E-05
-78.3651,-1.45E-05
-78.373,-1.45E-05
-78.3809,-1.45E-05
-78.3888,-1.45E-05
-78.3967,-1.45E-05
-78.4046,-1.44E-05
-78.4125,-1.44E-05
-78.4204,-1.44E-05
-78.4283,-1.44E-05
-78.4361,-1.44E-05
-78.444,-1.43E-05
-78.4519,-1.43E-05
-78.4597,-1.43E-05
-78.4675,-1.43E-05
-78.4754,-1.43E-05
-78.4832,-1.42E-05
-78.491,-1.42E-05
-78.4988,-1.42E-05
-78.5066,-1.42E-05
-78.5144,-1.42E-05
-78.5222,-1.42E-05
-78.53,-1.41E-05
-78.5378,-1.41E-05
-78.5455,-1.41E-05
-78.5533,-1.41E-05
-78.5611,-1.41E-05
-78.5688,-1.40E-05
-78.5765,-1.40E-05
-78.5843,-1.40E-05
-78.592,-1.40E-05
-78.5997,-1.40E-05
-78.6074,-1.39E-05
-78.6151,-1.39E-05
-78.6228,-1.39E-05
-78.6305,-1.39E-05
-78.6382,-1.39E-05
-78.6459,-1.39E-05
-78.6536,-1.38E-05
-78.6612,-1.38E-05
-78.6689,-1.38E-05
-78.6765,-1.38E-05
-78.6842,-1.38E-05
-78.6918,-1.37E-05
-78.6995,-1.37E-05
-78.7071,-1.37E-05
-78.7147,-1.37E-05
-78.7223,-1.37E-05
-78.7299,-1.37E-05
-78.7375,-1.36E-05
-78.7451,-1.36E-05
-78.7527,-1.36E-05
-78.7602,-1.36E-05
-78.7678,-1.36E-05
-78.7754,-1.36E-05
-78.7829,-1.35E-05
-78.7905,-1.35E-05
-78.798,-1.35E-05
-78.8055,-1.35E-05
-78.8131,-1.35E-05
-78.8206,-1.34E-05
-78.8281,-1.34E-05
-78.8356,-1.34E-05
-78.8431,-1.34E-05
-78.8506,-1.34E-05
-78.8581,-1.34E-05
-78.8655,-1.33E-05
-78.873,-1.33E-05
-78.8805,-1.33E-05
-78.8879,-1.33E-05
-78.8954,-1.33E-05
-78.9028,-1.33E-05
-78.9103,-1.32E-05
-78.9177,-1.32E-05
-78.9251,-1.32E-05
-78.9325,-1.32E-05
-78.9399,-1.32E-05
-78.9473,-1.32E-05
-78.9547,-1.31E-05
-78.9621,-1.31E-05
-78.9695,-1.31E-05
-78.9769,-1.31E-05
-78.9842,-1.31E-05
-78.9916,-1.31E-05
-78.999,-1.30E-05
-79.0063,-1.30E-05
-79.0136,-1.30E-05
-79.021,-1.30E-05
-79.0283,-1.30E-05
-79.0356,-1.30E-05
-79.0429,-1.29E-05
-79.0502,-1.29E-05
-79.0575,-1.29E-05
-79.0648,-1.29E-05
-79.0721,-1.29E-05
-79.0794,-1.29E-05
-79.0867,-1.29E-05
-79.0939,-1.28E-05
-79.1012,-1.28E-05
-79.1084,-1.28E-05
-79.1157,-1.28E-05
-79.1229,-1.28E-05
-79.1301,-1.28E-05
-79.1374,-1.27E-05
-79.1446,-1.27E-05
-79.1518,-1.27E-05
-79.159,-1.27E-05
-79.1662,-1.27E-05
-79.1734,-1.27E-05
-79.1805,-1.27E-05
-79.1877,-1.26E-05
-79.1949,-1.26E-05
-79.202,-1.26E-05
-79.2092,-1.26E-05
-79.2163,-1.26E-05
-79.2235,-1.26E-05
-79.2306,-1.25E-05
-79.2377,-1.25E-05
-79.2449,-1.25E-05
-79.252,-1.25E-05
-79.2591,-1.25E-05
-79.2662,-1.25E-05
-79.2733,-1.25E-05
-79.2804,-1.24E-05
-79.2874,-1.24E-05
-79.2945,-1.24E-05
-79.3016,-1.24E-05
-79.3086,-1.24E-05
-79.3157,-1.24E-05
-79.3227,-1.23E-05
-79.3298,-1.23E-05
-79.3368,-1.23E-05
-79.3438,-1.23E-05
-79.3508,-1.23E-05
-79.3579,-1.23E-05
-79.3649,-1.23E-05
-79.3719,-1.22E-05
-79.3788,-1.22E-05
-79.3858,-1.22E-05
-79.3928,-1.22E-05
-79.3998,-1.22E-05
-79.4067,-1.22E-05
-79.4137,-1.22E-05
-79.4206,-1.21E-05
-79.4276,-1.21E-05
-79.4345,-1.21E-05
-79.4415,-1.21E-05
-79.4484,-1.21E-05
-79.4553,-1.21E-05
-79.4622,-1.21E-05
-79.4691,-1.21E-05
-79.476,-1.20E-05
-79.4829,-1.20E-05
-79.4898,-1.20E-05
-79.4966,-1.20E-05
-79.5035,-1.20E-05
-79.5104,-1.20E-05
-79.5172,-1.20E-05
-79.5241,-1.19E-05
-79.5309,-1.19E-05
-79.5378,-1.19E-05
-79.5446,-1.19E-05
-79.5514,-1.19E-05
-79.5582,-1.19E-05
-79.565,-1.19E-05
-79.5718,-1.19E-05
-79.5786,-1.18E-05
-79.5854,-1.18E-05
-79.5922,-1.18E-05
-79.599,-1.18E-05
-79.6057,-1.18E-05
-79.6125,-1.18E-05
-79.6192,-1.18E-05
-79.626,-1.17E-05
-79.6327,-1.17E-05
-79.6395,-1.17E-05
-79.6462,-1.17E-05
-79.6529,-1.17E-05
-79.6596,-1.17E-05
-79.6663,-1.17E-05
-79.673,-1.16E-05
-79.6797,-1.16E-05
-79.6864,-1.16E-05
-79.6931,-1.16E-05
-79.6998,-1.16E-05
-79.7064,-1.16E-05
-79.7131,-1.16E-05
-79.7198,-1.16E-05
-79.7264,-1.15E-05
-79.733,-1.15E-05
-79.7397,-1.15E-05
-79.7463,-1.15E-05
-79.7529,-1.15E-05
-79.7595,-1.15E-05
-79.7661,-1.15E-05
-79.7727,-1.15E-05
-79.7793,-1.14E-05
-79.7859,-1.14E-05
-79.7925,-1.14E-05
-79.7991,-1.14E-05
-79.8056,-1.14E-05
-79.8122,-1.14E-05
-79.8188,-1.14E-05
-79.8253,-1.14E-05
-79.8318,-1.13E-05
-79.8384,-1.13E-05
-79.8449,-1.13E-05
-79.8514,-1.13E-05
-79.8579,-1.13E-05
-79.8645,-1.13E-05
-79.871,-1.13E-05
-79.8774,-1.13E-05
-79.8839,-1.12E-05
-79.8904,-1.12E-05
-79.8969,-1.12E-05
-79.9034,-1.12E-05
-79.9098,-1.12E-05
-79.9163,-1.12E-05
-79.9227,-1.12E-05
-79.9292,-1.12E-05
-79.9356,-1.11E-05
-79.942,-1.11E-05
-79.9485,-1.11E-05
-79.9549,-1.11E-05
-79.9613,-1.11E-05
-79.9677,-1.11E-05
-79.9741,-1.11E-05
-79.9805,-1.11E-05
-79.9869,-1.11E-05
-79.9932,-1.10E-05
-79.9996,-1.10E-05
-80.006,-1.10E-05
-80.0123,-1.10E-05
-80.0187,-1.10E-05
-80.025,-1.10E-05
-80.0313,-1.10E-05
-80.0377,-1.10E-05
-80.044,-1.09E-05
-80.0503,-1.09E-05
-80.0566,-1.09E-05
-80.0629,-1.09E-05
-80.0692,-1.09E-05
-80.0755,-1.09E-05
-80.0818,-1.09E-05
-80.0881,-1.09E-05
-80.0944,-1.09E-05
-80.1006,-1.08E-05
-80.1069,-1.08E-05
-80.1131,-1.08E-05
-80.1194,-1.08E-05
-80.1256,-1.08E-05
-80.1319,-1.08E-05
-80.1381,-1.08E-05
-80.1443,-1.08E-05
-80.1505,-1.08E-05
-80.1567,-1.07E-05
-80.1629,-1.07E-05
-80.1691,-1.07E-05
-80.1753,-1.07E-05
-80.1815,-1.07E-05
-80.1877,-1.07E-05
-80.1938,-1.07E-05
-80.2,-1.07E-05
-80.2062,-1.07E-05
-80.2123,-1.06E-05
-80.2184,-1.06E-05
-80.2246,-1.06E-05
-80.2307,-1.06E-05
-80.2368,-1.06E-05
-80.243,-1.06E-05
-80.2491,-1.06E-05
-80.2552,-1.06E-05
-80.2613,-1.06E-05
-80.2674,-1.06E-05
-80.2734,-1.05E-05
-80.2795,-1.05E-05
-80.2856,-1.05E-05
-80.2917,-1.05E-05
-80.2977,-1.05E-05
-80.3038,-1.05E-05
-80.3098,-1.05E-05
-80.3159,-1.05E-05
-80.3219,-1.05E-05
-80.3279,-1.04E-05
-80.334,-1.04E-05
-80.34,-1.04E-05
-80.346,-1.04E-05
-80.352,-1.04E-05
-80.358,-1.04E-05
-80.364,-1.04E-05
-80.3699,-1.04E-05
-80.3759,-1.04E-05
-80.3819,-1.04E-05
-80.3879,-1.03E-05
-80.3938,-1.03E-05
-80.3998,-1.03E-05
-80.4057,-1.03E-05
-80.4117,-1.03E-05
-80.4176,-1.03E-05
-80.4235,-1.03E-05
-80.4294,-1.03E-05
-80.4354,-1.03E-05
-80.4413,-1.02E-05
-80.4472,-1.02E-05
-80.4531,-1.02E-05
-80.4589,-1.02E-05
-80.4648,-1.02E-05
-80.4707,-1.02E-05
-80.4766,-1.02E-05
-80.4824,-1.02E-05
-80.4883,-1.02E-05
-80.4941,-1.02E-05
-80.5,-1.01E-05
-80.5058,-1.01E-05
-80.5117,-1.01E-05
-80.5175,-1.01E-05
-80.5233,-1.01E-05
-80.5291,-1.01E-05
-80.5349,-1.01E-05
-80.5407,-1.01E-05
-80.5465,-1.01E-05
-80.5523,-1.01E-05
-80.5581,-1.01E-05
-80.5639,-1.00E-05
-80.5697,-1.00E-05
-80.5754,-1.00E-05
-80.5812,-1.00E-05
-80.5869,-1.00E-05
-80.5927,-9.99E-06
-80.5984,-9.99E-06
-80.6041,-9.98E-06
-80.6099,-9.97E-06
-80.6156,-9.96E-06
-80.6213,-9.95E-06
-80.627,-9.94E-06
-80.6327,-9.93E-06
-80.6384,-9.92E-06
-80.6441,-9.91E-06
-80.6498,-9.90E-06
-80.6555,-9.89E-06
-80.6611,-9.88E-06
-80.6668,-9.87E-06
-80.6725,-9.86E-06
-80.6781,-9.85E-06
-80.6838,-9.84E-06
-80.6894,-9.84E-06
-80.695,-9.83E-06
-80.7007,-9.82E-06
-80.7063,-9.81E-06
-80.7119,-9.80E-06
-80.7175,-9.79E-06
-80.7231,-9.78E-06
-80.7287,-9.77E-06
-80.7343,-9.76E-06
-80.7399,-9.75E-06
-80.7455,-9.75E-06
-80.7511,-9.74E-06
-80.7566,-9.73E-06
-80.7622,-9.72E-06
-80.7677,-9.71E-06
-80.7733,-9.70E-06
-80.7788,-9.69E-06
-80.7844,-9.68E-06
-80.7899,-9.68E-06
-80.7954,-9.67E-06
-80.801,-9.66E-06
-80.8065,-9.65E-06
-80.812,-9.64E-06
-80.8175,-9.63E-06
-80.823,-9.63E-06
-80.8285,-9.62E-06
-80.8339,-9.61E-06
-80.8394,-9.60E-06
-80.8449,-9.59E-06
-80.8504,-9.58E-06
-80.8558,-9.57E-06
-80.8613,-9.57E-06
-80.8667,-9.56E-06
-80.8722,-9.55E-06
-80.8776,-9.54E-06
-80.883,-9.53E-06
-80.8884,-9.52E-06
-80.8939,-9.51E-06
-80.8993,-9.51E-06
-80.9047,-9.50E-06
-80.9101,-9.49E-06
-80.9155,-9.48E-06
-80.9209,-9.47E-06
-80.9262,-9.46E-06
-80.9316,-9.45E-06
-80.937,-9.45E-06
-80.9424,-9.44E-06
-80.9477,-9.43E-06
-80.9531,-9.42E-06
-80.9584,-9.41E-06
-80.9637,-9.40E-06
-80.9691,-9.39E-06
-80.9744,-9.39E-06
-80.9797,-9.38E-06
-80.9851,-9.37E-06
-80.9904,-9.36E-06
-80.9957,-9.35E-06
-81.001,-9.34E-06
-81.0063,-9.34E-06
-81.0115,-9.33E-06
-81.0168,-9.32E-06
-81.0221,-9.31E-06
-81.0274,-9.30E-06
-81.0326,-9.30E-06
-81.0379,-9.29E-06
-81.0431,-9.28E-06
-81.0484,-9.27E-06
-81.0536,-9.27E-06
-81.0589,-9.26E-06
-81.0641,-9.25E-06
-81.0693,-9.24E-06
-81.0745,-9.23E-06
-81.0797,-9.23E-06
-81.085,-9.22E-06
-81.0902,-9.21E-06
-81.0953,-9.20E-06
-81.1005,-9.20E-06
-81.1057,-9.19E-06
-81.1109,-9.18E-06
-81.1161,-9.17E-06
-81.1212,-9.17E-06
-81.1264,-9.16E-06
-81.1315,-9.15E-06
-81.1367,-9.14E-06
-81.1418,-9.13E-06
-81.147,-9.13E-06
-81.1521,-9.12E-06
-81.1572,-9.11E-06
-81.1623,-9.10E-06
-81.1675,-9.10E-06
-81.1726,-9.09E-06
-81.1777,-9.08E-06
-81.1828,-9.07E-06
-81.1879,-9.06E-06
-81.1929,-9.06E-06
-81.198,-9.05E-06
-81.2031,-9.04E-06
-81.2082,-9.03E-06
-81.2132,-9.02E-06
-81.2183,-9.02E-06
-81.2233,-9.01E-06
-81.2284,-9.00E-06
-81.2334,-8.99E-06
-81.2384,-8.99E-06
-81.2435,-8.98E-06
-81.2485,-8.97E-06
-81.2535,-8.96E-06
-81.2585,-8.96E-06
-81.2635,-8.95E-06
-81.2685,-8.94E-06
-81.2735,-8.94E-06
-81.2785,-8.93E-06
-81.2835,-8.92E-06
-81.2885,-8.91E-06
-81.2934,-8.91E-06
-81.2984,-8.90E-06
-81.3034,-8.89E-06
-81.3083,-8.89E-06
-81.3133,-8.88E-06
-81.3182,-8.87E-06
-81.3231,-8.87E-06
-81.3281,-8.86E-06
-81.333,-8.85E-06
-81.3379,-8.85E-06
-81.3428,-8.84E-06
-81.3477,-8.83E-06
-81.3526,-8.82E-06
-81.3575,-8.82E-06
-81.3624,-8.81E-06
-81.3673,-8.80E-06
-81.3722,-8.80E-06
-81.3771,-8.79E-06
-81.3819,-8.78E-06
-81.3868,-8.77E-06
-81.3917,-8.77E-06
-81.3965,-8.76E-06
-81.4014,-8.75E-06
-81.4062,-8.75E-06
-81.4111,-8.74E-06
-81.4159,-8.73E-06
-81.4207,-8.72E-06
-81.4255,-8.72E-06
-81.4303,-8.71E-06
-81.4352,-8.70E-06
-81.44,-8.70E-06
-81.4448,-8.69E-06
-81.4496,-8.68E-06
-81.4543,-8.67E-06
-81.4591,-8.67E-06
-81.4639,-8.66E-06
-81.4687,-8.65E-06
-81.4734,-8.65E-06
-81.4782,-8.64E-06
-81.483,-8.63E-06
-81.4877,-8.63E-06
-81.4924,-8.62E-06
-81.4972,-8.61E-06
-81.5019,-8.61E-06
-81.5066,-8.60E-06
-81.5114,-8.59E-06
-81.5161,-8.59E-06
-81.5208,-8.58E-06
-81.5255,-8.57E-06
-81.5302,-8.57E-06
-81.5349,-8.56E-06
-81.5396,-8.55E-06
-81.5443,-8.55E-06
-81.5489,-8.54E-06
-81.5536,-8.54E-06
-81.5583,-8.53E-06
-81.563,-8.52E-06
-81.5676,-8.52E-06
-81.5723,-8.51E-06
-81.5769,-8.50E-06
-81.5816,-8.50E-06
-81.5862,-8.49E-06
-81.5908,-8.48E-06
-81.5954,-8.48E-06
-81.6001,-8.47E-06
-81.6047,-8.47E-06
-81.6093,-8.46E-06
-81.6139,-8.45E-06
-81.6185,-8.45E-06
-81.6231,-8.44E-06
-81.6277,-8.43E-06
-81.6323,-8.43E-06
-81.6368,-8.42E-06
-81.6414,-8.42E-06
-81.646,-8.41E-06
-81.6505,-8.40E-06
-81.6551,-8.40E-06
-81.6596,-8.39E-06
-81.6642,-8.38E-06
-81.6687,-8.38E-06
-81.6733,-8.37E-06
-81.6778,-8.36E-06
-81.6823,-8.36E-06
-81.6868,-8.35E-06
-81.6914,-8.35E-06
-81.6959,-8.34E-06
-81.7004,-8.33E-06
-81.7049,-8.33E-06
-81.7094,-8.32E-06
-81.7138,-8.32E-06
-81.7183,-8.31E-06
-81.7228,-8.30E-06
-81.7273,-8.30E-06
-81.7317,-8.29E-06
-81.7362,-8.29E-06
-81.7407,-8.28E-06
-81.7451,-8.27E-06
-81.7496,-8.27E-06
-81.754,-8.26E-06
-81.7584,-8.26E-06
-81.7629,-8.25E-06
-81.7673,-8.24E-06
-81.7717,-8.24E-06
-81.7761,-8.23E-06
-81.7805,-8.23E-06
-81.7849,-8.22E-06
-81.7893,-8.21E-06
-81.7937,-8.21E-06
-81.7981,-8.20E-06
-81.8025,-8.20E-06
-81.8069,-8.19E-06
-81.8113,-8.18E-06
-81.8156,-8.18E-06
-81.82,-8.17E-06
-81.8244,-8.17E-06
-81.8287,-8.16E-06
-81.8331,-8.16E-06
-81.8374,-8.15E-06
-81.8417,-8.14E-06
-81.8461,-8.14E-06
-81.8504,-8.13E-06
-81.8547,-8.13E-06
-81.8591,-8.12E-06
-81.8634,-8.11E-06
-81.8677,-8.11E-06
-81.872,-8.10E-06
-81.8763,-8.10E-06
-81.8806,-8.09E-06
-81.8849,-8.09E-06
-81.8891,-8.08E-06
-81.8934,-8.08E-06
-81.8977,-8.07E-06
-81.902,-8.06E-06
-81.9062,-8.06E-06
-81.9105,-8.05E-06
-81.9147,-8.05E-06
-81.919,-8.04E-06
-81.9232,-8.04E-06
-81.9275,-8.03E-06
-81.9317,-8.02E-06
-81.9359,-8.02E-06
-81.9401,-8.01E-06
-81.9444,-8.01E-06
-81.9486,-8.00E-06
-81.9528,-8.00E-06
-81.957,-7.99E-06
-81.9612,-7.99E-06
-81.9654,-7.98E-06
-81.9696,-7.98E-06
-81.9738,-7.97E-06
-81.9779,-7.96E-06
-81.9821,-7.96E-06
-81.9863,-7.95E-06
-81.9904,-7.95E-06
-81.9946,-7.94E-06
-81.9988,-7.94E-06
-82.0029,-7.93E-06
-82.007,-7.93E-06
-82.0112,-7.92E-06
-82.0153,-7.92E-06
-82.0194,-7.91E-06
-82.0236,-7.91E-06
-82.0277,-7.90E-06
-82.0318,-7.89E-06
-82.0359,-7.89E-06
-82.04,-7.88E-06
-82.0441,-7.88E-06
-82.0482,-7.87E-06
-82.0523,-7.87E-06
-82.0564,-7.86E-06
-82.0605,-7.86E-06
-82.0646,-7.85E-06
-82.0686,-7.85E-06
-82.0727,-7.84E-06
-82.0768,-7.84E-06
-82.0808,-7.83E-06
-82.0849,-7.83E-06
-82.0889,-7.82E-06
-82.0929,-7.82E-06
-82.097,-7.81E-06
-82.101,-7.81E-06
-82.105,-7.80E-06
-82.1091,-7.80E-06
-82.1131,-7.79E-06
-82.1171,-7.79E-06
-82.1211,-7.78E-06
-82.1251,-7.78E-06
-82.1291,-7.77E-06
-82.1331,-7.76E-06
-82.1371,-7.76E-06
-82.1411,-7.75E-06
-82.1451,-7.75E-06
-82.149,-7.74E-06
-82.153,-7.74E-06
-82.157,-7.73E-06
-82.1609,-7.73E-06
-82.1649,-7.72E-06
-82.1689,-7.72E-06
-82.1728,-7.71E-06
-82.1767,-7.71E-06
-82.1807,-7.70E-06
-82.1846,-7.70E-06
-82.1885,-7.69E-06
-82.1925,-7.69E-06
-82.1964,-7.69E-06
-82.2003,-7.68E-06
-82.2042,-7.68E-06
-82.2081,-7.67E-06
-82.212,-7.67E-06
-82.2159,-7.66E-06
-82.2198,-7.66E-06
-82.2237,-7.65E-06
-82.2276,-7.65E-06
-82.2314,-7.64E-06
-82.2353,-7.64E-06
-82.2392,-7.63E-06
-82.2431,-7.63E-06
-82.2469,-7.62E-06
-82.2508,-7.62E-06
-82.2546,-7.61E-06
-82.2585,-7.61E-06
-82.2623,-7.60E-06
-82.2661,-7.60E-06
-82.27,-7.59E-06
-82.2738,-7.59E-06
-82.2776,-7.58E-06
-82.2814,-7.58E-06
-82.2852,-7.57E-06
-82.2891,-7.57E-06
-82.2929,-7.56E-06
-82.2967,-7.56E-06
-82.3005,-7.56E-06
-82.3042,-7.55E-06
-82.308,-7.55E-06
-82.3118,-7.54E-06
-82.3156,-7.54E-06
-82.3194,-7.53E-06
-82.3231,-7.53E-06
-82.3269,-7.52E-06
-82.3306,-7.52E-06
-82.3344,-7.51E-06
-82.3382,-7.51E-06
-82.3419,-7.50E-06
-82.3456,-7.50E-06
-82.3494,-7.50E-06
-82.3531,-7.49E-06
-82.3568,-7.49E-06
-82.3606,-7.48E-06
-82.3643,-7.48E-06
-82.368,-7.47E-06
-82.3717,-7.47E-06
-82.3754,-7.46E-06
-82.3791,-7.46E-06
-82.3828,-7.45E-06
-82.3865,-7.45E-06
-82.3902,-7.45E-06
-82.3939,-7.44E-06
-82.3975,-7.44E-06
-82.4012,-7.43E-06
-82.4049,-7.43E-06
-82.4085,-7.42E-06
-82.4122,-7.42E-06
-82.4159,-7.41E-06
-82.4195,-7.41E-06
-82.4232,-7.41E-06
-82.4268,-7.40E-06
-82.4304,-7.40E-06
-82.4341,-7.39E-06
-82.4377,-7.39E-06
-82.4413,-7.38E-06
-82.445,-7.38E-06
-82.4486,-7.37E-06
-82.4522,-7.37E-06
-82.4558,-7.37E-06
-82.4594,-7.36E-06
-82.463,-7.36E-06
-82.4666,-7.35E-06
-82.4702,-7.35E-06
-82.4738,-7.34E-06
-82.4773,-7.34E-06
-82.4809,-7.34E-06
-82.4845,-7.33E-06
-82.4881,-7.33E-06
-82.4916,-7.32E-06
-82.4952,-7.32E-06
-82.4987,-7.31E-06
-82.5023,-7.31E-06
-82.5058,-7.31E-06
-82.5094,-7.30E-06
-82.5129,-7.30E-06
-82.5165,-7.29E-06
-82.52,-7.29E-06
-82.5235,-7.29E-06
-82.527,-7.28E-06
-82.5306,-7.28E-06
-82.5341,-7.27E-06
-82.5376,-7.27E-06
-82.5411,-7.26E-06
-82.5446,-7.26E-06
-82.5481,-7.26E-06
-82.5516,-7.25E-06
-82.5551,-7.25E-06
-82.5585,-7.24E-06
-82.562,-7.24E-06
-82.5655,-7.24E-06
-82.569,-7.23E-06
-82.5724,-7.23E-06
-82.5759,-7.22E-06
-82.5794,-7.22E-06
-82.5828,-7.22E-06
-82.5863,-7.21E-06
-82.5897,-7.21E-06
-82.5932,-7.20E-06
